File: C:\MED-PC\Data\2025-03-13_12h44m_Subject 95.txt


Start Date: 03/13/25
End Date: 03/13/25
Subject: 95
Experiment: OralFentSA
Group: One
Box: 12
Start Time: 12:44:44
End Time: 15:44:47
MSN: 20241014_Golden_Liq_SelfAdmin
F:       0.000
G:    2558.000
H:   10800.000
I:       0.000
J:       0.000
K:       0.000
L:       0.000
M:       0.000
N:       0.000
O:       0.000
P:       0.000
Q:       0.000
R:       0.000
S:       0.000
U:       0.000
V:       0.000
W:       0.000
X:       0.000
Y:       0.000
Z:       0.000
A:
     0:        0.000        0.000      180.000        4.000        0.000
     5:        5.000        0.000        5.000        0.000        0.000
    10:        1.000        0.000       10.000  3000000.000       19.000
    15:        9.000      640.000        0.000        0.000        0.000
    20:        0.000
B:
     0:        0.000        0.000        0.000      400.000        0.000
     5:      500.000        0.000      500.000        0.000        0.000
    10:        0.000        0.000     1000.000 300000000.000        0.000
    15:        0.000        0.000        0.000        0.000        0.000
    20:        0.000
C:
     0:       18.000       19.000        2.000       21.000     2294.000
     5:     8892.890        1.000       18.000       78.670        4.371
    10:       21.000        2.000        0.000        0.000        0.000
    15:        0.000        0.000        0.000        0.000        0.000
    20:        0.000
D:
     0:        6.240        2.400        8.070       24.150       10.440
     5:        3.060        0.720        1.140        4.420        6.170
    10:        1.970        2.730        1.210        2.050        0.990
    15:        1.180        0.730        1.000
E:
     0:       19.000       11.000       26.000       27.000        6.000
     5:        1.000        2.000        4.000       22.000       24.000
    10:       12.000       13.000        8.000        5.000       17.000
    15:       18.000       14.000       10.000        6.000        6.000
    20:        6.000        6.000       19.000       11.000        6.000
    25:        6.000        6.000        6.000        6.000        2.000
    30:        4.000       22.000       24.000       12.000       13.000
    35:        8.000        5.000       17.000        6.000       18.000
    40:       14.000       10.000       19.000       11.000        6.000
    45:        6.000        2.000        4.000       22.000       24.000
    50:       12.000       13.000        8.000        5.000       17.000
    55:       18.000       14.000       10.000        6.000        6.000
    60:        6.000       19.000       11.000        6.000        6.000
    65:        6.000        6.000        6.000        6.000        6.000
    70:        6.000        6.000        6.000        6.000        6.000
    75:        6.000        6.000        6.000        6.000        6.000
    80:        6.000        6.000        6.000        6.000        6.000
    85:        6.000        6.000        6.000        6.000        6.000
    90:        6.000        6.000        6.000        6.000        6.000
    95:        6.000        6.000        6.000        6.000        2.000
   100:        4.000       22.000       24.000       12.000       13.000
   105:        8.000        5.000       17.000       21.000       22.000
   110:       18.000       14.000       10.000       19.000       11.000
   115:        6.000        6.000        6.000        6.000        2.000
   120:        4.000       22.000       24.000       12.000       13.000
   125:        8.000        5.000       17.000       18.000       14.000
   130:       10.000       19.000       11.000        6.000        6.000
   135:        6.000        6.000        6.000        6.000        6.000
   140:        6.000        6.000        6.000        6.000        6.000
   145:        6.000        6.000        6.000        6.000        6.000
   150:        6.000        6.000        6.000        6.000        6.000
   155:        6.000        6.000        6.000        6.000        6.000
   160:        6.000        6.000        6.000        6.000        6.000
   165:        6.000        6.000        6.000        6.000        6.000
   170:        6.000        6.000        6.000        6.000        6.000
   175:        6.000        6.000        6.000        6.000        6.000
   180:        6.000        6.000        6.000        6.000        6.000
   185:        6.000        6.000        6.000        6.000        6.000
   190:        6.000        6.000        6.000        6.000        6.000
   195:        6.000        6.000        6.000        6.000        6.000
   200:        6.000        6.000        6.000        6.000        6.000
   205:        6.000        6.000        6.000        6.000        6.000
   210:        6.000        6.000        6.000        6.000        6.000
   215:        6.000        6.000        6.000        6.000        6.000
   220:        6.000        6.000        6.000        6.000        6.000
   225:        6.000        6.000        6.000        6.000        6.000
   230:        6.000        6.000        6.000        6.000        6.000
   235:        6.000        6.000        6.000        6.000        6.000
   240:        6.000        6.000        6.000        6.000        6.000
   245:        6.000        6.000        6.000        6.000        6.000
   250:        6.000        6.000        6.000        6.000        6.000
   255:        6.000        6.000        6.000        6.000        6.000
   260:        6.000        6.000        6.000        6.000        6.000
   265:        6.000        6.000        6.000        6.000        6.000
   270:        6.000        6.000        6.000        6.000        6.000
   275:        6.000        6.000        6.000        6.000        6.000
   280:        6.000        6.000        6.000        6.000        6.000
   285:        6.000        6.000        6.000        6.000        6.000
   290:        6.000        6.000        6.000        6.000        6.000
   295:        6.000        6.000        6.000        6.000        6.000
   300:        6.000        6.000        6.000        6.000        6.000
   305:        6.000        6.000        6.000        6.000        6.000
   310:        6.000        6.000        6.000        6.000        6.000
   315:        6.000        6.000        6.000        6.000        6.000
   320:        6.000        6.000        6.000        6.000        6.000
   325:        6.000        6.000        6.000        6.000        6.000
   330:        6.000        6.000        6.000        6.000        6.000
   335:        2.000        4.000       22.000       24.000       12.000
   340:       13.000        8.000        5.000       17.000        6.000
   345:       18.000       14.000       10.000       19.000       11.000
   350:        6.000        6.000        6.000        6.000        6.000
   355:        6.000        6.000        6.000        2.000        4.000
   360:       22.000       24.000       12.000       13.000        8.000
   365:        5.000       17.000        6.000       18.000       14.000
   370:       10.000        6.000        6.000        6.000        6.000
   375:       19.000       11.000        6.000        6.000        6.000
   380:        6.000        6.000        6.000        6.000        6.000
   385:        6.000        6.000        6.000        6.000        6.000
   390:        6.000        6.000        6.000        6.000        6.000
   395:        6.000        6.000        6.000        6.000        6.000
   400:        6.000        6.000        6.000        6.000        6.000
   405:        6.000        6.000        6.000        6.000        6.000
   410:        6.000        6.000        6.000        6.000        6.000
   415:        6.000        6.000        6.000        6.000        6.000
   420:        6.000        6.000        6.000        6.000        6.000
   425:        6.000        6.000        6.000        6.000        6.000
   430:        6.000        6.000        6.000        6.000        6.000
   435:        6.000        6.000        6.000        6.000        6.000
   440:        6.000        6.000        6.000        6.000        6.000
   445:        6.000        6.000        6.000        6.000        6.000
   450:        6.000        6.000        6.000        6.000        6.000
   455:        6.000        6.000        6.000        6.000        6.000
   460:        6.000        6.000        6.000        6.000        6.000
   465:        6.000        6.000        6.000        6.000        6.000
   470:        6.000        6.000        6.000        6.000        6.000
   475:        6.000        6.000        6.000        6.000        6.000
   480:        6.000        6.000        6.000        6.000        6.000
   485:        6.000        6.000        6.000        6.000        6.000
   490:        6.000        6.000        6.000        6.000        6.000
   495:        6.000        6.000        6.000        6.000        6.000
   500:        6.000        6.000        6.000        6.000        6.000
   505:        6.000        6.000        6.000        6.000        6.000
   510:        6.000        6.000        6.000        6.000        6.000
   515:        6.000        6.000        6.000        6.000        6.000
   520:        6.000        6.000        6.000        6.000        6.000
   525:        6.000        6.000        6.000        6.000        6.000
   530:        6.000        6.000        6.000        6.000        6.000
   535:        6.000        6.000        6.000        6.000        6.000
   540:        6.000        6.000        6.000        6.000        6.000
   545:        6.000        6.000        6.000        6.000        6.000
   550:        6.000        6.000        6.000        6.000        6.000
   555:        6.000        6.000        6.000        6.000        6.000
   560:        6.000        6.000        6.000        6.000        6.000
   565:        6.000        6.000        6.000        6.000        6.000
   570:        6.000        6.000        6.000        6.000        6.000
   575:        6.000        6.000        6.000        6.000        6.000
   580:        6.000        6.000        6.000        6.000        6.000
   585:        6.000        6.000        6.000        6.000        6.000
   590:        6.000        6.000        6.000        6.000        6.000
   595:        6.000        6.000        6.000        6.000        6.000
   600:        6.000        6.000        6.000        6.000        6.000
   605:        6.000        6.000        6.000        6.000        6.000
   610:        6.000        6.000        6.000        6.000        6.000
   615:        6.000        6.000        6.000        6.000        6.000
   620:        6.000        6.000        6.000        6.000        6.000
   625:        6.000        6.000        6.000        6.000        6.000
   630:        6.000        6.000        6.000        6.000        6.000
   635:        6.000        6.000        6.000        6.000        6.000
   640:        6.000        6.000        6.000        6.000        6.000
   645:        6.000        6.000        6.000        6.000        6.000
   650:        6.000        6.000        6.000        6.000        6.000
   655:        6.000        6.000        6.000        6.000        6.000
   660:        6.000        6.000        6.000        6.000        6.000
   665:        6.000        6.000        6.000        6.000        6.000
   670:        6.000        6.000        6.000        6.000        6.000
   675:        6.000        6.000        6.000        6.000        6.000
   680:        6.000        6.000        6.000        6.000        6.000
   685:        6.000        6.000        6.000        6.000        6.000
   690:        6.000        6.000        6.000        6.000        6.000
   695:        6.000        6.000        6.000        6.000        6.000
   700:        6.000        6.000        6.000        6.000        6.000
   705:        6.000        6.000        6.000        6.000        6.000
   710:        6.000        6.000        6.000        6.000        6.000
   715:        6.000        6.000        6.000        6.000        6.000
   720:        6.000        6.000        6.000        6.000        6.000
   725:        6.000        6.000        6.000        6.000        6.000
   730:        6.000        6.000        6.000        6.000        6.000
   735:        6.000        6.000        6.000        6.000        6.000
   740:        6.000        6.000        6.000        6.000        6.000
   745:        6.000        6.000        6.000        6.000        6.000
   750:        6.000        6.000        6.000        6.000        6.000
   755:        6.000        6.000        6.000        6.000        6.000
   760:        6.000        6.000        6.000        6.000        6.000
   765:        6.000        6.000        6.000        6.000        6.000
   770:        6.000        6.000        6.000        6.000        6.000
   775:        6.000        6.000        6.000        6.000        6.000
   780:        6.000        6.000        6.000        6.000        6.000
   785:        6.000        6.000        6.000        6.000        6.000
   790:        6.000        6.000        6.000        6.000        6.000
   795:        6.000        6.000        6.000        6.000        6.000
   800:        6.000        6.000        6.000        6.000        6.000
   805:        6.000        6.000        6.000        6.000        6.000
   810:        6.000        6.000        6.000        6.000        6.000
   815:        6.000        6.000        6.000        6.000        6.000
   820:        6.000        6.000        6.000        6.000        6.000
   825:        6.000        6.000        6.000        6.000        6.000
   830:        6.000        6.000        6.000        6.000        6.000
   835:        6.000        6.000        6.000        6.000        6.000
   840:        6.000        6.000        6.000        6.000        6.000
   845:        6.000        6.000        6.000        6.000        6.000
   850:        6.000        6.000        6.000        6.000        6.000
   855:        6.000        6.000        6.000        6.000        6.000
   860:        6.000        6.000        6.000        6.000        6.000
   865:        6.000        6.000        6.000        6.000        6.000
   870:        6.000        6.000        6.000        6.000        6.000
   875:        6.000        6.000        6.000        6.000        6.000
   880:        6.000        6.000        6.000        6.000        6.000
   885:        6.000        6.000        6.000        6.000        6.000
   890:        6.000        6.000        6.000        6.000        6.000
   895:        6.000        6.000        6.000        6.000        6.000
   900:        6.000        6.000        6.000        6.000        6.000
   905:        6.000        6.000        6.000        6.000        6.000
   910:        6.000        6.000        6.000        6.000        6.000
   915:        6.000        6.000        6.000        6.000        6.000
   920:        6.000        6.000        6.000        6.000        6.000
   925:        6.000        6.000        6.000        6.000        6.000
   930:        6.000        6.000        6.000        6.000        6.000
   935:        6.000        6.000        6.000        6.000        6.000
   940:        6.000        6.000        6.000        6.000        6.000
   945:        6.000        6.000        6.000        6.000        6.000
   950:        6.000        6.000        6.000        6.000        6.000
   955:        6.000        6.000        6.000        6.000        6.000
   960:        6.000        6.000        6.000        6.000        6.000
   965:        6.000        6.000        6.000        6.000        6.000
   970:        6.000        6.000        6.000        6.000        6.000
   975:        6.000        6.000        6.000        6.000        6.000
   980:        6.000        6.000        6.000        6.000        6.000
   985:        6.000        6.000        6.000        6.000        6.000
   990:        6.000        6.000        6.000        6.000        6.000
   995:        6.000        6.000        6.000        6.000        6.000
  1000:        6.000        6.000        6.000        6.000        6.000
  1005:        6.000        6.000        6.000        6.000        6.000
  1010:        6.000        6.000        6.000        6.000        6.000
  1015:        6.000        6.000        6.000        6.000        6.000
  1020:        6.000        6.000        6.000        6.000        6.000
  1025:        6.000        6.000        6.000        6.000        6.000
  1030:        6.000        6.000        6.000        6.000        6.000
  1035:        6.000        6.000        6.000        6.000        6.000
  1040:        6.000        6.000        6.000        6.000        6.000
  1045:        6.000        6.000        6.000        6.000        6.000
  1050:        6.000        6.000        6.000        6.000        6.000
  1055:        6.000        6.000        6.000        6.000        6.000
  1060:        6.000        6.000        6.000        6.000        6.000
  1065:        6.000        6.000        6.000        6.000        6.000
  1070:        6.000        6.000        6.000        6.000        6.000
  1075:        6.000        6.000        6.000        6.000        6.000
  1080:        6.000        6.000        6.000        6.000        6.000
  1085:        6.000        6.000        6.000        6.000        6.000
  1090:        6.000        6.000        6.000        6.000        6.000
  1095:        6.000        6.000        6.000        6.000        6.000
  1100:        6.000        6.000        6.000        6.000        6.000
  1105:        6.000        6.000        6.000        6.000        6.000
  1110:        6.000        6.000        6.000        6.000        6.000
  1115:        6.000        6.000        6.000        6.000        6.000
  1120:        6.000        6.000        6.000        6.000        6.000
  1125:        6.000        6.000        6.000        6.000        6.000
  1130:        6.000        6.000        6.000        6.000        6.000
  1135:        6.000        6.000        6.000        6.000        6.000
  1140:        6.000        6.000        6.000        6.000        6.000
  1145:        6.000        6.000        6.000        6.000        6.000
  1150:        6.000        6.000        6.000        6.000        6.000
  1155:        6.000        6.000        6.000        6.000        6.000
  1160:        6.000        6.000        6.000        6.000        6.000
  1165:        2.000        4.000       22.000       24.000       12.000
  1170:       13.000        8.000        5.000       17.000        6.000
  1175:        6.000       18.000       14.000       10.000        6.000
  1180:        6.000       19.000       11.000        6.000        6.000
  1185:        6.000        6.000        6.000        6.000        6.000
  1190:        6.000        6.000        6.000        6.000        6.000
  1195:        6.000        6.000        6.000        6.000        6.000
  1200:        6.000        6.000        6.000        6.000        6.000
  1205:        6.000        6.000        6.000        6.000        6.000
  1210:        6.000        6.000        6.000        6.000        6.000
  1215:        6.000        6.000        6.000        6.000        6.000
  1220:        6.000        6.000        6.000        6.000        6.000
  1225:        6.000        6.000        6.000        6.000        6.000
  1230:        6.000        6.000        6.000        6.000        6.000
  1235:        6.000        6.000        6.000        6.000        6.000
  1240:        6.000        6.000        6.000        6.000        6.000
  1245:        6.000        6.000        6.000        6.000        6.000
  1250:        6.000        6.000        6.000        6.000        6.000
  1255:        6.000        6.000        6.000        6.000        6.000
  1260:        6.000        6.000        6.000        6.000        6.000
  1265:        6.000        6.000        6.000        6.000        6.000
  1270:        6.000        6.000        6.000        6.000        6.000
  1275:        6.000        6.000        6.000        6.000        6.000
  1280:        6.000        6.000        6.000        6.000        6.000
  1285:        6.000        6.000        6.000        6.000        6.000
  1290:        6.000        6.000        6.000        6.000        6.000
  1295:        6.000        6.000        6.000        6.000        6.000
  1300:        6.000        6.000        6.000        6.000        6.000
  1305:        6.000        6.000        6.000        6.000        6.000
  1310:        6.000        6.000        6.000        6.000        6.000
  1315:        6.000        6.000        6.000        6.000        6.000
  1320:        6.000        6.000        2.000        4.000       22.000
  1325:       24.000       12.000       13.000        8.000        5.000
  1330:       17.000       21.000       22.000       18.000        6.000
  1335:       14.000       10.000       19.000       11.000        6.000
  1340:        6.000        6.000        6.000        6.000        6.000
  1345:        6.000        6.000        6.000        6.000        6.000
  1350:        6.000        6.000        6.000        6.000        6.000
  1355:        6.000        6.000        6.000        6.000        6.000
  1360:        6.000        6.000        6.000        6.000        6.000
  1365:        6.000        6.000        6.000        6.000        6.000
  1370:        6.000        2.000        4.000       22.000       24.000
  1375:       12.000       13.000        8.000        5.000       17.000
  1380:       18.000       14.000       10.000        6.000       19.000
  1385:       11.000        6.000        6.000        6.000        6.000
  1390:        6.000        6.000        6.000        6.000        6.000
  1395:        6.000        6.000        6.000        6.000        6.000
  1400:        6.000        6.000        6.000        6.000        6.000
  1405:        6.000        6.000        6.000        6.000        6.000
  1410:        6.000        6.000        6.000        6.000        6.000
  1415:        6.000        6.000        6.000        6.000        6.000
  1420:        6.000        2.000        4.000       22.000       24.000
  1425:       12.000       13.000        8.000        5.000       17.000
  1430:        6.000       18.000       14.000       10.000       19.000
  1435:       11.000        6.000        6.000        6.000        6.000
  1440:        6.000        6.000        6.000        6.000        6.000
  1445:        6.000        6.000        6.000        6.000        6.000
  1450:        6.000        6.000        6.000        6.000        6.000
  1455:        6.000        6.000        6.000        6.000        6.000
  1460:        6.000        6.000        6.000        6.000        6.000
  1465:        6.000        6.000        6.000        6.000        6.000
  1470:        6.000        6.000        6.000        6.000        6.000
  1475:        6.000        6.000        6.000        6.000        6.000
  1480:        6.000        6.000        6.000        6.000        6.000
  1485:        6.000        6.000        6.000        6.000        6.000
  1490:        6.000        6.000        6.000        6.000        6.000
  1495:        6.000        6.000        6.000        6.000        6.000
  1500:        6.000        6.000        6.000        6.000        6.000
  1505:        6.000        6.000        6.000        6.000        6.000
  1510:        6.000        6.000        6.000        6.000        6.000
  1515:        6.000        6.000        6.000        6.000        6.000
  1520:        6.000        6.000        6.000        6.000        6.000
  1525:        6.000        6.000        6.000        6.000        6.000
  1530:        6.000        6.000        6.000        6.000        6.000
  1535:        6.000        6.000        6.000        6.000        6.000
  1540:        6.000        6.000        6.000        6.000        6.000
  1545:        6.000        6.000        6.000        6.000        6.000
  1550:        6.000        6.000        6.000        6.000        6.000
  1555:        6.000        6.000        6.000        6.000        6.000
  1560:        6.000        6.000        6.000        6.000        6.000
  1565:        6.000        6.000        6.000        6.000        6.000
  1570:        6.000        6.000        6.000        6.000        6.000
  1575:        6.000        6.000        6.000        6.000        6.000
  1580:        6.000        6.000        6.000        6.000        6.000
  1585:        6.000        6.000        6.000        6.000        6.000
  1590:        6.000        6.000        6.000        6.000        6.000
  1595:        6.000        6.000        6.000        6.000        6.000
  1600:        6.000        6.000        6.000        6.000        6.000
  1605:        6.000        6.000        6.000        6.000        6.000
  1610:        6.000        6.000        6.000        6.000        6.000
  1615:        2.000        4.000       22.000       24.000       12.000
  1620:       13.000        8.000        5.000       17.000       21.000
  1625:       22.000        6.000       18.000       14.000       10.000
  1630:        6.000        6.000       19.000       11.000        6.000
  1635:        6.000        6.000        2.000        4.000       22.000
  1640:       24.000       12.000       13.000        8.000        5.000
  1645:       17.000        6.000       18.000       14.000       10.000
  1650:       19.000       11.000        6.000        6.000        6.000
  1655:        6.000        6.000        6.000        6.000        6.000
  1660:        6.000        6.000        6.000        6.000        6.000
  1665:        6.000        6.000        6.000        6.000        6.000
  1670:        6.000        2.000        4.000       22.000       24.000
  1675:       12.000       13.000        8.000        5.000       17.000
  1680:        6.000        6.000        6.000        6.000        6.000
  1685:       18.000       14.000       10.000        6.000        6.000
  1690:       19.000       11.000        6.000        6.000        6.000
  1695:        6.000        6.000        6.000        6.000        6.000
  1700:        6.000        6.000        6.000        6.000        6.000
  1705:        6.000        6.000        6.000        6.000        6.000
  1710:        6.000        6.000        6.000        6.000        6.000
  1715:        6.000        6.000        6.000        2.000        4.000
  1720:       22.000       24.000       12.000       13.000        8.000
  1725:        5.000       17.000        6.000       18.000       14.000
  1730:       10.000       19.000       11.000        6.000        6.000
  1735:        6.000        6.000        6.000        6.000        6.000
  1740:        6.000        6.000        6.000        6.000        6.000
  1745:        6.000        6.000        6.000        6.000        6.000
  1750:        6.000        6.000        6.000        6.000        6.000
  1755:        6.000        6.000        6.000        6.000        6.000
  1760:        6.000        6.000        6.000        6.000        6.000
  1765:        6.000        6.000        6.000        6.000        6.000
  1770:        6.000        6.000        6.000        6.000        6.000
  1775:        6.000        6.000        6.000        6.000        6.000
  1780:        6.000        6.000        6.000        6.000        6.000
  1785:        6.000        6.000        6.000        6.000        6.000
  1790:        6.000        6.000        6.000        6.000        6.000
  1795:        6.000        6.000        6.000        6.000        6.000
  1800:        6.000        6.000        6.000        6.000        6.000
  1805:        6.000        6.000        6.000        6.000        6.000
  1810:        6.000        6.000        6.000        6.000        6.000
  1815:        6.000        6.000        6.000        6.000        6.000
  1820:        6.000        6.000        2.000        4.000       22.000
  1825:       24.000       12.000       13.000        8.000        5.000
  1830:       17.000        6.000        6.000        6.000        6.000
  1835:        6.000       18.000       14.000       10.000       19.000
  1840:       11.000        6.000        6.000        6.000        6.000
  1845:        6.000        2.000        4.000       22.000       24.000
  1850:       12.000       13.000        8.000        5.000       17.000
  1855:        6.000       18.000       14.000       10.000        6.000
  1860:        6.000       19.000       11.000        6.000        6.000
  1865:        1.000        6.000        6.000        6.000        6.000
  1870:        6.000        6.000        6.000        6.000        6.000
  1875:        6.000        6.000        2.000        4.000       22.000
  1880:       24.000       12.000       13.000        8.000        5.000
  1885:       17.000        6.000        6.000       18.000       14.000
  1890:       10.000        6.000        6.000        6.000        6.000
  1895:        6.000        6.000       19.000       11.000        6.000
  1900:        6.000        6.000        6.000        6.000        6.000
  1905:        6.000        6.000        6.000        6.000        6.000
  1910:        6.000        6.000        6.000        6.000        6.000
  1915:        6.000        6.000        6.000        6.000        6.000
  1920:        6.000        6.000        6.000        6.000        6.000
  1925:        6.000        6.000        6.000        6.000        6.000
  1930:        6.000        6.000        6.000        6.000        6.000
  1935:        6.000        6.000        6.000        6.000        6.000
  1940:        6.000        6.000        6.000        6.000        6.000
  1945:        6.000        6.000        6.000        6.000        6.000
  1950:        6.000        6.000        6.000        6.000        6.000
  1955:        6.000        6.000        6.000        6.000        6.000
  1960:        6.000        6.000        6.000        6.000        6.000
  1965:        6.000        6.000        6.000        6.000        6.000
  1970:        6.000        6.000        6.000        6.000        6.000
  1975:        6.000        6.000        6.000        6.000        6.000
  1980:        6.000        6.000        6.000        6.000        6.000
  1985:        6.000        6.000        6.000        6.000        6.000
  1990:        6.000        6.000        6.000        6.000        6.000
  1995:        6.000        6.000        6.000        6.000        6.000
  2000:        6.000        6.000        6.000        6.000        6.000
  2005:        6.000        6.000        6.000        6.000        6.000
  2010:        6.000        6.000        6.000        6.000        6.000
  2015:        6.000        6.000        6.000        6.000        6.000
  2020:        6.000        6.000        6.000        6.000        6.000
  2025:        6.000        6.000        6.000        6.000        6.000
  2030:        6.000        6.000        6.000        6.000        6.000
  2035:        6.000        6.000        6.000        6.000        6.000
  2040:        6.000        6.000        6.000        6.000        6.000
  2045:        6.000        6.000        6.000        6.000        6.000
  2050:        6.000        6.000        6.000        6.000        6.000
  2055:        6.000        6.000        6.000        6.000        6.000
  2060:        6.000        6.000        6.000        6.000        6.000
  2065:        6.000        6.000        6.000        6.000        6.000
  2070:        6.000        6.000        6.000        6.000        6.000
  2075:        6.000        6.000        6.000        6.000        6.000
  2080:        6.000        6.000        6.000        6.000        6.000
  2085:        6.000        6.000        6.000        6.000        6.000
  2090:        6.000        6.000        6.000        6.000        6.000
  2095:        6.000        6.000        6.000        6.000        6.000
  2100:        6.000        6.000        6.000        6.000        6.000
  2105:        6.000        6.000        6.000        6.000        6.000
  2110:        6.000        6.000        6.000        6.000        6.000
  2115:        6.000        6.000        6.000        6.000        6.000
  2120:        6.000        6.000        6.000        6.000        6.000
  2125:        6.000        6.000        6.000        6.000        6.000
  2130:        6.000        6.000        6.000        6.000        6.000
  2135:        6.000        6.000        6.000        6.000        6.000
  2140:        6.000        6.000        6.000        6.000        6.000
  2145:        6.000        6.000        6.000        6.000        6.000
  2150:        6.000        6.000        6.000        6.000        6.000
  2155:        6.000        6.000        6.000        6.000        6.000
  2160:        6.000        6.000        6.000        6.000        6.000
  2165:        6.000        6.000        6.000        6.000        6.000
  2170:        6.000        6.000        6.000        6.000        6.000
  2175:        6.000        6.000        6.000        6.000        6.000
  2180:        6.000        6.000        6.000        6.000        6.000
  2185:        6.000        6.000        6.000        6.000        6.000
  2190:        6.000        6.000        6.000        6.000        6.000
  2195:        6.000        6.000        6.000        6.000        6.000
  2200:        6.000        6.000        6.000        6.000        6.000
  2205:        6.000        6.000        6.000        6.000        6.000
  2210:        6.000        6.000        6.000        6.000        6.000
  2215:        6.000        6.000        6.000        6.000        6.000
  2220:        6.000        6.000        6.000        6.000        6.000
  2225:        6.000        6.000        6.000        6.000        6.000
  2230:        6.000        6.000        6.000        6.000        6.000
  2235:        6.000        6.000        6.000        6.000        6.000
  2240:        6.000        6.000        6.000        6.000        6.000
  2245:        6.000        6.000        6.000        6.000        6.000
  2250:        6.000        6.000        6.000        6.000        6.000
  2255:        6.000        6.000        6.000        6.000        6.000
  2260:        6.000        6.000        6.000        6.000        6.000
  2265:        6.000        6.000        6.000        6.000        6.000
  2270:        6.000        6.000        6.000        6.000        6.000
  2275:        6.000        6.000        6.000        6.000        6.000
  2280:        6.000        6.000        6.000        6.000        6.000
  2285:        6.000        6.000        6.000        6.000        6.000
  2290:        6.000        6.000        6.000        6.000        6.000
  2295:        6.000        6.000        6.000        6.000        6.000
  2300:        6.000        6.000        6.000        6.000        6.000
  2305:        6.000        6.000        6.000        6.000        6.000
  2310:        6.000        6.000        6.000        6.000        6.000
  2315:        6.000        6.000        6.000        6.000        6.000
  2320:        6.000        6.000        6.000        6.000        6.000
  2325:        6.000        6.000        6.000        6.000        6.000
  2330:        6.000        6.000        6.000        6.000        6.000
  2335:        6.000        6.000        6.000        6.000        6.000
  2340:        6.000        6.000        6.000        6.000        6.000
  2345:        6.000        6.000        6.000        6.000        6.000
  2350:        6.000        6.000        6.000        6.000        6.000
  2355:        6.000        6.000        6.000        6.000        6.000
  2360:        6.000        6.000        6.000        6.000        6.000
  2365:        6.000        6.000        6.000        6.000        6.000
  2370:        6.000        6.000        6.000        6.000        6.000
  2375:        6.000        6.000        6.000        6.000        6.000
  2380:        6.000        6.000        6.000        6.000        6.000
  2385:        6.000        6.000        6.000        6.000        6.000
  2390:        6.000        6.000        6.000        6.000        6.000
  2395:        6.000        6.000        6.000        6.000        6.000
  2400:        6.000        6.000        6.000        6.000        6.000
  2405:        6.000        6.000        6.000        6.000        6.000
  2410:        6.000        6.000        6.000        6.000        6.000
  2415:        6.000        6.000        6.000        6.000        6.000
  2420:        6.000        6.000        6.000        6.000        6.000
  2425:        6.000        6.000        6.000        6.000        6.000
  2430:        6.000        6.000        6.000        6.000        6.000
  2435:        6.000        6.000        6.000        6.000        6.000
  2440:        6.000        6.000        6.000        6.000        6.000
  2445:        6.000        6.000        6.000        6.000        6.000
  2450:        6.000        6.000        6.000        6.000        6.000
  2455:        6.000        6.000        6.000        6.000        6.000
  2460:        6.000        6.000        6.000        6.000        6.000
  2465:        6.000        6.000        6.000        6.000        6.000
  2470:        6.000        6.000        6.000        6.000        6.000
  2475:        6.000        6.000        6.000        6.000        6.000
  2480:        6.000        6.000        6.000        6.000        6.000
  2485:        6.000        6.000        6.000        6.000        6.000
  2490:        6.000        6.000        6.000        6.000        6.000
  2495:        6.000        6.000        6.000        6.000        6.000
  2500:        6.000        6.000        6.000        6.000        6.000
  2505:        6.000        6.000        6.000        6.000        6.000
  2510:        6.000        6.000        6.000        6.000        6.000
  2515:        6.000        6.000        6.000        6.000        6.000
  2520:        6.000        6.000        6.000        6.000        6.000
  2525:        6.000        6.000        6.000        6.000        6.000
  2530:        6.000        6.000        6.000        6.000        6.000
  2535:        6.000        6.000        6.000        6.000        6.000
  2540:        6.000        6.000        6.000        6.000        6.000
  2545:        6.000        6.000        6.000        6.000        6.000
  2550:        6.000        6.000        6.000        6.000        6.000
  2555:        6.000        6.000        6.000      100.000
T:
     0:        0.000        0.000        0.000        0.000       26.660
     5:       45.250       65.140       65.140       65.140       65.150
    10:       65.150       65.150       65.150       65.150       65.150
    15:       69.150       70.150       70.150       71.390       71.500
    20:       72.950       73.010       75.140       75.150      145.020
    25:      145.870      145.930      146.070      146.430      148.820
    30:      148.820      148.820      148.830      148.830      148.830
    35:      148.830      148.830      148.830      151.230      152.830
    40:      153.830      153.830      158.820      158.830      178.500
    45:      194.770      238.660      238.660      238.660      238.670
    50:      238.670      238.670      238.670      238.670      238.670
    55:      242.670      243.670      243.670      246.740      246.940
    60:      247.150      248.660      248.670      250.800      251.290
    65:      251.390      251.570      252.190      254.290      254.370
    70:      254.790      255.360      258.440      259.600      261.810
    75:      261.840      261.940      263.480      264.200      268.180
    80:      268.670      268.980      269.080      269.380      269.470
    85:      270.020      270.400      270.730      274.150      274.200
    90:      274.710      280.820      283.160      295.290      319.190
    95:      352.180      352.590      352.730      356.830      359.250
   100:      359.250      359.250      359.260      359.260      359.260
   105:      359.260      359.260      359.260      360.610      360.610
   110:      363.260      364.260      364.260      369.250      369.260
   115:      383.410      385.120      385.230      420.880      507.640
   120:      507.640      507.640      507.650      507.650      507.650
   125:      507.650      507.650      507.650      511.650      512.650
   130:      512.650      517.640      517.650      518.090      584.460
   135:      585.410      587.040      591.610      592.070      594.500
   140:      594.620      594.810      595.190      595.420      629.350
   145:      712.560      713.600      738.460      743.800      744.050
   150:      746.960      747.600      749.690      892.720      909.950
   155:      910.650      926.490      938.320      938.580      938.840
   160:      939.420      939.540      940.070      940.100      940.200
   165:      940.360      940.580      940.610      940.740      940.930
   170:      941.180      941.230      941.320      941.340      943.600
   175:      946.080      998.850      999.120     1038.700     1252.450
   180:     1266.460     1268.150     1269.350     1269.370     1270.260
   185:     1270.770     1272.700     1275.390     1276.190     1276.250
   190:     1289.400     1289.840     1291.180     1291.350     1292.630
   195:     1294.840     1295.000     1296.820     1296.940     1297.190
   200:     1297.700     1297.800     1297.870     1298.460     1298.660
   205:     1302.620     1306.760     1307.860     1308.140     1308.490
   210:     1309.230     1309.440     1311.640     1311.950     1312.270
   215:     1314.330     1314.380     1314.620     1314.710     1314.830
   220:     1315.670     1316.620     1319.930     1320.560     1323.250
   225:     1323.350     1323.640     1323.800     1324.100     1324.230
   230:     1324.970     1325.160     1327.300     1327.930     1328.340
   235:     1329.100     1333.380     1334.160     1336.640     1337.760
   240:     1340.360     1340.550     1347.460     1347.720     1348.330
   245:     1348.740     1349.490     1349.940     1350.340     1350.380
   250:     1350.640     1350.700     1351.380     1354.640     1354.800
   255:     1354.870     1354.960     1358.020     1368.560     1368.800
   260:     1369.080     1369.180     1373.450     1420.850     1423.140
   265:     1424.070     1425.020     1425.310     1425.560     1432.150
   270:     1432.630     1465.190     1505.480     1506.080     1564.780
   275:     1570.920     1713.660     2095.510     2095.840     2096.360
   280:     2096.630     2097.070     2097.190     2097.560     2114.890
   285:     2115.550     2115.640     2116.190     2116.590     2117.710
   290:     2117.900     2118.070     2119.500     2120.260     2121.190
   295:     2122.310     2123.780     2124.310     2126.320     2127.210
   300:     2127.650     2128.780     2136.970     2341.990     2342.510
   305:     2345.730     2351.830     2352.430     2353.680     2355.060
   310:     2355.740     2356.450     2356.940     2359.060     2359.820
   315:     2359.900     2369.690     2369.880     2384.320     2393.720
   320:     2480.890     2481.450     2485.590     2486.230     2486.420
   325:     2486.520     2486.580     2487.180     2489.010     2489.030
   330:     2491.430     2491.580     2492.230     2492.370     2492.810
   335:     2499.740     2499.740     2499.740     2499.750     2499.750
   340:     2499.750     2499.750     2499.750     2499.750     2502.810
   345:     2503.750     2504.750     2504.750     2509.740     2509.750
   350:     2515.540     2517.470     2517.970     2518.000     2531.470
   355:     2534.420     2535.850     2536.160     2540.330     2540.330
   360:     2540.330     2540.340     2540.340     2540.340     2540.340
   365:     2540.340     2540.340     2541.060     2544.340     2545.340
   370:     2545.340     2546.900     2547.160     2547.260     2550.060
   375:     2550.330     2550.340     2554.990     2557.660     2560.070
   380:     2564.770     2568.720     2577.940     2582.310     2587.870
   385:     2594.050     2605.580     2605.660     2622.150     2622.990
   390:     2623.060     2623.130     2623.210     2626.630     2629.080
   395:     2636.240     2637.840     2638.510     2638.560     2641.090
   400:     2645.290     2658.690     2658.990     2663.560     2668.720
   405:     2708.180     2709.120     2714.010     2722.380     2743.290
   410:     2743.600     2743.830     2744.060     2762.690     2768.150
   415:     2769.510     2769.790     2770.170     2770.820     2771.410
   420:     2773.590     2773.890     2774.520     2775.340     2775.680
   425:     2776.230     2780.700     2789.160     2795.230     2800.700
   430:     2801.150     2801.580     2802.490     2803.050     2804.230
   435:     2808.100     2814.020     2821.540     2845.690     2846.400
   440:     2846.760     2848.410     2848.720     2849.360     2851.870
   445:     2860.150     2863.920     2865.640     2870.180     2871.030
   450:     2871.100     2873.230     2873.570     2873.740     2881.610
   455:     2884.600     2885.090     2885.640     2886.290     2886.540
   460:     2902.830     2903.150     2905.510     2905.690     2905.990
   465:     2906.380     2909.390     2909.440     2909.660     2910.970
   470:     2911.010     2911.360     2911.910     2912.190     2912.610
   475:     2914.730     2917.030     2920.210     2923.460     2924.150
   480:     2924.470     2924.720     2926.090     2926.230     2929.910
   485:     2930.770     2930.950     2931.410     2933.350     2933.590
   490:     2942.450     2947.600     2947.830     2948.060     2948.570
   495:     2948.670     2948.710     2949.310     2949.770     2950.080
   500:     2952.530     2955.440     2958.360     2958.820     2959.290
   505:     2959.600     2960.000     2960.270     2963.370     2963.810
   510:     2964.120     2967.530     2967.740     2970.720     2975.940
   515:     2980.820     2981.750     2981.830     2983.030     2983.970
   520:     2984.830     2987.700     2988.100     2988.790     2988.910
   525:     2990.610     2993.300     2993.410     2994.540     2994.740
   530:     2995.170     2996.470     2996.850     2996.870     2998.200
   535:     2998.790     2998.970     3002.180     3004.920     3005.180
   540:     3005.500     3005.780     3007.020     3007.330     3007.450
   545:     3007.560     3011.020     3012.240     3012.410     3015.410
   550:     3019.000     3030.610     3031.310     3031.720     3034.520
   555:     3039.120     3049.850     3054.030     3057.640     3057.930
   560:     3058.390     3059.300     3059.720     3069.090     3069.490
   565:     3070.450     3070.680     3071.060     3071.250     3072.100
   570:     3072.490     3072.580     3072.650     3076.640     3077.000
   575:     3077.300     3082.670     3084.390     3084.630     3084.880
   580:     3084.980     3087.130     3088.360     3095.490     3095.850
   585:     3095.870     3114.080     3118.720     3121.820     3125.410
   590:     3125.650     3126.070     3126.750     3127.320     3131.120
   595:     3131.530     3132.440     3133.010     3133.210     3133.360
   600:     3133.840     3137.360     3137.460     3138.030     3141.330
   605:     3141.500     3141.870     3142.080     3142.890     3143.340
   610:     3143.800     3143.850     3144.710     3145.580     3145.650
   615:     3146.380     3146.550     3147.000     3147.210     3147.490
   620:     3147.630     3147.660     3147.770     3154.210     3155.760
   625:     3157.030     3163.560     3164.140     3165.670     3165.970
   630:     3166.630     3166.880     3168.650     3170.220     3170.510
   635:     3172.670     3173.310     3173.790     3174.340     3174.510
   640:     3175.300     3178.350     3179.810     3180.150     3180.340
   645:     3180.490     3181.830     3182.970     3183.930     3184.030
   650:     3184.230     3191.590     3192.030     3192.410     3196.450
   655:     3196.680     3196.780     3197.760     3198.030     3199.060
   660:     3199.340     3199.620     3200.140     3202.900     3204.340
   665:     3204.600     3204.710     3205.320     3205.520     3209.900
   670:     3210.680     3215.790     3216.210     3216.750     3216.920
   675:     3217.200     3217.570     3217.990     3218.340     3218.470
   680:     3218.660     3218.820     3219.870     3219.920     3219.960
   685:     3221.300     3221.760     3223.230     3223.380     3223.560
   690:     3223.630     3224.130     3224.170     3226.020     3226.110
   695:     3226.280     3227.430     3227.760     3227.940     3231.390
   700:     3233.240     3233.470     3233.660     3234.220     3237.410
   705:     3237.830     3238.960     3240.700     3243.240     3246.340
   710:     3246.800     3248.140     3249.230     3250.850     3251.120
   715:     3252.990     3253.070     3253.120     3253.350     3253.660
   720:     3254.260     3254.420     3254.730     3256.270     3257.240
   725:     3259.740     3263.030     3263.320     3264.080     3264.200
   730:     3264.700     3267.380     3268.500     3268.560     3268.700
   735:     3269.050     3270.950     3271.170     3271.440     3271.710
   740:     3271.760     3271.880     3271.980     3273.780     3274.550
   745:     3277.680     3278.340     3278.970     3279.140     3279.170
   750:     3281.770     3282.200     3282.590     3282.960     3284.310
   755:     3284.520     3284.870     3285.420     3285.520     3285.640
   760:     3285.720     3286.060     3287.010     3288.110     3290.960
   765:     3293.610     3293.760     3296.810     3300.990     3304.060
   770:     3304.480     3304.760     3305.590     3305.900     3306.540
   775:     3306.880     3307.300     3307.500     3308.510     3309.920
   780:     3311.480     3311.620     3311.740     3311.790     3311.900
   785:     3311.940     3315.960     3319.220     3319.670     3320.330
   790:     3320.570     3320.660     3321.940     3323.840     3324.490
   795:     3325.310     3325.600     3325.690     3325.780     3325.800
   800:     3326.300     3326.590     3326.630     3326.740     3327.850
   805:     3328.000     3331.310     3331.950     3333.750     3333.910
   810:     3337.720     3339.870     3340.230     3340.270     3351.270
   815:     3353.740     3358.670     3364.780     3365.100     3366.730
   820:     3367.540     3367.820     3367.960     3368.070     3368.260
   825:     3372.150     3372.210     3375.090     3379.390     3379.660
   830:     3380.260     3380.490     3380.870     3381.430     3381.620
   835:     3382.870     3383.130     3383.450     3383.720     3384.370
   840:     3393.300     3394.630     3395.340     3395.610     3395.810
   845:     3399.140     3399.420     3399.770     3400.340     3400.530
   850:     3402.370     3402.660     3402.830     3402.940     3404.980
   855:     3405.120     3406.070     3406.420     3406.610     3407.040
   860:     3410.430     3413.370     3413.590     3416.890     3417.040
   865:     3417.400     3417.540     3418.960     3422.090     3422.280
   870:     3422.670     3424.240     3424.460     3425.940     3427.410
   875:     3427.800     3428.240     3428.550     3431.320     3431.400
   880:     3431.500     3431.520     3432.430     3432.730     3434.570
   885:     3435.090     3436.040     3436.080     3436.200     3437.160
   890:     3438.300     3438.770     3440.970     3441.240     3444.180
   895:     3444.440     3444.940     3446.550     3446.930     3447.220
   900:     3447.790     3447.840     3448.040     3452.160     3452.450
   905:     3452.810     3458.310     3462.010     3465.770     3466.000
   910:     3470.380     3470.590     3471.010     3471.260     3471.630
   915:     3473.740     3474.120     3474.150     3480.510     3481.430
   920:     3482.730     3482.940     3487.910     3492.840     3493.080
   925:     3493.130     3493.160     3495.750     3499.610     3499.940
   930:     3500.230     3500.470     3500.820     3500.980     3501.140
   935:     3502.420     3502.860     3503.750     3504.010     3510.690
   940:     3510.880     3511.290     3514.820     3515.260     3516.690
   945:     3517.030     3519.370     3519.580     3519.720     3520.210
   950:     3522.630     3525.930     3526.090     3526.470     3529.870
   955:     3532.840     3533.080     3533.300     3533.570     3537.340
   960:     3537.740     3538.520     3538.610     3541.840     3542.620
   965:     3542.770     3544.630     3545.230     3545.760     3547.420
   970:     3547.600     3547.660     3547.820     3548.070     3548.140
   975:     3548.440     3548.620     3549.910     3552.670     3552.830
   980:     3553.180     3554.580     3555.770     3557.280     3557.410
   985:     3557.500     3557.730     3557.970     3558.450     3560.950
   990:     3561.350     3561.770     3561.930     3563.940     3564.360
   995:     3567.740     3567.990     3571.150     3571.610     3571.910
  1000:     3572.110     3572.900     3573.000     3574.410     3576.410
  1005:     3579.460     3579.600     3581.190     3581.210     3582.230
  1010:     3585.120     3585.520     3585.820     3585.860     3588.670
  1015:     3588.910     3590.640     3592.230     3593.100     3596.070
  1020:     3596.410     3597.080     3597.280     3597.530     3599.940
  1025:     3601.140     3601.460     3601.640     3605.130     3605.220
  1030:     3607.400     3607.420     3607.990     3608.420     3608.700
  1035:     3608.770     3608.920     3610.560     3615.610     3615.870
  1040:     3616.320     3616.900     3617.250     3618.530     3618.740
  1045:     3618.810     3619.510     3619.710     3620.450     3620.750
  1050:     3621.430     3622.490     3624.150     3624.260     3627.500
  1055:     3628.850     3629.400     3630.030     3630.150     3635.880
  1060:     3642.620     3650.710     3657.070     3660.270     3667.610
  1065:     3681.680     3703.120     3722.960     3723.210     3723.940
  1070:     3733.520     3733.830     3741.100     3741.160     3741.340
  1075:     3741.640     3741.950     3742.660     3742.680     3747.300
  1080:     3747.610     3748.360     3749.110     3749.250     3750.410
  1085:     3751.040     3752.620     3752.870     3753.210     3753.280
  1090:     3753.800     3755.740     3759.380     3822.610     3822.830
  1095:     3822.880     3823.130     3838.340     3838.650     3839.510
  1100:     3842.250     3842.320     3843.850     3843.950     3848.670
  1105:     3849.080     3849.360     3849.730     3851.490     3851.770
  1110:     3851.990     3852.140     3852.660     3853.380     3857.040
  1115:     3857.290     3857.540     3862.830     3863.930     3864.260
  1120:     3865.220     3867.770     3872.870     3874.220     3874.300
  1125:     3874.640     3874.700     3874.780     3874.820     3888.290
  1130:     3888.330     3897.780     3897.950     3898.290     3899.790
  1135:     3900.120     3900.420     3901.600     3901.970     3902.470
  1140:     3904.700     3905.000     3905.500     3905.640     3905.840
  1145:     3905.900     3905.990     3907.080     3929.480     3936.290
  1150:     3936.330     3936.790     3949.790     3949.830     3961.260
  1155:     3987.700     3987.720     3987.980     4005.800     4012.520
  1160:     4017.920     4024.060     4028.020     4028.330     4047.310
  1165:     4053.100     4053.100     4053.100     4053.110     4053.110
  1170:     4053.110     4053.110     4053.110     4053.110     4054.250
  1175:     4057.010     4057.110     4058.110     4058.110     4058.310
  1180:     4062.680     4063.100     4063.110     4068.440     4088.950
  1185:     4089.290     4089.350     4089.380     4089.570     4089.910
  1190:     4138.190     4138.560     4139.130     4139.460     4140.410
  1195:     4141.260     4141.630     4157.900     4158.160     4158.190
  1200:     4158.240     4158.680     4171.340     4171.460     4171.620
  1205:     4173.510     4173.550     4174.010     4174.270     4174.940
  1210:     4175.440     4175.520     4177.380     4180.820     4190.100
  1215:     4192.370     4192.490     4194.160     4195.070     4206.970
  1220:     4207.810     4208.940     4215.170     4215.250     4215.440
  1225:     4216.080     4217.390     4218.190     4218.510     4226.600
  1230:     4238.400     4241.540     4248.460     4249.170     4251.120
  1235:     4251.160     4258.570     4258.840     4260.640     4263.300
  1240:     4263.500     4277.390     4279.500     4280.080     4425.230
  1245:     4425.810     4426.340     4432.800     4433.070     4544.770
  1250:     4545.050     4545.390     4546.060     4546.380     4546.740
  1255:     4547.620     4548.820     4548.870     4549.810     4551.830
  1260:     4552.220     4557.180     4557.370     4656.100     4656.670
  1265:     4657.680     4660.520     4660.870     4664.150     4667.770
  1270:     4668.500     4694.940     4696.970     4697.410     4697.580
  1275:     4703.290     4703.900     4707.840     4710.010     4710.270
  1280:     4710.560     4712.050     4712.450     4723.580     4724.570
  1285:     4727.250     4736.920     4989.880     4990.220     4992.250
  1290:     4992.690     4999.330     5000.850     5002.310     5002.490
  1295:     5002.580     5002.650     5003.120     5003.300     5004.640
  1300:     5006.930     5017.390     5017.700     5018.480     5020.120
  1305:     5021.100     5031.560     5032.510     5039.330     5063.810
  1310:     5096.470     5099.720     5099.840     5102.880     5103.860
  1315:     5144.760     5170.740     5171.360     5171.490     5194.350
  1320:     5204.370     5205.930     5208.240     5208.240     5208.240
  1325:     5208.250     5208.250     5208.250     5208.250     5208.250
  1330:     5208.250     5208.740     5208.740     5212.250     5212.670
  1335:     5213.250     5213.250     5218.240     5218.250     5231.720
  1340:     5232.110     5242.450     5245.560     5246.250     5253.470
  1345:     5253.950     5256.080     5256.660     5256.820     5257.740
  1350:     5260.170     5260.400     5261.020     5266.950     5269.460
  1355:     5270.210     5270.620     5271.340     5280.120     5282.190
  1360:     5284.840     5288.590     5291.410     5291.960     5292.720
  1365:     5293.050     5293.630     5323.510     5331.940     5332.900
  1370:     5334.480     5339.650     5339.650     5339.650     5339.660
  1375:     5339.660     5339.660     5339.660     5339.660     5339.660
  1380:     5343.660     5344.660     5344.660     5345.830     5349.650
  1385:     5349.660     5351.240     5354.950     5357.070     5368.040
  1390:     5383.510     5391.840     5394.900     5395.820     5397.090
  1395:     5407.130     5408.920     5410.160     5413.870     5420.830
  1400:     5421.440     5424.910     5425.800     5426.000     5426.060
  1405:     5427.200     5427.240     5427.260     5427.890     5432.790
  1410:     5452.830     5452.910     5453.600     5453.790     5459.020
  1415:     5464.480     5464.860     5465.780     5466.060     5467.450
  1420:     5468.170     5480.090     5480.090     5480.090     5480.100
  1425:     5480.100     5480.100     5480.100     5480.100     5480.100
  1430:     5482.070     5484.100     5485.100     5485.100     5490.090
  1435:     5490.100     5490.470     5495.800     5497.550     5498.410
  1440:     5499.910     5500.500     5502.210     5525.750     5526.220
  1445:     5597.250     5597.270     5597.420     5610.850     5611.330
  1450:     5626.450     5627.100     5634.500     5636.270     5636.380
  1455:     5646.750     5648.000     5659.230     5659.320     5659.400
  1460:     5659.760     5660.580     5660.770     5661.620     5663.990
  1465:     5665.900     5672.670     5673.250     5680.420     5681.000
  1470:     5682.020     5682.060     5682.970     5683.420     5718.250
  1475:     5729.340     5729.970     5730.880     5731.700     5737.060
  1480:     5737.350     5737.500     5738.600     5738.810     5739.650
  1485:     5739.820     5740.920     5741.040     5742.610     5742.950
  1490:     5744.490     5746.080     5748.950     5758.500     5758.650
  1495:     5766.240     5768.160     5769.280     5769.810     5770.010
  1500:     5770.160     5772.400     5781.860     5782.970     5783.200
  1505:     5785.890     5790.230     5790.400     5790.700     5790.870
  1510:     5791.240     5792.360     5795.070     5795.390     5797.580
  1515:     5798.660     5809.760     5810.110     5810.940     5811.870
  1520:     5813.290     5816.340     5836.870     5837.060     5841.210
  1525:     5874.060     5883.840     5884.990     5902.390     5904.100
  1530:     5920.330     5933.870     5971.760     5983.890     5986.040
  1535:     5996.110     6014.170     6025.250     6032.900     6033.470
  1540:     6038.770     6039.190     6049.280     6049.750     6207.510
  1545:     6208.000     6214.750     6221.000     6237.260     6247.710
  1550:     6286.510     6287.600     6287.760     6299.300     6306.000
  1555:     6315.680     6328.560     6364.420     6378.490     6387.610
  1560:     6631.230     6631.800     6632.400     6633.950     6634.560
  1565:     6644.390     6645.110     6645.150     6646.300     6646.410
  1570:     6646.740     6647.640     6648.160     6659.890     6660.620
  1575:     6672.640     6672.670     6672.740     6673.020     6714.460
  1580:     6714.820     6714.910     6715.390     6725.800     6726.050
  1585:     6726.100     6726.530     6726.830     6807.860     6812.890
  1590:     6813.440     6813.490     6813.870     6814.810     6824.610
  1595:     6824.770     6828.920     6829.210     6852.360     6875.730
  1600:     6882.290     6883.080     6883.520     6885.010     6885.570
  1605:     6885.990     7013.850     7028.840     7029.020     7029.830
  1610:     7032.960     7047.890     7048.190     7058.100     7058.940
  1615:     7069.810     7069.810     7069.810     7069.820     7069.820
  1620:     7069.820     7069.820     7069.820     7069.820     7070.220
  1625:     7070.220     7072.550     7073.820     7074.820     7074.820
  1630:     7078.340     7079.120     7079.810     7079.820     7080.670
  1635:     7083.760     7093.140     7096.520     7096.520     7096.520
  1640:     7096.530     7096.530     7096.530     7096.530     7096.530
  1645:     7096.530     7097.740     7100.530     7101.530     7101.530
  1650:     7106.520     7106.530     7112.900     7119.640     7124.190
  1655:     7125.630     7126.640     7128.310     7130.140     7142.280
  1660:     7144.350     7199.500     7200.580     7204.110     7206.470
  1665:     7206.650     7206.670     7206.750     7208.530     7209.130
  1670:     7212.880     7220.230     7220.230     7220.230     7220.240
  1675:     7220.240     7220.240     7220.240     7220.240     7220.240
  1680:     7222.290     7223.550     7223.920     7224.020     7224.050
  1685:     7224.240     7225.240     7225.240     7226.810     7230.070
  1690:     7230.230     7230.240     7230.730     7340.080     7340.840
  1695:     7345.690     7346.870     7358.610     7359.560     7360.910
  1700:     7364.080     7364.120     7366.580     7370.730     7390.790
  1705:     7391.080     7409.990     7410.220     7410.730     7411.750
  1710:     7424.440     7426.570     7428.920     7429.140     7431.450
  1715:     7431.520     7431.550     7432.290     7470.520     7470.520
  1720:     7470.520     7470.530     7470.530     7470.530     7470.530
  1725:     7470.530     7470.530     7471.520     7474.530     7475.530
  1730:     7475.530     7480.520     7480.530     7498.050     7498.600
  1735:     7507.100     7509.190     7950.550     7951.310     7954.990
  1740:     7955.580     7956.140     7977.560     7977.940     7978.360
  1745:     7991.810     8414.670     8414.840     8415.120     8415.310
  1750:     8415.350     8415.870     8416.120     8423.730     8430.220
  1755:     8430.570     8431.170     8433.450     8434.070     8471.670
  1760:     8477.300     8477.550     8493.400     8494.610     8494.850
  1765:     8498.250     8500.800     8500.990     8502.420     8506.020
  1770:     8511.730     8513.450     8519.000     8553.130     8553.430
  1775:     8559.050     8564.680     8592.460     8600.760     8606.410
  1780:     8606.590     8610.140     8612.480     8615.520     8619.100
  1785:     8619.880     8626.410     8626.770     8627.240     8628.270
  1790:     8630.170     8631.150     8633.180     8637.480     8638.000
  1795:     8644.050     8644.140     8644.320     8644.700     8645.020
  1800:     8646.980     8651.370     8652.060     8683.350     8683.390
  1805:     8683.570     8694.990     8696.780     8699.300     8700.820
  1810:     8701.160     8702.870     8703.990     8704.120     8733.350
  1815:     8738.330     8738.390     8739.270     8742.640     8742.880
  1820:     8745.810     8745.850     8763.500     8763.500     8763.500
  1825:     8763.510     8763.510     8763.510     8763.510     8763.510
  1830:     8763.510     8764.690     8766.510     8767.020     8767.280
  1835:     8767.440     8767.510     8768.510     8768.510     8773.500
  1840:     8773.510     8773.990     8774.060     8779.730     8785.380
  1845:     8787.630     8797.100     8797.100     8797.100     8797.110
  1850:     8797.110     8797.110     8797.110     8797.110     8797.110
  1855:     8797.840     8801.110     8802.110     8802.110     8802.790
  1860:     8806.070     8807.100     8807.110     8809.250     8809.950
  1865:     8842.430     8844.830     8852.610     8856.410     8859.050
  1870:     8864.220     8864.270     8864.790     8865.280     8871.560
  1875:     8886.320     8886.640     8892.880     8892.880     8892.880
  1880:     8892.890     8892.890     8892.890     8892.890     8892.890
  1885:     8892.890     8893.890     8894.460     8896.890     8897.890
  1890:     8897.890     8899.260     8899.310     8899.740     8899.770
  1895:     8901.600     8902.650     8902.880     8902.890     8903.150
  1900:     8903.640     8908.420     8911.740     8912.130     8913.260
  1905:     8913.370     8914.530     8916.150     8919.610     8925.320
  1910:     8928.690     8937.870     8943.310     8967.930     8968.040
  1915:     8974.500     8979.680     8989.580     8991.050     8992.490
  1920:     8994.020     8994.470     8997.880     9007.290     9007.610
  1925:     9008.060     9008.860     9009.680     9010.120     9011.120
  1930:     9012.140     9022.150     9022.570     9026.380     9027.250
  1935:     9027.340     9028.460     9029.110     9029.730     9030.150
  1940:     9030.630     9068.370     9068.660     9068.690     9068.770
  1945:     9069.830     9080.180     9088.500     9092.960     9093.030
  1950:     9111.520     9112.020     9112.430     9112.950     9118.910
  1955:     9119.140     9128.240     9135.290     9141.670     9145.540
  1960:     9150.270     9154.620     9155.260     9156.900     9156.970
  1965:     9157.310     9159.570     9161.090     9172.550     9172.640
  1970:     9174.580     9175.600     9180.100     9180.660     9181.260
  1975:     9181.550     9181.660     9181.840     9183.610     9232.590
  1980:     9232.900     9236.910     9237.670     9237.930     9238.180
  1985:     9238.810     9239.210     9243.720     9244.130     9244.450
  1990:     9249.560     9249.780     9254.030     9254.290     9255.630
  1995:     9256.590     9258.880     9259.700     9262.500     9262.610
  2000:     9267.940     9269.600     9269.710     9269.820     9269.940
  2005:     9273.160     9273.470     9275.580     9282.340     9282.450
  2010:     9285.130     9291.230     9291.460     9291.820     9292.200
  2015:     9293.120     9298.660     9299.260     9299.600     9300.000
  2020:     9301.100     9301.330     9302.400     9304.610     9306.130
  2025:     9306.960     9307.090     9308.340     9308.620     9308.930
  2030:     9308.970     9309.050     9309.330     9309.630     9310.030
  2035:     9311.310     9311.380     9311.550     9311.620     9311.870
  2040:     9312.510     9314.210     9314.270     9315.800     9316.160
  2045:     9316.310     9316.510     9321.140     9321.580     9321.920
  2050:     9322.000     9322.420     9324.610     9324.790     9324.910
  2055:     9325.030     9328.320     9328.660     9329.030     9329.240
  2060:     9329.530     9330.010     9330.960     9331.070     9331.850
  2065:     9332.130     9332.150     9332.510     9332.550     9333.090
  2070:     9333.570     9340.080     9340.430     9340.570     9341.010
  2075:     9341.440     9341.680     9343.940     9345.560     9345.660
  2080:     9345.780     9345.960     9346.050     9349.050     9349.330
  2085:     9349.570     9351.310     9351.610     9351.970     9356.380
  2090:     9357.630     9358.270     9358.710     9358.750     9358.860
  2095:     9359.890     9359.910     9360.570     9362.540     9362.560
  2100:     9362.730     9362.910     9363.200     9363.630     9367.390
  2105:     9367.430     9368.430     9368.490     9370.840     9371.200
  2110:     9373.250     9373.410     9373.550     9373.680     9373.790
  2115:     9373.950     9376.290     9378.660     9378.720     9378.820
  2120:     9378.980     9379.110     9383.220     9383.700     9383.960
  2125:     9384.800     9386.790     9386.960     9387.100     9388.250
  2130:     9388.690     9388.830     9389.200     9389.460     9389.800
  2135:     9390.200     9392.490     9392.800     9392.940     9393.100
  2140:     9393.470     9393.540     9393.580     9394.550     9396.940
  2145:     9397.430     9398.380     9398.460     9398.590     9398.940
  2150:     9399.340     9399.670     9400.040     9400.140     9400.550
  2155:     9400.590     9402.110     9405.040     9405.340     9405.380
  2160:     9405.450     9405.900     9406.340     9408.330     9408.530
  2165:     9408.770     9409.250     9409.720     9413.570     9413.790
  2170:     9413.980     9414.240     9417.180     9417.200     9417.830
  2175:     9421.930     9422.550     9422.950     9423.430     9423.760
  2180:     9425.590     9425.740     9426.740     9426.950     9429.760
  2185:     9430.080     9430.110     9430.410     9430.730     9431.080
  2190:     9431.630     9434.180     9438.370     9438.480     9441.190
  2195:     9441.320     9441.430     9443.360     9443.430     9443.470
  2200:     9443.780     9444.220     9444.630     9444.980     9445.370
  2205:     9445.850     9449.440     9450.170     9455.650     9455.910
  2210:     9456.090     9464.240     9464.550     9466.680     9466.920
  2215:     9467.790     9468.190     9468.570     9468.740     9473.300
  2220:     9473.540     9474.430     9474.770     9474.970     9475.300
  2225:     9477.480     9477.860     9478.050     9481.130     9481.430
  2230:     9481.650     9486.260     9486.660     9494.130     9499.320
  2235:     9499.590     9505.110     9505.390     9507.100     9507.220
  2240:     9512.930     9513.130     9546.270     9555.110     9595.510
  2245:     9596.460     9600.290     9605.750     9638.520     9642.040
  2250:     9654.540     9658.530     9659.780     9659.940     9660.020
  2255:     9660.080     9660.250     9660.340     9663.720     9665.300
  2260:     9668.410     9672.010     9672.220     9673.510     9675.850
  2265:     9676.000     9676.050     9676.200     9676.820     9677.010
  2270:     9677.120     9678.700     9678.740     9679.280     9679.760
  2275:     9680.130     9680.470     9680.940     9682.190     9682.430
  2280:     9682.470     9682.610     9686.220     9688.290     9688.500
  2285:     9689.660     9689.990     9690.800     9699.910     9700.120
  2290:     9700.430     9701.470     9701.690     9701.730     9703.210
  2295:     9703.910     9704.670     9710.700     9711.130     9711.390
  2300:     9711.430     9711.940     9713.970     9714.160     9715.680
  2305:     9716.610     9717.520     9717.560     9717.820     9717.910
  2310:     9718.020     9720.610     9720.690     9720.800     9720.830
  2315:     9720.850     9720.930     9721.270     9722.840     9723.120
  2320:     9726.760     9726.780     9729.940     9730.210     9730.370
  2325:     9730.400     9730.750     9730.850     9732.240     9732.380
  2330:     9734.560     9734.850     9735.150     9735.400     9735.830
  2335:     9737.140     9737.250     9739.940     9740.180     9740.440
  2340:     9740.830     9741.050     9741.090     9741.340     9741.730
  2345:     9741.840     9742.080     9742.450     9742.900     9742.950
  2350:     9744.300     9744.750     9748.030     9762.600     9763.160
  2355:     9764.450     9764.960     9767.070     9771.100     9781.220
  2360:     9781.600     9781.810     9783.290     9783.430     9783.520
  2365:     9783.700     9785.030     9785.310     9785.460     9790.200
  2370:     9790.390     9790.530     9794.080     9794.250     9794.430
  2375:     9795.360     9795.710     9795.750     9796.250     9796.410
  2380:     9796.850     9799.700     9799.880     9800.360     9800.720
  2385:     9801.110     9801.800     9801.970     9805.280     9805.340
  2390:     9806.140     9807.070     9807.420     9812.740     9813.230
  2395:     9813.460     9814.370     9814.980     9815.390     9816.090
  2400:     9821.790     9821.930     9822.110     9823.460     9823.770
  2405:     9823.960     9824.170     9828.150     9828.270     9828.990
  2410:     9829.420     9829.440     9830.580     9830.780     9830.970
  2415:     9831.160     9849.950     9850.270     9854.060     9854.620
  2420:     9866.740     9866.830     9866.970     9874.130    10000.940
  2425:    10022.540    10023.320    10030.410    10045.070    10045.310
  2430:    10047.830    10066.510    10071.780    10075.690    10076.560
  2435:    10080.770    10084.070    10087.140    10094.430    10101.970
  2440:    10110.360    10110.500    10113.910    10116.800    10117.190
  2445:    10118.760    10126.190    10127.530    10127.690    10128.840
  2450:    10132.700    10154.860    10155.040    10155.180    10155.900
  2455:    10157.560    10158.160    10158.440    10158.940    10161.490
  2460:    10162.420    10163.360    10167.140    10167.390    10168.710
  2465:    10168.770    10169.820    10169.860    10169.970    10170.010
  2470:    10171.350    10172.590    10173.180    10173.610    10187.430
  2475:    10187.810    10240.660    10240.820    10242.470    10243.820
  2480:    10251.520    10287.260    10288.640    10327.550    10334.650
  2485:    10340.230    10341.150    10345.090    10353.140    10357.430
  2490:    10358.400    10362.060    10362.240    10362.860    10362.950
  2495:    10363.240    10368.860    10370.520    10370.970    10371.510
  2500:    10374.860    10375.800    10376.000    10384.520    10384.850
  2505:    10385.160    10386.420    10395.090    10410.350    10411.270
  2510:    10412.850    10413.580    10423.460    10425.720    10427.380
  2515:    10436.030    10437.360    10497.030    10501.700    10511.170
  2520:    10513.580    10516.000    10516.800    10520.960    10521.160
  2525:    10524.130    10545.830    10548.410    10551.420    10551.580
  2530:    10558.430    10558.470    10558.830    10561.700    10561.990
  2535:    10565.990    10566.190    10566.470    10568.190    10568.770
  2540:    10672.040    10710.010    10731.900    10738.940    10742.900
  2545:    10745.730    10754.600    10757.340    10757.420    10772.760
  2550:    10773.290    10773.920    10774.150    10774.520    10777.180
  2555:    10789.990    10791.020    10799.280    10800.000
