File: C:\MED-PC\Data\2025-03-27_12h02m_Subject 87.txt


Start Date: 03/27/25
End Date: 03/27/25
Subject: 87
Experiment: OralFentSA
Group: One
Box: 3
Start Time: 12:02:48
End Time: 15:03:56
MSN: Golden_Liq_SelfAdmin_EXT
F:       0.000
G:     722.000
H:   10800.000
I:       0.000
J:       0.000
K:       0.000
L:       0.000
M:       0.000
N:       0.000
O:       0.000
P:       0.000
Q:       0.000
R:       0.000
S:       0.000
U:       0.000
V:       0.000
W:       0.000
X:       0.000
Y:       0.000
Z:       0.000
A:
     0:        0.000        0.000      180.000        4.000        0.000
     5:        5.000        0.000        5.000        0.000        0.000
    10:        1.000        0.000       10.000   100000.000       20.000
    15:       19.000      600.000        0.000        0.000        0.000
    20:        0.000
B:
     0:        0.000        0.000        0.000        0.000        0.000
     5:        0.000        0.000        0.000        0.000        0.000
    10:        0.000        0.000     1000.000 10000000.000        0.000
    15:        0.000        0.000        0.000        0.000        0.000
    20:        0.000
C:
     0:        0.000       28.000       98.000       33.000      419.000
     5:    10085.040      155.470       20.000     2670.710      133.536
    10:       33.000       98.000        0.000        0.000        0.000
    15:        0.000        0.000        0.000        0.000        0.000
    20:        0.000
D:
     0:       15.020      224.000       66.650      483.520        3.400
     5:       17.240      160.130       45.190      127.130       19.090
    10:      267.350      130.390       43.890       31.920      316.180
    15:       63.440        5.710       15.000      479.990      155.470
E:
     0:       19.000       11.000       26.000       27.000        1.000
     5:        1.000        6.000        6.000        6.000        1.000
    10:        1.000        2.000        4.000       22.000       24.000
    15:       12.000       19.000       11.000        2.000        4.000
    20:       22.000       24.000       12.000       19.000       11.000
    25:        6.000        6.000        1.000        6.000        1.000
    30:        1.000        6.000        6.000        6.000        6.000
    35:        6.000        1.000        1.000        1.000        1.000
    40:        1.000        1.000        1.000        1.000        1.000
    45:        1.000        6.000        6.000        6.000        6.000
    50:        6.000        6.000        6.000        6.000        6.000
    55:        6.000        6.000        6.000        1.000        2.000
    60:        4.000       22.000       24.000       12.000       19.000
    65:       11.000        1.000        1.000        1.000        6.000
    70:        6.000        6.000        6.000        6.000        6.000
    75:        6.000        6.000        6.000        6.000        6.000
    80:        1.000        6.000        6.000        6.000        6.000
    85:        6.000        2.000        4.000       22.000       24.000
    90:       12.000       19.000       11.000        6.000        6.000
    95:        6.000        6.000        6.000        6.000        6.000
   100:        6.000        6.000        6.000        6.000        6.000
   105:        6.000        6.000        1.000        6.000        6.000
   110:        6.000        6.000        6.000        6.000        6.000
   115:        6.000        6.000        6.000        6.000        2.000
   120:        4.000       22.000       24.000       12.000       19.000
   125:       11.000        2.000        4.000       22.000       24.000
   130:       12.000       19.000       11.000        2.000        4.000
   135:       22.000       24.000       12.000       19.000       11.000
   140:        1.000        6.000        6.000        6.000        6.000
   145:        6.000        2.000        4.000       22.000       24.000
   150:       12.000        6.000        6.000        6.000        6.000
   155:        6.000       19.000       11.000        6.000        6.000
   160:        6.000        6.000        1.000        1.000        6.000
   165:        6.000        6.000        6.000        6.000        6.000
   170:        6.000        6.000        1.000        1.000        6.000
   175:        6.000        6.000        6.000        6.000        2.000
   180:        4.000       22.000       24.000       12.000       19.000
   185:       11.000        2.000        4.000       22.000       24.000
   190:       12.000       19.000       11.000        1.000        2.000
   195:        4.000       22.000       24.000       12.000       21.000
   200:       22.000       19.000       11.000        6.000        6.000
   205:        6.000        6.000        6.000        6.000        6.000
   210:        1.000        6.000        6.000        6.000        6.000
   215:        1.000        2.000        4.000       22.000       24.000
   220:       12.000       19.000       11.000        1.000        6.000
   225:        6.000        2.000        4.000       22.000       24.000
   230:       12.000       19.000       11.000        6.000        6.000
   235:        6.000        6.000        2.000        4.000       22.000
   240:       24.000       12.000       19.000       11.000        1.000
   245:        6.000        6.000        6.000        2.000        4.000
   250:       22.000       24.000       12.000       21.000       22.000
   255:       19.000       11.000        6.000        6.000        6.000
   260:        6.000        6.000        6.000        6.000        6.000
   265:        6.000        6.000        6.000        6.000        6.000
   270:        6.000        6.000        6.000        6.000        6.000
   275:        6.000        6.000        6.000        6.000        6.000
   280:        1.000        6.000        6.000        1.000        1.000
   285:        6.000        6.000        6.000        6.000        6.000
   290:        6.000        6.000        1.000        2.000        4.000
   295:       22.000       24.000       12.000       19.000       11.000
   300:        1.000        1.000        1.000        1.000        1.000
   305:        1.000        6.000        6.000        6.000        6.000
   310:        6.000        6.000        6.000        6.000        6.000
   315:        6.000        6.000        6.000        2.000        4.000
   320:       22.000       24.000       12.000       19.000       11.000
   325:        6.000        6.000        6.000        6.000        6.000
   330:        6.000        6.000        6.000        6.000        6.000
   335:        6.000        6.000        6.000        6.000        6.000
   340:        6.000        6.000        6.000        6.000        6.000
   345:        6.000        6.000        6.000        6.000        6.000
   350:        6.000        6.000        6.000        6.000        6.000
   355:        6.000        6.000        6.000        6.000        6.000
   360:        6.000        6.000        6.000        6.000        6.000
   365:        6.000        2.000        4.000       22.000       24.000
   370:       12.000       19.000       11.000        1.000        1.000
   375:        6.000        6.000        6.000        6.000        6.000
   380:        6.000        6.000        6.000        1.000        6.000
   385:        6.000        6.000        6.000        6.000        6.000
   390:        6.000        6.000        6.000        1.000        6.000
   395:        6.000        6.000        6.000        6.000        6.000
   400:        6.000        6.000        6.000        6.000        6.000
   405:        6.000        6.000        6.000        6.000        6.000
   410:        6.000        6.000        6.000        6.000        1.000
   415:        1.000        6.000        6.000        6.000        6.000
   420:        1.000        2.000        4.000       22.000       24.000
   425:       12.000       19.000       11.000        6.000        6.000
   430:        6.000        6.000        6.000        6.000        6.000
   435:        6.000        6.000        6.000        6.000        6.000
   440:        6.000        6.000        6.000        6.000        6.000
   445:        6.000        6.000        6.000        6.000        6.000
   450:        6.000        6.000        1.000        1.000        1.000
   455:        1.000        6.000        6.000        6.000        6.000
   460:        6.000        6.000        6.000        6.000        1.000
   465:        1.000        1.000        1.000        1.000        1.000
   470:        1.000        1.000        1.000        6.000        6.000
   475:        6.000        6.000        6.000        2.000        4.000
   480:       22.000       24.000       12.000       19.000       11.000
   485:        1.000        1.000        1.000        1.000        1.000
   490:        1.000        1.000        1.000        1.000        6.000
   495:        6.000        6.000        6.000        6.000        6.000
   500:        6.000        6.000        6.000        6.000        6.000
   505:        6.000        6.000        6.000        6.000        6.000
   510:        6.000        6.000        6.000        6.000        6.000
   515:        6.000        2.000        4.000       22.000       24.000
   520:       12.000       21.000       22.000       19.000       11.000
   525:        6.000        6.000        6.000        6.000        6.000
   530:        6.000        6.000        6.000        6.000        6.000
   535:        6.000        6.000        6.000        6.000        1.000
   540:        2.000        4.000       22.000       24.000       12.000
   545:        6.000       19.000       11.000        1.000        1.000
   550:        1.000        2.000        4.000       22.000       24.000
   555:       12.000       19.000       11.000        2.000        4.000
   560:       22.000       24.000       12.000       21.000       22.000
   565:       21.000       22.000       19.000       11.000        2.000
   570:        4.000       22.000       24.000       12.000       21.000
   575:       22.000       19.000       11.000        6.000        6.000
   580:        6.000        6.000        6.000        6.000        6.000
   585:        6.000        6.000        6.000        6.000        6.000
   590:        6.000        6.000        6.000        6.000        6.000
   595:        6.000        6.000        6.000        6.000        6.000
   600:        6.000        6.000        1.000        6.000        6.000
   605:        6.000        1.000        1.000        1.000        1.000
   610:        6.000        6.000        6.000        6.000        6.000
   615:        6.000        6.000        2.000        4.000       22.000
   620:       24.000       12.000       19.000       11.000        1.000
   625:        1.000        1.000        6.000        6.000        6.000
   630:        6.000        6.000        1.000        1.000        6.000
   635:        6.000        6.000        6.000        6.000        6.000
   640:        6.000        6.000        6.000        6.000        6.000
   645:        6.000        6.000        6.000        6.000        6.000
   650:        6.000        6.000        6.000        6.000        6.000
   655:        6.000        6.000        6.000        6.000        6.000
   660:        6.000        6.000        6.000        6.000        6.000
   665:        6.000        6.000        6.000        6.000        6.000
   670:        6.000        6.000        6.000        6.000        6.000
   675:        6.000        6.000        6.000        6.000        6.000
   680:        6.000        6.000        6.000        6.000        6.000
   685:        6.000        1.000        1.000        1.000        6.000
   690:        6.000        6.000        6.000        6.000        6.000
   695:        1.000        1.000        1.000        1.000        6.000
   700:        6.000        6.000        6.000        2.000        4.000
   705:       22.000       24.000       12.000       19.000       11.000
   710:        6.000        6.000        6.000        1.000        1.000
   715:        1.000        1.000        6.000        1.000        6.000
   720:        6.000        6.000      100.000
T:
     0:        0.000        0.000        0.000        0.000       22.770
     5:       24.330       30.070       30.440       32.980       41.190
    10:      122.440      130.190      130.190      130.190      130.200
    15:      130.200      140.190      140.200      140.860      140.860
    20:      140.860      140.870      140.870      150.860      150.870
    25:      155.890      156.250      197.590      263.950      307.680
    30:      405.330      510.690      510.840      511.460      511.600
    35:      512.050      564.050      564.130      621.500      851.630
    40:      863.070      866.490      866.820      872.540      872.590
    45:      874.170      898.350      898.710      898.870      901.200
    50:      901.660      902.740      925.330      925.710      925.820
    55:      926.370      926.500      926.690      932.100     1048.610
    60:     1048.610     1048.610     1048.620     1048.620     1058.610
    65:     1058.620     1073.540     1075.090     1075.140     1272.620
    70:     1272.690     1273.410     1273.490     1276.710     1276.820
    75:     1276.850     1278.000     1278.590     1279.560     1283.010
    80:     1457.480     1463.830     1464.010     1464.200     1465.950
    85:     1466.830     1477.230     1477.230     1477.230     1477.240
    90:     1477.240     1487.230     1487.240     1543.890     1558.290
    95:     1559.010     1560.210     1560.640     1560.900     1560.980
   100:     1561.420     1561.800     1561.990     1562.620     1563.390
   105:     1566.490     1567.120     1597.310     1615.190     1616.710
   110:     1642.010     1642.340     1645.890     1646.260     1646.660
   115:     1647.150     1659.920     1660.160     1661.180     1701.710
   120:     1701.710     1701.710     1701.720     1701.720     1711.710
   125:     1711.720     1720.740     1720.740     1720.740     1720.750
   130:     1720.750     1730.740     1730.750     1745.190     1745.190
   135:     1745.190     1745.200     1745.200     1755.190     1755.200
   140:     2183.950     2228.720     2228.890     2229.140     2229.410
   145:     2229.840     2268.720     2268.720     2268.720     2268.730
   150:     2268.730     2272.130     2272.300     2273.120     2274.370
   155:     2277.730     2278.720     2278.730     2278.980     2279.650
   160:     2280.140     2280.310     2288.560     2315.510     2517.570
   165:     2518.110     2518.590     2546.640     2552.520     2552.870
   170:     2553.330     2553.430     2749.730     2752.880     2825.730
   175:     2833.610     2834.970     2835.860     2835.950     2844.620
   180:     2844.620     2844.620     2844.630     2844.630     2854.620
   185:     2854.630     2878.650     2878.650     2878.650     2878.660
   190:     2878.660     2888.650     2888.660     2906.230     2975.090
   195:     2975.090     2975.090     2975.100     2975.100     2975.200
   200:     2975.200     2985.090     2985.100     2992.340     2992.580
   205:     2992.760     2992.880     2993.320     2993.750     2994.120
   210:     3017.320     3023.520     3025.160     3036.350     3036.480
   215:     3263.850     3290.050     3290.050     3290.050     3290.060
   220:     3290.060     3300.050     3300.060     3441.650     3450.190
   225:     3450.310     3462.240     3462.240     3462.240     3462.250
   230:     3462.250     3472.240     3472.250     3507.440     3507.670
   235:     3507.940     3508.110     3610.050     3610.050     3610.050
   240:     3610.060     3610.060     3620.050     3620.060     3627.410
   245:     3737.190     3738.650     3751.680     3837.670     3837.670
   250:     3837.670     3837.680     3837.680     3842.560     3842.560
   255:     3847.670     3847.680     3856.770     3856.940     3857.130
   260:     3875.500     3876.900     4068.610     4069.770     4070.220
   265:     4070.270     4070.370     4070.800     4071.900     4073.060
   270:     4073.930     4074.530     4075.420     4075.740     4075.780
   275:     4079.510     4079.620     4080.910     4086.030     4087.040
   280:     4151.770     4179.490     4182.650     4246.900     4246.990
   285:     4288.520     4289.250     4377.420     4380.850     4381.250
   290:     4381.320     4381.950     4418.430     4439.170     4439.170
   295:     4439.170     4439.180     4439.180     4449.170     4449.180
   300:     4667.650     4668.000     4668.100     4669.020     4669.090
   305:     4669.230     4706.530     4706.740     4713.680     4713.930
   310:     4714.230     4717.830     4719.740     4720.410     4723.520
   315:     4726.240     4727.000     4730.110     4742.160     4742.160
   320:     4742.160     4742.170     4742.170     4752.160     4752.170
   325:     4872.560     4883.640     4887.930     4888.860     4889.880
   330:     4890.650     4894.290     4894.440     4897.350     4899.650
   335:     4900.050     4900.340     4904.480     4920.130     4922.170
   340:     4922.930     4923.110     4924.480     4927.090     4927.390
   345:     4928.140     4928.820     4943.970     4944.130     4944.630
   350:     4948.480     4948.930     4949.720     4950.340     4950.800
   355:     4951.270     4953.840     4960.950     4961.010     4961.520
   360:     4966.420     4971.540     4976.410     4991.860     4992.510
   365:     4994.200     5038.020     5038.020     5038.020     5038.030
   370:     5038.030     5048.020     5048.030     5066.040     5067.010
   375:     5081.920     5136.600     5137.080     5139.160     5143.090
   380:     5143.630     5145.960     5146.910     5165.400     5270.050
   385:     5270.110     5270.190     5271.480     5288.740     5288.970
   390:     5289.070     5365.810     5366.180     5447.540     5534.640
   395:     5535.560     5554.690     5554.760     5557.250     5558.230
   400:     5617.770     5621.090     5621.340     5622.220     5634.590
   405:     5635.770     5636.270     5636.300     5638.830     5733.330
   410:     5755.490     5756.070     5756.330     5757.030     5830.010
   415:     5830.290     5894.940     5895.280     5895.360     5896.530
   420:     6027.850     6073.340     6073.340     6073.340     6073.350
   425:     6073.350     6083.340     6083.350     6105.270     6105.480
   430:     6127.840     6166.400     6166.610     6166.840     6166.890
   435:     6167.660     6167.700     6167.940     6169.780     6169.840
   440:     6173.680     6180.600     6180.960     6182.100     6184.080
   445:     6217.930     6222.700     6222.830     6223.660     6223.850
   450:     6226.020     6226.350     6294.410     6294.460     6298.850
   455:     6299.440     6331.460     6338.950     6340.960     6348.330
   460:     6348.390     6348.450     6348.540     6520.040     6582.600
   465:     6590.100     6590.480     6592.140     6618.970     6619.550
   470:     6634.960     6635.010     6635.350     6714.380     6714.520
   475:     6716.730     6717.500     6772.290     6780.130     6780.130
   480:     6780.130     6780.140     6780.140     6790.130     6790.140
   485:     6802.420     6802.470     6802.640     6865.480     6865.850
   490:     6865.940     6867.140     7082.760     7091.780     7096.320
   495:     7100.390     7101.910     7103.570     7106.010     7109.150
   500:     7109.270     7109.910     7110.980     7111.330     7111.420
   505:     7111.870     7112.000     7112.090     7112.970     7113.030
   510:     7113.710     7116.160     7116.840     7121.250     7229.430
   515:     7229.790     7293.800     7293.800     7293.800     7293.810
   520:     7293.810     7295.670     7295.670     7303.800     7303.810
   525:     7357.250     7363.190     7363.790     7365.140     7367.640
   530:     7383.750     7384.970     7388.420     7394.280     7420.850
   535:     7425.470     7426.000     7427.040     7430.940     7439.630
   540:     7454.100     7454.100     7454.100     7454.110     7454.110
   545:     7459.820     7464.100     7464.110     7478.550     7484.490
   550:     7484.890     7534.610     7534.610     7534.610     7534.620
   555:     7534.620     7544.610     7544.620     7548.700     7548.700
   560:     7548.700     7548.710     7548.710     7550.720     7550.720
   565:     7553.760     7553.760     7558.700     7558.710     7559.200
   570:     7559.200     7559.200     7559.210     7559.210     7559.380
   575:     7559.380     7569.200     7569.210     7574.210     7574.760
   580:     7575.250     7579.730     7653.880     7655.020     7655.400
   585:     7656.910     7660.510     7661.990     7662.230     7662.830
   590:     7663.450     7663.890     7664.680     7783.380     7783.700
   595:     7786.170     7845.340     7845.690     7845.740     7857.240
   600:     7858.440     7993.900     8051.900     8073.720     8075.340
   605:     8076.660     8380.740     8381.930     8398.520     8398.920
   610:     8597.590     8598.710     8599.600     8697.990     8698.330
   615:     8789.870     8792.290     8806.430     8806.430     8806.430
   620:     8806.440     8806.440     8816.430     8816.440     8910.280
   625:     9240.550     9258.460     9286.430     9291.620     9291.830
   630:     9292.690     9294.800     9305.380     9440.710     9458.180
   635:     9458.450     9461.660     9463.880     9465.910     9466.420
   640:     9469.650     9471.300     9474.280     9475.160     9475.850
   645:     9481.500     9484.390     9487.980     9489.590     9490.420
   650:     9496.040     9496.270     9496.340     9499.390     9502.780
   655:     9503.910     9504.080     9504.750     9506.600     9510.310
   660:     9514.360     9514.820     9515.900     9516.410     9519.190
   665:     9519.240     9519.730     9519.950     9520.530     9523.190
   670:     9525.240     9526.370     9526.410     9530.500     9533.120
   675:     9535.810     9536.880     9537.350     9537.720     9538.610
   680:     9540.330     9542.560     9551.100     9553.110     9556.900
   685:     9557.110     9633.010     9662.510     9663.280     9689.380
   690:     9813.360     9814.680     9815.450     9816.220     9818.780
   695:     9955.190     9958.960     9962.440     9965.870    10039.090
   700:    10041.060    10042.040    10045.890    10085.030    10085.030
   705:    10085.030    10085.040    10085.040    10095.030    10095.040
   710:    10240.510    10240.580    10240.990    10264.830    10264.900
   715:    10301.060    10301.240    10360.690    10407.700    10572.340
   720:    10574.710    10576.580    10800.000
