File: C:\MED-PC IV\DATA\!2025-03-20_13h19m.Subject 67



Start Date: 03/20/25
End Date: 03/20/25
Subject: 67
Experiment: OralFentSA
Group: One
Box: 3
Start Time: 13:19:00
End Time: 16:19:29
MSN: Golden_Liq_SelfAdmin_EXT
F:       0.000
G:     861.000
H:   10800.010
I:       0.000
J:       0.000
K:       0.000
L:       0.000
M:       0.000
N:       0.000
O:       0.000
P:       0.000
Q:       0.000
R:       0.000
S:       0.000
U:       0.000
V:       0.000
W:       0.000
X:       0.000
Y:       0.000
Z:       0.000
A:
     0:        0.000        0.000      180.000        4.000        0.000
     5:        5.000        0.000        5.000        0.000        0.000
    10:        1.000        0.000       10.000 100000000.00       22.000
    15:       29.000      640.000        0.000        0.000        0.000
    20:        0.000
B:
     0:        0.000        0.000        0.000        0.000        0.000
     5:        0.000        0.000        0.000        0.000        0.000
    10:        0.000        0.000     1000.000 10000000000.        0.000
    15:        0.000        0.000        0.000        0.000        0.000
    20:        0.000
C:
     0:        0.000       29.000        0.000       41.000      576.000
     5:    10607.790        4.260       25.000     1235.290       49.412
    10:       41.000       87.000        0.000        0.000        0.000
    15:        0.000        0.000        0.000        0.000        0.000
    20:        0.000
D:
     0:       12.290       59.500       91.470      185.530       72.880
     5:        7.820       71.830       45.160       47.010      122.740
    10:        8.000       52.100       95.400       90.980       10.120
    15:        1.460        1.750       84.960        2.930        1.420
    20:       51.450        0.810      112.200        1.220        4.260
E:
     0:       19.000       11.000       26.000       27.000        6.000
     5:       23.000        6.000        6.000       23.000        6.000
    10:        6.000       23.000        6.000        6.000       23.000
    15:        2.000        4.000       22.000       24.000       21.000
    20:       22.000       19.000       11.000        6.000       23.000
    25:        6.000       23.000       23.000       23.000        2.000
    30:        4.000       22.000       24.000       19.000       11.000
    35:        2.000        4.000       22.000       24.000       19.000
    40:       11.000        6.000        6.000        6.000        6.000
    45:        6.000        6.000        6.000        6.000        6.000
    50:        6.000        6.000        6.000        6.000        6.000
    55:        6.000        6.000        6.000        6.000        6.000
    60:        6.000        6.000        6.000        6.000        6.000
    65:        6.000        6.000        6.000        6.000        2.000
    70:        4.000       22.000       24.000       19.000       11.000
    75:        2.000        4.000       22.000       24.000       21.000
    80:       22.000       21.000       22.000       19.000       11.000
    85:        6.000        6.000        6.000        6.000        6.000
    90:        6.000        6.000        6.000        6.000        6.000
    95:        6.000        6.000        6.000        6.000        6.000
   100:        6.000        2.000        4.000       22.000       24.000
   105:       19.000       11.000       23.000       23.000        6.000
   110:        6.000        6.000        6.000        6.000        6.000
   115:        2.000        4.000       22.000       24.000       19.000
   120:       11.000        6.000        6.000        6.000        6.000
   125:        6.000        6.000        6.000        6.000        6.000
   130:        6.000        6.000        6.000        6.000        6.000
   135:        6.000        6.000        6.000        6.000        6.000
   140:        6.000        6.000        6.000        6.000        6.000
   145:        6.000        6.000        6.000        6.000        6.000
   150:        6.000        6.000        6.000        6.000        6.000
   155:        6.000        6.000        6.000        6.000       23.000
   160:       23.000       23.000        2.000        4.000       22.000
   165:       24.000       21.000       22.000       21.000       22.000
   170:        6.000        6.000        6.000       19.000       11.000
   175:        6.000        6.000        6.000        2.000        4.000
   180:       22.000       24.000       19.000       11.000        6.000
   185:        6.000        6.000        6.000        6.000       23.000
   190:       23.000       23.000       23.000        2.000        4.000
   195:       22.000       24.000       19.000       11.000       23.000
   200:        6.000        2.000        4.000       22.000       24.000
   205:       21.000       22.000       19.000       11.000       23.000
   210:        6.000        6.000        6.000        6.000        6.000
   215:       23.000       23.000       23.000        6.000       23.000
   220:       23.000       23.000        2.000        4.000       22.000
   225:       24.000       21.000       22.000       19.000       11.000
   230:        6.000        6.000       23.000        6.000        2.000
   235:        4.000       22.000       24.000        6.000        6.000
   240:        6.000        6.000        6.000       19.000       11.000
   245:        6.000        6.000        6.000        6.000        6.000
   250:       23.000        6.000        6.000        6.000        6.000
   255:       23.000       23.000       23.000        2.000        4.000
   260:       22.000       24.000       19.000       11.000        6.000
   265:        6.000        6.000        6.000        6.000        6.000
   270:        6.000        6.000        6.000        6.000        6.000
   275:        6.000        6.000        2.000        4.000       22.000
   280:       24.000       21.000       22.000       19.000       11.000
   285:        6.000        6.000        6.000        6.000        6.000
   290:       23.000       23.000       23.000       23.000       23.000
   295:        6.000        6.000        6.000        6.000        6.000
   300:       23.000        2.000        4.000       22.000       24.000
   305:       21.000       22.000       21.000       22.000       19.000
   310:       11.000        2.000        4.000       22.000       24.000
   315:       21.000       22.000       19.000       11.000        6.000
   320:        6.000        6.000        6.000        6.000        6.000
   325:        6.000        6.000        6.000        6.000        6.000
   330:        6.000        6.000        6.000        6.000        6.000
   335:        6.000        6.000        6.000        6.000        6.000
   340:        6.000        6.000        6.000        6.000        6.000
   345:        6.000        6.000        6.000        2.000        4.000
   350:       22.000       24.000       19.000       11.000        6.000
   355:        6.000        2.000        4.000       22.000       24.000
   360:        6.000       21.000       22.000        6.000        6.000
   365:        6.000       19.000       11.000        6.000        6.000
   370:        6.000        6.000        6.000        6.000       23.000
   375:        2.000        4.000       22.000       24.000        6.000
   380:        6.000        6.000        6.000        6.000        6.000
   385:        6.000        6.000        6.000        6.000        6.000
   390:        6.000        6.000        6.000        6.000        6.000
   395:        6.000       19.000       11.000        6.000       23.000
   400:       23.000       23.000        6.000        6.000        6.000
   405:        6.000        6.000        6.000        6.000        6.000
   410:        6.000        6.000        6.000        6.000        6.000
   415:        6.000        6.000        6.000        6.000        6.000
   420:        6.000        6.000        6.000        6.000        6.000
   425:        6.000        6.000        6.000        6.000        6.000
   430:        6.000        6.000        6.000        6.000        6.000
   435:        6.000        6.000        6.000        6.000        6.000
   440:        6.000        6.000        6.000        6.000        6.000
   445:        6.000        6.000        6.000        6.000        6.000
   450:        6.000        6.000        6.000        6.000        6.000
   455:        6.000        6.000        6.000        6.000        6.000
   460:        6.000        6.000        6.000        6.000        6.000
   465:        6.000        6.000        6.000        6.000        6.000
   470:        6.000        6.000        6.000       23.000        6.000
   475:        6.000        6.000        6.000        6.000        6.000
   480:        6.000        6.000        6.000        6.000        2.000
   485:        4.000       22.000       24.000       19.000       11.000
   490:        6.000        6.000       23.000        6.000        6.000
   495:        6.000        6.000        6.000        6.000        6.000
   500:        6.000        6.000        6.000       23.000        6.000
   505:        6.000        6.000        6.000        6.000        6.000
   510:        6.000        6.000        6.000        6.000        6.000
   515:        6.000        6.000        6.000        6.000        6.000
   520:        6.000        6.000        6.000        6.000        6.000
   525:        6.000        6.000        6.000        6.000        6.000
   530:        6.000        6.000        6.000        6.000       23.000
   535:        6.000        6.000        6.000        6.000        6.000
   540:        6.000        6.000        6.000        6.000        6.000
   545:       23.000       23.000       23.000       23.000       23.000
   550:       23.000       23.000       23.000        6.000        6.000
   555:        6.000        6.000       23.000        6.000        6.000
   560:        6.000        6.000        6.000        6.000        6.000
   565:        6.000        6.000        6.000        6.000        6.000
   570:        6.000        6.000        6.000        6.000        6.000
   575:        6.000        6.000        6.000        6.000        6.000
   580:        6.000        6.000        6.000        6.000        6.000
   585:        6.000        6.000        6.000        6.000        6.000
   590:        6.000        6.000        6.000        6.000        6.000
   595:        6.000        6.000       23.000       23.000       23.000
   600:        6.000        6.000        6.000        6.000        6.000
   605:        6.000        6.000        6.000        2.000        4.000
   610:       22.000       24.000        6.000        6.000        6.000
   615:        6.000       19.000       11.000        6.000        2.000
   620:        4.000       22.000       24.000        6.000        6.000
   625:        6.000        6.000        6.000        6.000        6.000
   630:        6.000        6.000       19.000       11.000        6.000
   635:        6.000       23.000        6.000        6.000        6.000
   640:        6.000        6.000        6.000        6.000        6.000
   645:        6.000       23.000       23.000       23.000        6.000
   650:        6.000        6.000        6.000        6.000        6.000
   655:        6.000        6.000        6.000        6.000        6.000
   660:        6.000        6.000        6.000        6.000        6.000
   665:        6.000        6.000        6.000        6.000        6.000
   670:        6.000        6.000        6.000        6.000        6.000
   675:        6.000        6.000        6.000        6.000        6.000
   680:        6.000        6.000        6.000        6.000        6.000
   685:        6.000        6.000        6.000       23.000        6.000
   690:        6.000       23.000        6.000        6.000        6.000
   695:        6.000        6.000        6.000        6.000        6.000
   700:        6.000        6.000        6.000        6.000        6.000
   705:        6.000        6.000        2.000        4.000       22.000
   710:       24.000       21.000       22.000       19.000       11.000
   715:       23.000        6.000        6.000        6.000        6.000
   720:        6.000        6.000        6.000        6.000        6.000
   725:        6.000        6.000        6.000        6.000        6.000
   730:        6.000        6.000        6.000        6.000        6.000
   735:       23.000        6.000        2.000        4.000       22.000
   740:       24.000        6.000        6.000        6.000        6.000
   745:       19.000       11.000       23.000       23.000       23.000
   750:        6.000        6.000        6.000        6.000        6.000
   755:        6.000        6.000        2.000        4.000       22.000
   760:       24.000       19.000       11.000       23.000       23.000
   765:       23.000       23.000        6.000        6.000        6.000
   770:        6.000        6.000        6.000        6.000        6.000
   775:        6.000        6.000        6.000        6.000        6.000
   780:        6.000        6.000        6.000       23.000       23.000
   785:       23.000       23.000       23.000       23.000       23.000
   790:       23.000       23.000       23.000        2.000        4.000
   795:       22.000       24.000        6.000        6.000        6.000
   800:       19.000       11.000       23.000        6.000        6.000
   805:        6.000        6.000        6.000        6.000        6.000
   810:        6.000        6.000        6.000        6.000        6.000
   815:        6.000        6.000        6.000        6.000        6.000
   820:        6.000        6.000        6.000        6.000        6.000
   825:        6.000        6.000        6.000        6.000        6.000
   830:        6.000        6.000        6.000        6.000        6.000
   835:       23.000       23.000       23.000       23.000       23.000
   840:        6.000        6.000        6.000        2.000        4.000
   845:       22.000       24.000        6.000        6.000        6.000
   850:        6.000        6.000        6.000        6.000       19.000
   855:       11.000        6.000        6.000        6.000        6.000
   860:        6.000      100.000
T:
     0:        0.000        0.000        0.000        0.000       20.510
     5:       48.400       70.750       95.760      157.150      173.110
    10:      238.420      250.520      326.050      329.300      368.230
    15:      446.260      446.260      446.260      446.270      447.630
    20:      447.630      456.260      456.270      458.560      484.410
    25:      560.860      603.620      606.490      606.930      737.460
    30:      737.460      737.460      737.470      747.460      747.470
    35:      783.270      783.270      783.270      783.280      793.270
    40:      793.280      842.780      842.850      844.810      888.680
    45:      889.580      889.640      890.280      891.610      891.640
    50:      891.650      892.830      912.000      912.030      912.080
    55:      913.800      913.830      914.190      915.850      915.880
    60:      926.500      926.530      950.010      950.150      950.220
    65:      950.260      950.330      950.870      950.990     1019.270
    70:     1019.270     1019.270     1019.280     1029.270     1029.280
    75:     1042.420     1042.420     1042.420     1042.430     1046.980
    80:     1046.980     1049.260     1049.260     1052.420     1052.430
    85:     1133.900     1134.350     1262.720     1344.610     1344.650
    90:     1344.820     1352.850     1353.800     1355.320     1410.320
    95:     1411.020     1419.950     1421.000     1421.460     1422.710
   100:     1466.560     1537.240     1537.240     1537.240     1537.250
   105:     1547.240     1547.250     1696.950     1698.570     1722.780
   110:     1724.250     1774.840     1822.050     1823.070     1823.740
   115:     2316.980     2316.980     2316.980     2316.990     2326.980
   120:     2326.990     2389.870     2458.760     2499.800     2500.050
   125:     2516.330     2585.160     2597.480     2601.240     2601.710
   130:     2602.330     2602.830     2602.980     2604.010     2604.500
   135:     2606.160     2606.180     2606.220     2606.450     2607.460
   140:     2607.550     2610.150     2612.200     2613.130     2613.190
   145:     2613.780     2614.090     2629.710     2630.080     2630.790
   150:     2631.530     2631.600     2633.860     2648.020     2649.090
   155:     2651.460     2651.940     2651.970     2652.200     2654.770
   160:     2679.960     2680.450     2703.210     2703.210     2703.210
   165:     2703.220     2706.440     2706.440     2707.210     2707.210
   170:     2711.040     2711.840     2711.910     2713.210     2713.220
   175:     2988.710     2989.610     2991.800     3043.350     3043.350
   180:     3043.350     3043.360     3053.350     3053.360     3115.190
   185:     3115.880     3267.620     3273.490     3273.550     3331.530
   190:     3332.150     3332.630     3340.170     3349.900     3349.900
   195:     3349.900     3349.910     3359.900     3359.910     3379.800
   200:     3395.070     3404.480     3404.480     3404.480     3404.490
   205:     3407.620     3407.620     3414.480     3414.490     3438.980
   210:     3451.500     3460.130     3460.170     3460.690     3468.160
   215:     3691.060     3696.130     3702.000     3729.290     3822.200
   220:     3889.090     3950.350     3979.740     3979.740     3979.740
   225:     3979.750     3988.960     3988.960     3989.740     3989.750
   230:     4102.490     4112.930     4246.500     4333.540     4334.390
   235:     4334.390     4334.390     4334.400     4342.400     4342.850
   240:     4342.990     4343.110     4343.240     4344.390     4344.400
   245:     4360.770     4360.820     4362.910     4363.110     4363.300
   250:     4447.610     4595.100     4595.120     4595.140     4595.160
   255:     4608.390     4630.750     4634.650     4653.200     4653.200
   260:     4653.200     4653.210     4663.200     4663.210     4705.310
   265:     4709.390     4709.450     4718.440     4718.480     4719.960
   270:     4723.140     4723.410     4725.180     4771.070     4772.110
   275:     4772.530     4776.070     4828.310     4828.310     4828.310
   280:     4828.320     4831.830     4831.830     4838.310     4838.320
   285:     4923.720     4923.750     4923.830     4923.900     4950.360
   290:     4983.680     5008.290     5028.930     5029.000     5029.070
   295:     5045.200     5300.410     5302.370     5304.840     5304.970
   300:     5405.090     5455.980     5455.980     5455.980     5455.990
   305:     5456.500     5456.500     5461.330     5461.330     5465.980
   310:     5465.990     5466.740     5466.740     5466.740     5466.750
   315:     5471.850     5471.850     5476.740     5476.750     5557.730
   320:     5557.770     5557.900     5558.310     5562.430     5565.740
   325:     5675.450     5678.030     5678.590     5678.930     5678.990
   330:     5681.530     5690.320     5819.520     5823.320     5823.340
   335:     5831.050     5834.310     5834.340     5838.990     5839.030
   340:     5839.120     6017.020     6019.310     6020.340     6020.460
   345:     6020.760     6043.490     6043.760     6051.860     6051.860
   350:     6051.860     6051.870     6061.860     6061.870     6061.990
   355:     6062.310     6063.510     6063.510     6063.510     6063.520
   360:     6064.980     6067.330     6067.330     6071.050     6071.090
   365:     6072.340     6073.510     6073.520     6074.310     6074.480
   370:     6074.610     6075.020     6075.260     6075.330     6079.120
   375:     6131.030     6131.030     6131.030     6131.040     6132.790
   380:     6132.890     6133.010     6133.270     6133.290     6133.300
   385:     6133.400     6133.560     6133.580     6133.620     6134.120
   390:     6136.890     6136.970     6138.940     6139.660     6139.990
   395:     6140.820     6141.030     6141.040     6141.450     6153.340
   400:     6271.600     6275.520     6284.730     6284.840     6289.550
   405:     6291.130     6292.870     6294.370     6294.450     6294.590
   410:     6294.640     6294.740     6294.780     6295.500     6295.740
   415:     6298.520     6298.800     6336.530     6337.260     6338.650
   420:     6340.930     6343.550     6343.950     6344.010     6345.440
   425:     6351.720     6353.470     6354.550     6355.800     6355.970
   430:     6357.150     6358.090     6358.810     6379.600     6379.920
   435:     6380.090     6380.250     6380.460     6381.030     6381.290
   440:     6382.100     6382.860     6385.450     6385.690     6387.400
   445:     6387.560     6387.620     6388.490     6391.550     6392.130
   450:     6392.830     6392.860     6454.660     6454.670     6474.730
   455:     6479.250     6479.460     6479.510     6486.100     6486.170
   460:     6486.260     6487.790     6487.820     6487.880     6487.910
   465:     6487.980     6488.600     6488.770     6489.030     6494.960
   470:     6494.990     6495.270     6499.280     6578.840     6613.670
   475:     6613.770     6753.140     6809.320     6809.420     6812.130
   480:     6812.520     6812.960     6818.800     6818.880     6892.470
   485:     6892.470     6892.470     6892.480     6902.470     6902.480
   490:     6977.440     6988.350     7004.580     7143.910     7144.560
   495:     7150.060     7151.080     7152.040     7154.160     7154.590
   500:     7154.610     7156.190     7184.230     7210.100     7226.080
   505:     7226.660     7228.940     7230.050     7236.570     7244.270
   510:     7244.410     7246.640     7246.720     7247.110     7250.340
   515:     7251.110     7251.560     7251.890     7252.070     7254.570
   520:     7257.700     7258.290     7262.190     7262.300     7262.580
   525:     7283.380     7283.600     7287.010     7287.030     7292.100
   530:     7292.480     7292.570     7292.950     7294.940     7359.340
   535:     7385.860     7387.580     7388.490     7389.150     7389.170
   540:     7389.590     7392.590     7392.620     7399.030     7399.070
   545:     7440.150     7459.960     7466.980     7483.250     7484.010
   550:     7485.720     7516.270     7516.490     7533.410     7540.430
   555:     7540.480     7576.850     7608.940     7621.620     7621.720
   560:     7622.820     7623.610     7625.190     7625.300     7625.500
   565:     7625.600     7625.850     7626.350     7626.700     7643.830
   570:     7644.160     7661.760     7732.840     7732.860     7733.060
   575:     7733.360     7733.440     7734.290     7734.540     7737.860
   580:     7743.400     7743.740     7743.910     7744.090     7744.230
   585:     7745.570     7745.710     7746.090     7746.130     7750.240
   590:     7751.100     7751.180     7751.340     7755.540     7755.590
   595:     7755.700     7756.830     7800.620     7805.260     7823.660
   600:     7873.250     7873.280     7885.620     7992.930     8006.740
   605:     8006.770     8006.910     8007.120     8060.410     8060.410
   610:     8060.410     8060.420     8063.350     8067.090     8068.010
   615:     8069.010     8070.410     8070.420     8087.160     8094.270
   620:     8094.270     8094.270     8094.280     8095.700     8097.290
   625:     8099.870     8099.980     8100.530     8100.560     8102.490
   630:     8102.720     8103.530     8104.270     8104.280     8105.010
   635:     8105.070     8117.720     8197.000     8197.050     8197.980
   640:     8203.040     8210.030     8248.350     8248.950     8261.620
   645:     8262.870     8504.810     8592.850     8679.360     8751.210
   650:     8785.610     8785.800     8785.870     8836.400     8836.740
   655:     8839.470     8840.040     8840.760     8840.820     8840.840
   660:     8841.020     8841.070     8888.400     8889.230     8889.840
   665:     8891.600     8893.420     8893.760     8894.150     8894.790
   670:     8898.260     8898.350     8898.430     8899.250     8900.060
   675:     8900.400     8900.470     8900.610     8903.860     8947.680
   680:     8951.430     8951.670     8951.680     8959.230     8965.240
   685:     8965.800     8965.810     8966.340     8988.640     8994.000
   690:     8998.700     9154.560     9165.520     9165.860     9165.970
   695:     9168.650     9173.920     9177.590     9179.720     9182.630
   700:     9184.000     9184.180     9184.410     9184.460     9185.400
   705:     9185.550     9185.780     9222.700     9222.700     9222.700
   710:     9222.710     9223.190     9223.190     9232.700     9232.710
   715:     9259.830     9274.160     9274.950     9274.970     9299.880
   720:     9301.200     9301.980     9302.740     9302.810     9348.130
   725:     9441.750     9459.730     9504.840     9504.880     9504.960
   730:     9505.170     9505.790     9505.860     9506.950     9507.460
   735:     9545.900     9549.280     9566.230     9566.230     9566.230
   740:     9566.240     9567.050     9568.950     9569.780     9570.060
   745:     9576.230     9576.240     9597.400     9649.590     9654.110
   750:     9729.700     9729.810     9735.260     9804.450     9825.210
   755:     9825.470     9828.290     9883.710     9883.710     9883.710
   760:     9883.720     9893.710     9893.720     9932.960     9933.460
   765:     9947.740     9950.520     9995.920     9998.280    10034.410
   770:    10038.680    10038.730    10038.750    10038.810    10039.110
   775:    10039.770    10040.300    10042.440    10042.910    10043.290
   780:    10043.670    10066.940    10069.040    10117.530    10157.570
   785:    10176.750    10179.100    10210.340    10211.270    10213.200
   790:    10213.340    10217.050    10218.350    10224.050    10224.050
   795:    10224.050    10224.060    10225.280    10231.280    10233.520
   800:    10234.050    10234.060    10286.540    10306.460    10306.850
   805:    10316.240    10316.310    10317.430    10330.360    10330.540
   810:    10332.890    10332.970    10336.460    10338.150    10338.620
   815:    10339.060    10340.590    10340.620    10341.430    10341.450
   820:    10342.030    10342.140    10349.530    10349.670    10351.650
   825:    10352.000    10352.050    10352.870    10356.370    10357.090
   830:    10358.360    10358.720    10358.800    10358.880    10372.930
   835:    10487.660    10497.280    10501.430    10502.870    10506.360
   840:    10555.730    10555.960    10593.840    10607.780    10607.780
   845:    10607.780    10607.790    10612.050    10612.740    10613.110
   850:    10614.120    10614.700    10614.730    10616.860    10617.780
   855:    10617.790    10619.000    10619.530    10620.610    10622.790
   860:    10624.070    10800.010
