File: C:\MED-PC\Data\2025-03-18_12h45m_Subject 88.txt


Start Date: 03/18/25
End Date: 03/18/25
Subject: 88
Experiment: OralFentSA
Group: One
Box: 4
Start Time: 12:45:52
End Time: 15:47:06
MSN: 20241014_Golden_Liq_SelfAdmin
F:       0.000
G:     375.000
H:   10800.000
I:       0.000
J:       0.000
K:       0.000
L:       0.000
M:       0.000
N:       0.000
O:       0.000
P:       0.000
Q:       0.000
R:       0.000
S:       0.000
U:       0.000
V:       0.000
W:       0.000
X:       0.000
Y:       0.000
Z:       0.000
A:
     0:        0.000        0.000      180.000        4.000        0.000
     5:        5.000        0.000        5.000        0.000        0.000
    10:        1.000        0.000       10.000  3000000.000       21.000
    15:       12.000      640.000        0.000        0.000        0.000
    20:        0.000
B:
     0:        0.000        0.000        0.000      400.000        0.000
     5:      500.000        0.000      500.000        0.000        0.000
    10:        0.000        0.000     1000.000 300000000.000        0.000
    15:        0.000        0.000        0.000        0.000        0.000
    20:        0.000
C:
     0:       15.000       16.000        1.000       28.000      134.000
     5:    10304.890        4.580       14.000      201.770       14.412
    10:       28.000        1.000        0.000        0.000        0.000
    15:        0.000        0.000        0.000        0.000        0.000
    20:        0.000
D:
     0:        1.110        4.970       18.940        2.430       12.870
     5:      111.650        5.210        4.050       13.480        3.140
    10:        9.240        6.260        3.840        4.580
E:
     0:       19.000       11.000       26.000       27.000        6.000
     5:        2.000        4.000       22.000       24.000       12.000
    10:       13.000        8.000        5.000       17.000        6.000
    15:       18.000       14.000       10.000       19.000       11.000
    20:        6.000        6.000        6.000        6.000        6.000
    25:        6.000        6.000        6.000        6.000        2.000
    30:        4.000       22.000       24.000       12.000       13.000
    35:        8.000        5.000       17.000       21.000       22.000
    40:       18.000        6.000       14.000       10.000       19.000
    45:       11.000        6.000        2.000        4.000       22.000
    50:       24.000       12.000       13.000        8.000        5.000
    55:       17.000       18.000       14.000       10.000       19.000
    60:       11.000        6.000        6.000        6.000        6.000
    65:        6.000        6.000        6.000        6.000        6.000
    70:        6.000        6.000        6.000        6.000        6.000
    75:        6.000        6.000        6.000        6.000        6.000
    80:        6.000        6.000        6.000        6.000        6.000
    85:        6.000        6.000        6.000        2.000        4.000
    90:       22.000       24.000       12.000       13.000        8.000
    95:        5.000       17.000        6.000       18.000       14.000
   100:       10.000       19.000       11.000        6.000        6.000
   105:        6.000        6.000        6.000        6.000        6.000
   110:        6.000        6.000        6.000        6.000        6.000
   115:        6.000        6.000        6.000        6.000        6.000
   120:        6.000        6.000        6.000        6.000        2.000
   125:        4.000       22.000       24.000       12.000       13.000
   130:        8.000        5.000       17.000       21.000       22.000
   135:       18.000       14.000       10.000       19.000       11.000
   140:        6.000        6.000        6.000        6.000        6.000
   145:        6.000        6.000        6.000        2.000        4.000
   150:       22.000       24.000       12.000       13.000        8.000
   155:        5.000       17.000       18.000       14.000       10.000
   160:       19.000       11.000        6.000        6.000        6.000
   165:        6.000        6.000        6.000        6.000        6.000
   170:        6.000        2.000        4.000       22.000       24.000
   175:       12.000       13.000        8.000        5.000       17.000
   180:       18.000       14.000       10.000        6.000       19.000
   185:       11.000        6.000        6.000        6.000        6.000
   190:        6.000        6.000        6.000        6.000        6.000
   195:        6.000        6.000        6.000        6.000        6.000
   200:        6.000        1.000        6.000        6.000        6.000
   205:        6.000        6.000        6.000        6.000        6.000
   210:        6.000        6.000        2.000        4.000       22.000
   215:       24.000       12.000       13.000        8.000        5.000
   220:       17.000       21.000       22.000       18.000        6.000
   225:       14.000       10.000       19.000       11.000        6.000
   230:        6.000        6.000        6.000        6.000        6.000
   235:        6.000        2.000        4.000       22.000       24.000
   240:       12.000       13.000        8.000        5.000       17.000
   245:       21.000       22.000       18.000       14.000       10.000
   250:       19.000       11.000        6.000        6.000        6.000
   255:        6.000        6.000        6.000        6.000        2.000
   260:        4.000       22.000       24.000       12.000       13.000
   265:        8.000        5.000       17.000        6.000       18.000
   270:       14.000       10.000       19.000       11.000        2.000
   275:        4.000       22.000       24.000       12.000       13.000
   280:        8.000        5.000       17.000       18.000       14.000
   285:       10.000        6.000       19.000       11.000        2.000
   290:        4.000       22.000       24.000       12.000       13.000
   295:        8.000        5.000       17.000       21.000       22.000
   300:       18.000       14.000       10.000        6.000       19.000
   305:       11.000        6.000        6.000        6.000        6.000
   310:        6.000        6.000        6.000        6.000        6.000
   315:        2.000        4.000       22.000       24.000       12.000
   320:       13.000        8.000        5.000       17.000       21.000
   325:       22.000        6.000       18.000       14.000       10.000
   330:       19.000       11.000        2.000        4.000       22.000
   335:       24.000       12.000       13.000        8.000        5.000
   340:       17.000       21.000       22.000       21.000       22.000
   345:       21.000       22.000       18.000       21.000       22.000
   350:       21.000       22.000       14.000       10.000       21.000
   355:       22.000       21.000       22.000       19.000       11.000
   360:        2.000        4.000       22.000       24.000       12.000
   365:       13.000        8.000        5.000       17.000       18.000
   370:        6.000       14.000       10.000       19.000       11.000
   375:      100.000
T:
     0:        0.000        0.000        0.000        0.000       31.040
     5:       67.990       67.990       67.990       68.000       68.000
    10:       68.000       68.000       68.000       68.000       69.110
    15:       72.000       73.000       73.000       77.990       78.000
    20:      135.760      138.740      177.560      183.040      184.120
    25:      217.070      217.290      217.750      258.580      288.090
    30:      288.090      288.090      288.100      288.100      288.100
    35:      288.100      288.100      288.100      289.020      289.020
    40:      292.100      293.070      293.100      293.100      298.090
    45:      298.100      353.930      401.020      401.020      401.020
    50:      401.030      401.030      401.030      401.030      401.030
    55:      401.030      405.030      406.030      406.030      411.020
    60:      411.030      419.970      423.080      423.570      447.680
    65:      447.860      449.210      616.370      616.990      675.050
    70:      783.560      902.820     1425.140     1885.770     1885.790
    75:     1892.710     1895.860     1896.930     2417.050     2483.570
    80:     2484.620     2486.030     2496.190     2605.160     2605.450
    85:     2611.560     2664.420     2779.580     2784.370     2784.370
    90:     2784.370     2784.380     2784.380     2784.380     2784.380
    95:     2784.380     2784.380     2786.810     2788.380     2789.380
   100:     2789.380     2794.370     2794.380     2796.260     2798.450
   105:     2798.820     2799.900     2802.860     2803.200     2803.310
   110:     2803.390     2803.560     2805.420     2827.980     2828.590
   115:     2829.980     2832.290     2833.250     2840.090     2840.680
   120:     2843.450     2846.930     2854.370     4608.620     4635.550
   125:     4635.550     4635.550     4635.560     4635.560     4635.560
   130:     4635.560     4635.560     4635.560     4638.090     4638.090
   135:     4639.560     4640.560     4640.560     4645.550     4645.560
   140:     4648.430     4721.690     4775.450     4798.610     4927.580
   145:     4927.670     4929.090     4990.300     5131.750     5131.750
   150:     5131.750     5131.760     5131.760     5131.760     5131.760
   155:     5131.760     5131.760     5135.760     5136.760     5136.760
   160:     5141.750     5141.760     5243.410     5245.250     5245.660
   165:     5246.290     5246.380     5246.990     5247.780     5539.910
   170:     5540.630     5585.760     5585.760     5585.760     5585.770
   175:     5585.770     5585.770     5585.770     5585.770     5585.770
   180:     5589.770     5590.770     5590.770     5590.980     5595.760
   185:     5595.770     5635.720     5636.340     5636.860     5637.370
   190:     5638.030     5638.740     5638.830     5639.400     5639.510
   195:     5639.680     5640.140     5640.730     5640.930     5641.960
   200:     5642.750     5668.850     5721.160     5743.290     5746.770
   205:     5747.110     5765.910     5766.090     5766.200     5778.850
   210:     5788.840     5789.300     5817.390     5817.390     5817.390
   215:     5817.400     5817.400     5817.400     5817.400     5817.400
   220:     5817.400     5820.250     5820.250     5821.400     5821.450
   225:     5822.400     5822.400     5827.390     5827.400     8057.520
   230:     8058.880     8059.140     8062.740     8071.080     8105.980
   235:     8106.300     8142.120     8142.120     8142.120     8142.130
   240:     8142.130     8142.130     8142.130     8142.130     8142.130
   245:     8144.970     8144.970     8146.130     8147.130     8147.130
   250:     8152.120     8152.130     8155.610     8159.240     8159.840
   255:     8160.050     8160.620     8160.690     8161.730     8170.930
   260:     8170.930     8170.930     8170.940     8170.940     8170.940
   265:     8170.940     8170.940     8170.940     8174.080     8174.940
   270:     8175.940     8175.940     8180.930     8180.940     8200.710
   275:     8200.710     8200.710     8200.720     8200.720     8200.720
   280:     8200.720     8200.720     8200.720     8204.720     8205.720
   285:     8205.720     8209.960     8210.710     8210.720     8250.500
   290:     8250.500     8250.500     8250.510     8250.510     8250.510
   295:     8250.510     8250.510     8250.510     8251.050     8251.050
   300:     8254.510     8255.510     8255.510     8256.770     8260.500
   305:     8260.510     9198.870     9199.040     9223.910     9593.550
   310:     9594.420     9594.920    10179.140    10269.570    10269.760
   315:    10277.400    10277.400    10277.400    10277.410    10277.410
   320:    10277.410    10277.410    10277.410    10277.410    10280.170
   325:    10280.170    10281.250    10281.410    10282.410    10282.410
   330:    10287.400    10287.410    10292.150    10292.150    10292.150
   335:    10292.160    10292.160    10292.160    10292.160    10292.160
   340:    10292.160    10292.400    10292.400    10293.580    10293.580
   345:    10294.230    10294.230    10296.160    10296.350    10296.350
   350:    10296.670    10296.670    10297.160    10297.160    10298.920
   355:    10298.920    10300.560    10300.560    10302.150    10302.160
   360:    10304.880    10304.880    10304.880    10304.890    10304.890
   365:    10304.890    10304.890    10304.890    10304.890    10308.890
   370:    10309.470    10309.890    10309.890    10314.880    10314.890
   375:    10800.000
