File: C:\MED-PC IV\DATA\!2025-02-28_12h51m.Subject 65



Start Date: 02/28/25
End Date: 02/28/25
Subject: 65
Experiment: OralFentSA
Group: One
Box: 1
Start Time: 12:51:41
End Time: 15:52:10
MSN: Golden_Liq_SelfAdmin
F:       0.000
G:     446.000
H:   10800.010
I:       0.000
J:       0.000
K:       0.000
L:       0.000
M:       0.000
N:       0.000
O:       0.000
P:       0.000
Q:       0.000
R:       0.000
S:       0.000
U:       0.000
V:       0.000
W:       0.000
X:       0.000
Y:       0.000
Z:       0.000
A:
     0:        0.000        0.000      180.000        4.000        0.000
     5:        5.000        0.000        5.000        0.000        0.000
    10:        1.000        0.000       10.000 100000000.00       22.000
    15:       15.000      640.000        0.000        0.000        0.000
    20:        0.000
B:
     0:        0.000        0.000        0.000      400.000        0.000
     5:      500.000        0.000      500.000        0.000        0.000
    10:        0.000        0.000     1000.000 10000000000.        0.000
    15:        0.000        0.000        0.000        0.000        0.000
    20:        0.000
C:
     0:        2.000        3.000        0.000        2.000      411.000
     5:      591.040       10.940        2.000       60.050       30.025
    10:        2.000        3.000        0.000        0.000        0.000
    15:        0.000        0.000        0.000        0.000        0.000
    20:        0.000
D:
     0:       49.110       10.940
E:
     0:       19.000       11.000       26.000       27.000        6.000
     5:       23.000        6.000        6.000        6.000        6.000
    10:        6.000        6.000        6.000        6.000        6.000
    15:        6.000        6.000        6.000        6.000        6.000
    20:        6.000        6.000        6.000        6.000        6.000
    25:        6.000        6.000        2.000        4.000       22.000
    30:       24.000       12.000       13.000        8.000        5.000
    35:       17.000       18.000       14.000       10.000       19.000
    40:       11.000        6.000        6.000        6.000        6.000
    45:       23.000       23.000        6.000        6.000        6.000
    50:        6.000        6.000        6.000        6.000        6.000
    55:        6.000        6.000        6.000        6.000        6.000
    60:        6.000        6.000        6.000        6.000        2.000
    65:        4.000       22.000       24.000       12.000       13.000
    70:        8.000        5.000       17.000       18.000       14.000
    75:       10.000       19.000       11.000        6.000        6.000
    80:        6.000        6.000        6.000        6.000        6.000
    85:        6.000        6.000        6.000        6.000        6.000
    90:        6.000        6.000        6.000        6.000        6.000
    95:        6.000        6.000        6.000        6.000        6.000
   100:        6.000        6.000        6.000        6.000        6.000
   105:        6.000        6.000        6.000        6.000        6.000
   110:        6.000        6.000        6.000        6.000        6.000
   115:        6.000        6.000        6.000        6.000        6.000
   120:        6.000        6.000        6.000        6.000        6.000
   125:        6.000        6.000        6.000        6.000        6.000
   130:        6.000        6.000        6.000        6.000        6.000
   135:        6.000        6.000        6.000        6.000        6.000
   140:        6.000        6.000        6.000        6.000        6.000
   145:        6.000        6.000        6.000        6.000        6.000
   150:        6.000        6.000        6.000        6.000        6.000
   155:        6.000        6.000        6.000        6.000        6.000
   160:        6.000        6.000        6.000        6.000        6.000
   165:        6.000        6.000        6.000        6.000        6.000
   170:        6.000        6.000        6.000        6.000        6.000
   175:        6.000        6.000        6.000        6.000        6.000
   180:        6.000        6.000        6.000        6.000        6.000
   185:        6.000        6.000        6.000        6.000        6.000
   190:        6.000        6.000        6.000        6.000        6.000
   195:        6.000        6.000        6.000        6.000        6.000
   200:        6.000        6.000        6.000        6.000        6.000
   205:        6.000        6.000        6.000        6.000        6.000
   210:        6.000        6.000        6.000        6.000        6.000
   215:        6.000        6.000        6.000        6.000        6.000
   220:        6.000        6.000        6.000        6.000        6.000
   225:        6.000        6.000        6.000        6.000        6.000
   230:        6.000        6.000        6.000        6.000        6.000
   235:        6.000        6.000        6.000        6.000        6.000
   240:        6.000        6.000        6.000        6.000        6.000
   245:        6.000        6.000        6.000        6.000        6.000
   250:        6.000        6.000        6.000        6.000        6.000
   255:        6.000        6.000        6.000        6.000        6.000
   260:        6.000        6.000        6.000        6.000        6.000
   265:        6.000        6.000        6.000        6.000        6.000
   270:        6.000        6.000        6.000        6.000        6.000
   275:        6.000        6.000        6.000        6.000        6.000
   280:        6.000        6.000        6.000        6.000        6.000
   285:        6.000        6.000        6.000        6.000        6.000
   290:        6.000        6.000        6.000        6.000        6.000
   295:        6.000        6.000        6.000        6.000        6.000
   300:        6.000        6.000        6.000        6.000        6.000
   305:        6.000        6.000        6.000        6.000        6.000
   310:        6.000        6.000        6.000        6.000        6.000
   315:        6.000        6.000        6.000        6.000        6.000
   320:        6.000        6.000        6.000        6.000        6.000
   325:        6.000        6.000        6.000        6.000        6.000
   330:        6.000        6.000        6.000        6.000        6.000
   335:        6.000        6.000        6.000        6.000        6.000
   340:        6.000        6.000        6.000        6.000        6.000
   345:        6.000        6.000        6.000        6.000        6.000
   350:        6.000        6.000        6.000        6.000        6.000
   355:        6.000        6.000        6.000        6.000        6.000
   360:        6.000        6.000        6.000        6.000        6.000
   365:        6.000        6.000        6.000        6.000        6.000
   370:        6.000        6.000        6.000        6.000        6.000
   375:        6.000        6.000        6.000        6.000        6.000
   380:        6.000        6.000        6.000        6.000        6.000
   385:        6.000        6.000        6.000        6.000        6.000
   390:        6.000        6.000        6.000        6.000        6.000
   395:        6.000        6.000        6.000        6.000        6.000
   400:        6.000        6.000        6.000        6.000        6.000
   405:        6.000        6.000        6.000        6.000        6.000
   410:        6.000        6.000        6.000        6.000        6.000
   415:        6.000        6.000        6.000        6.000        6.000
   420:        6.000        6.000        6.000        6.000        6.000
   425:        6.000        6.000        6.000        6.000        6.000
   430:        6.000        6.000        6.000        6.000        6.000
   435:        6.000        6.000        6.000        6.000        6.000
   440:        6.000        6.000        6.000        6.000        6.000
   445:        6.000      100.000
T:
     0:        0.000        0.000        0.000        0.000       34.140
     5:       53.880      108.340      109.150      109.470      109.510
    10:      110.190      110.710      111.010      111.310      111.420
    15:      114.660      117.670      117.840      117.970      136.310
    20:      186.930      187.060      276.270      277.480      278.270
    25:      292.970      293.420      301.880      301.880      301.880
    30:      301.890      301.890      301.890      301.890      301.890
    35:      301.890      305.890      306.890      306.890      311.880
    40:      311.890      351.000      352.390      352.840      360.150
    45:      367.380      373.390      414.080      414.850      417.270
    50:      420.100      442.580      443.060      443.680      444.800
    55:      446.810      447.590      454.090      460.100      461.930
    60:      462.390      462.540      531.350      586.840      591.030
    65:      591.030      591.030      591.040      591.040      591.040
    70:      591.040      591.040      591.040      595.040      596.040
    75:      596.040      601.030      601.040      601.980      603.050
    80:      607.330      608.420      608.580      608.690      608.870
    85:      608.920      608.960      609.030      660.750      664.270
    90:      667.380      667.560      668.370      668.670      669.910
    95:      675.010      675.870      676.010      676.610      676.800
   100:      933.430      962.070     1488.210     1489.110     1490.710
   105:     1490.770     1490.820     1491.790     1492.180     1492.320
   110:     1532.460     1799.460     1801.240     1801.560     1810.490
   115:     1839.440     1847.300     1850.000     1850.350     1850.530
   120:     1850.870     1851.510     1852.170     1853.000     1853.020
   125:     1853.430     1854.200     1854.760     1855.110     1855.830
   130:     1858.770     1859.330     1859.770     1859.860     1860.350
   135:     1864.240     1870.150     1900.980     1908.300     1911.760
   140:     1912.810     1912.940     1913.320     1913.450     1942.350
   145:     1950.590     1956.450     1958.490     2000.140     2078.010
   150:     2078.170     2087.400     2101.120     2102.980     2122.190
   155:     2122.250     2122.580     2124.740     2125.660     2125.990
   160:     2788.650     2795.070     2998.380     3402.750     3417.010
   165:     3733.380     3790.080     3851.690     3852.490     3944.940
   170:     3947.660     3949.860     3950.000     3950.750     3950.890
   175:     3954.160     3954.360     3954.420     3955.480     3958.340
   180:     3959.470     3960.150     3966.120     3966.210     3970.710
   185:     3974.050     3975.020     3975.160     3978.570     3978.700
   190:     3978.980     3979.220     3979.270     3979.350     3979.920
   195:     3985.280     3985.450     3985.530     3986.890     3992.900
   200:     4066.820     4071.950     4072.260     4110.220     4110.430
   205:     4111.220     4111.430     4111.810     4112.610     4112.760
   210:     4113.160     4114.150     4116.450     4179.030     4190.270
   215:     4495.690     4512.110     4528.810     4675.710     4689.200
   220:     4731.320     5007.550     5148.740     5149.980     5150.460
   225:     5209.040     5593.430     5613.390     5613.960     5617.310
   230:     5619.040     5619.840     5622.130     6045.390     6046.650
   235:     6046.690     6047.040     6053.010     6054.390     6054.570
   240:     6055.960     6056.820     6070.180     6071.580     6072.380
   245:     6106.250     6118.230     6118.360     6121.690     6133.330
   250:     6203.920     6204.670     6208.450     6209.630     6212.140
   255:     6212.680     6213.430     6220.090     6223.080     6226.960
   260:     6227.300     6227.430     6227.560     6231.410     6231.870
   265:     6236.700     6236.890     6266.990     6293.740     6296.730
   270:     6312.920     6313.320     6442.750     6443.600     6468.670
   275:     6498.510     6500.170     6500.730     6519.360     6811.780
   280:     6811.870     6944.930     6949.730     6952.820     7571.420
   285:     7571.980     7573.020     7573.720     7577.390     7578.140
   290:     7579.180     7599.960     7600.190     7729.860     7770.150
   295:     7816.150     7816.690     7816.740     7816.830     7816.860
   300:     7818.100     7852.760     7896.850     7897.130     7898.170
   305:     7898.220     7901.450     7943.410     7946.060     7963.170
   310:     8006.790     8007.270     8009.410     8029.740     8048.910
   315:     8048.960     8052.540     8056.660     8066.700     8067.640
   320:     8071.320     8073.920     8141.310     8185.980     8186.730
   325:     8691.740     8691.880     8694.010     8694.070     8694.170
   330:     8694.730     8694.900     8699.180     8699.380     8817.510
   335:     8818.330     8819.480     8848.340     8852.800     8855.320
   340:     8855.480     8856.670     8861.580     8928.400     8930.190
   345:     8932.900     8934.600     8936.710     8939.880     8943.320
   350:     8945.250     8945.690     8946.070     8947.820     8949.470
   355:     8950.700     8953.660     8953.680     8953.950     8954.180
   360:     8956.090     8956.220     8956.410     8960.110     8960.330
   365:     8960.580     8963.880     8963.990     8975.410     8987.890
   370:     8988.190     8988.260     8988.300     8989.280     8989.670
   375:     9010.760     9014.960     9016.760     9017.710     9018.020
   380:     9027.810     9041.110     9041.150     9041.510     9048.190
   385:     9160.190     9160.280     9160.610     9169.240     9170.460
   390:     9171.640     9171.990     9172.880     9173.960     9174.150
   395:     9174.690     9196.100     9196.820     9197.980     9201.580
   400:     9201.680     9202.250     9202.780     9202.990     9227.800
   405:     9235.360     9246.000     9249.480     9278.830     9280.130
   410:     9282.710     9283.180     9284.160     9288.140     9288.530
   415:     9341.010     9341.970     9346.240     9383.540     9384.800
   420:     9384.930     9588.870     9790.420     9827.230     9838.650
   425:     9907.760     9908.560     9908.960     9909.620    10082.540
   430:    10082.570    10087.890    10088.040    10144.860    10145.720
   435:    10145.810    10147.650    10147.940    10148.540    10148.860
   440:    10244.280    10670.150    10670.780    10737.850    10738.460
   445:    10739.350    10800.010
