File: C:\MED-PC\Data\2025-04-08_09h19m_Subject 82.txt


Start Date: 04/08/25
End Date: 04/08/25
Subject: 82
Experiment: OralFentSA
Group: One
Box: 10
Start Time: 09:19:53
End Time: 12:20:05
MSN: Golden_Liq_SelfAdmin_EXT
F:       0.000
G:     154.000
H:   10800.000
I:       0.000
J:       0.000
K:       0.000
L:       0.000
M:       0.000
N:       0.000
O:       0.000
P:       0.000
Q:       0.000
R:       0.000
S:       0.000
U:       0.000
V:       0.000
W:       0.000
X:       0.000
Y:       0.000
Z:       0.000
A:
     0:        0.000        0.000      180.000        4.000        0.000
     5:        5.000        0.000        5.000        0.000        0.000
    10:        1.000        0.000       10.000   100000.000       25.000
    15:       26.000      600.000        0.000        0.000        0.000
    20:        0.000
B:
     0:        0.000        0.000        0.000        0.000        0.000
     5:        0.000        0.000        0.000        0.000        0.000
    10:        0.000        0.000     1000.000 10000000.000        0.000
    15:        0.000        0.000        0.000        0.000        0.000
    20:        0.000
C:
     0:        0.000        9.000        9.000        9.000       83.000
     5:    10674.150        6.200        5.000       64.030       12.806
    10:        9.000        9.000        0.000        0.000        0.000
    15:        0.000        0.000        0.000        0.000        0.000
    20:        0.000
D:
     0:       26.840       13.770       14.760        2.460        6.200
E:
     0:       19.000       11.000       26.000       27.000        6.000
     5:        6.000        6.000        6.000        6.000        6.000
    10:        6.000        6.000        6.000        6.000        1.000
    15:        1.000        6.000        1.000        2.000        4.000
    20:       22.000       24.000       12.000       19.000       11.000
    25:        1.000        6.000        6.000        6.000        1.000
    30:        6.000        6.000        6.000        6.000        6.000
    35:        6.000        6.000        6.000        6.000        6.000
    40:        6.000        6.000        6.000        6.000        6.000
    45:        6.000        6.000        2.000        4.000       22.000
    50:       24.000       12.000       19.000       11.000        6.000
    55:        6.000        6.000        6.000        6.000        6.000
    60:        6.000        6.000        6.000        2.000        4.000
    65:       22.000       24.000       12.000       21.000       22.000
    70:       19.000       11.000        6.000        6.000        6.000
    75:        6.000        6.000        6.000        6.000        6.000
    80:        1.000        6.000        6.000        6.000        6.000
    85:        6.000        6.000        6.000        6.000        6.000
    90:        6.000        6.000        6.000        6.000        6.000
    95:        6.000        6.000        6.000        6.000        6.000
   100:        6.000        6.000        6.000        6.000        6.000
   105:        2.000        4.000       22.000       24.000       12.000
   110:       19.000       11.000        2.000        4.000       22.000
   115:       24.000       12.000        6.000        6.000        6.000
   120:        6.000        6.000       19.000       11.000        6.000
   125:        2.000        4.000       22.000       24.000       12.000
   130:       19.000       11.000        1.000        1.000        1.000
   135:        2.000        4.000       22.000       24.000       12.000
   140:        6.000        6.000       19.000       11.000        6.000
   145:        6.000        6.000        2.000        4.000       22.000
   150:       24.000       12.000       19.000       11.000      100.000
T:
     0:        0.000        0.000        0.000        0.000       40.740
     5:       40.910       41.810       42.220       47.470       47.540
    10:       47.600      109.930      110.100      110.390      125.110
    15:      126.530      187.410      192.560      206.170      206.170
    20:      206.170      206.180      206.180      216.170      216.180
    25:      223.050      233.020      235.470      236.930      321.830
    30:      483.780      486.450      487.360      491.400      491.740
    35:      494.650      494.710      494.810      495.030      496.710
    40:      513.980      515.010      515.180      515.420      554.800
    45:      554.960      620.440      654.860      654.860      654.860
    50:      654.870      654.870      664.860      664.870      668.640
    55:      669.520      685.970      687.270      688.290      691.350
    60:      691.800      698.940      699.000      709.250      709.250
    65:      709.250      709.260      709.260      709.410      709.410
    70:      719.250      719.260      724.020      724.060      933.930
    75:      934.030      934.230      960.530     1006.120     1007.880
    80:     1021.200     1023.700     1025.460     1027.800     1030.980
    85:     1031.150     1031.240     1031.380     1032.230     1035.280
    90:     1036.300     1038.980     1039.680     1051.130     1051.560
    95:     1051.650     1052.470     1054.200     1063.350     1063.540
   100:     1072.580     1080.220     1102.130     1102.230     1102.370
   105:     1169.920     1169.920     1169.920     1169.930     1169.930
   110:     1179.920     1179.930     4556.540     4556.540     4556.540
   115:     4556.550     4556.550     4559.010     4560.380     4565.680
   120:     4565.740     4565.840     4566.540     4566.550     5199.500
   125:     5247.990     5247.990     5247.990     5248.000     5248.000
   130:     5257.990     5258.000     5269.770     5276.320     5277.820
   135:     5283.800     5283.800     5283.800     5283.810     5283.810
   140:     5290.010     5290.660     5293.800     5293.810     9921.760
   145:     9922.310    10487.690    10674.140    10674.140    10674.140
   150:    10674.150    10674.150    10684.140    10684.150    10800.000
