File: C:\MED-PC\Data\2025-03-27_12h03m_Subject 95.txt


Start Date: 03/27/25
End Date: 03/27/25
Subject: 95
Experiment: OralFentSA
Group: One
Box: 12
Start Time: 12:03:42
End Time: 15:03:56
MSN: Golden_Liq_SelfAdmin_EXT
F:       0.000
G:    1588.000
H:   10800.000
I:       0.000
J:       0.000
K:       0.000
L:       0.000
M:       0.000
N:       0.000
O:       0.000
P:       0.000
Q:       0.000
R:       0.000
S:       0.000
U:       0.000
V:       0.000
W:       0.000
X:       0.000
Y:       0.000
Z:       0.000
A:
     0:        0.000        0.000      180.000        4.000        0.000
     5:        5.000        0.000        5.000        0.000        0.000
    10:        1.000        0.000       10.000   100000.000       22.000
    15:       19.000      600.000        0.000        0.000        0.000
    20:        0.000
B:
     0:        0.000        0.000        0.000        0.000        0.000
     5:        0.000        0.000        0.000        0.000        0.000
    10:        0.000        0.000     1000.000 10000000.000        0.000
    15:        0.000        0.000        0.000        0.000        0.000
    20:        0.000
C:
     0:        0.000       79.000       41.000      113.000      927.000
     5:    10554.360       62.880       49.000     2267.140       46.268
    10:      113.000       41.000        0.000        0.000        0.000
    15:        0.000        0.000        0.000        0.000        0.000
    20:        0.000
D:
     0:       16.820       66.050        2.120        2.030       10.560
     5:      371.230       77.080       97.790        8.620        3.090
    10:       60.660       75.660       64.380       48.600       27.190
    15:       86.250       78.370       11.930        6.740       67.580
    20:      117.450       34.150        5.310        6.230       20.550
    25:       13.520      130.400        2.910        6.360        1.650
    30:       64.790       12.660        2.890       18.980        3.860
    35:        8.710        3.640       75.860        9.680      100.480
    40:        8.090        4.550       71.840       30.530        3.490
    45:      103.790       63.110       96.030       62.880
E:
     0:       19.000       11.000       26.000       27.000        6.000
     5:        6.000        6.000        6.000        6.000        6.000
    10:        6.000        2.000        4.000       22.000       24.000
    15:       12.000       19.000       11.000        6.000        6.000
    20:        6.000        6.000        6.000        6.000        6.000
    25:        6.000        6.000        6.000        6.000        6.000
    30:        2.000        4.000       22.000       24.000       12.000
    35:       19.000       11.000        1.000        6.000        6.000
    40:        6.000        6.000        6.000        6.000        6.000
    45:        6.000        6.000        6.000        6.000        6.000
    50:        6.000        6.000        6.000        6.000        6.000
    55:        2.000        4.000       22.000       24.000       12.000
    60:        6.000       19.000       11.000        6.000        6.000
    65:        6.000        1.000        2.000        4.000       22.000
    70:       24.000       12.000        6.000       21.000       22.000
    75:        6.000       19.000       11.000        1.000        2.000
    80:        4.000       22.000       24.000       12.000       19.000
    85:       11.000        6.000        6.000        6.000        6.000
    90:        6.000        6.000        1.000        6.000        6.000
    95:        6.000        6.000        6.000        6.000        1.000
   100:        2.000        4.000       22.000       24.000       12.000
   105:       19.000       11.000        1.000        1.000        6.000
   110:        2.000        4.000       22.000       24.000       12.000
   115:       19.000       11.000        6.000        6.000        6.000
   120:        6.000        6.000        6.000        6.000        6.000
   125:        6.000        6.000        6.000        6.000        6.000
   130:        2.000        4.000       22.000       24.000       12.000
   135:       20.000       19.000       11.000        1.000        6.000
   140:        6.000        6.000        6.000        6.000        6.000
   145:        6.000        6.000        6.000        6.000        6.000
   150:        6.000        6.000        6.000        6.000        6.000
   155:        6.000        6.000        6.000        6.000        6.000
   160:        6.000        6.000        6.000        6.000        6.000
   165:        6.000        6.000        6.000        6.000        6.000
   170:        2.000        4.000       22.000       24.000       12.000
   175:       19.000       11.000        2.000        4.000       22.000
   180:       24.000       12.000       19.000       11.000        2.000
   185:        4.000       22.000       24.000       12.000       21.000
   190:       22.000       19.000       11.000        1.000        1.000
   195:        2.000        4.000       22.000       24.000       12.000
   200:       21.000       22.000        6.000       19.000       11.000
   205:        6.000        6.000        6.000        2.000        4.000
   210:       22.000       24.000       12.000       20.000       19.000
   215:       11.000        2.000        4.000       22.000       24.000
   220:       12.000        6.000       19.000       11.000        1.000
   225:        6.000        6.000        1.000        2.000        4.000
   230:       22.000       24.000       12.000       19.000       11.000
   235:        6.000        6.000        6.000        6.000        6.000
   240:        6.000        6.000        6.000        6.000        6.000
   245:        6.000        6.000        6.000        6.000        6.000
   250:        6.000        6.000        6.000        6.000        6.000
   255:        6.000        6.000        6.000        6.000        6.000
   260:        6.000        6.000        2.000        4.000       22.000
   265:       24.000       12.000       19.000       11.000        2.000
   270:        4.000       22.000       24.000       12.000       19.000
   275:       11.000        1.000        6.000        2.000        4.000
   280:       22.000       24.000       12.000       21.000       22.000
   285:       19.000       11.000        2.000        4.000       22.000
   290:       24.000       12.000       21.000       22.000       19.000
   295:       11.000        1.000        6.000        6.000        6.000
   300:        6.000        6.000        6.000        6.000        6.000
   305:        6.000        6.000        6.000        6.000        2.000
   310:        4.000       22.000       24.000       12.000       19.000
   315:       11.000        1.000        2.000        4.000       22.000
   320:       24.000       12.000       19.000       11.000        2.000
   325:        4.000       22.000       24.000       12.000       21.000
   330:       22.000       19.000       11.000        2.000        4.000
   335:       22.000       24.000       12.000       19.000       11.000
   340:        2.000        4.000       22.000       24.000       12.000
   345:       21.000       22.000       19.000       11.000        2.000
   350:        4.000       22.000       24.000       12.000       21.000
   355:       22.000       19.000       11.000        2.000        4.000
   360:       22.000       24.000       12.000       19.000       11.000
   365:        1.000        6.000        6.000        6.000        6.000
   370:        6.000        6.000        6.000        6.000        6.000
   375:        6.000        6.000        6.000        6.000        6.000
   380:        6.000        6.000        6.000        6.000        6.000
   385:        6.000        6.000        6.000        6.000        6.000
   390:        6.000        6.000        6.000        6.000        6.000
   395:        6.000        6.000        6.000        6.000        6.000
   400:        6.000        6.000        6.000        6.000        6.000
   405:        6.000        6.000        6.000        6.000        6.000
   410:        6.000        6.000        6.000        6.000        6.000
   415:        6.000        6.000        6.000        6.000        6.000
   420:        6.000        6.000        6.000        6.000        6.000
   425:        6.000        6.000        6.000        6.000        6.000
   430:        2.000        4.000       22.000       24.000       12.000
   435:       19.000       11.000        6.000        6.000        6.000
   440:        6.000        6.000        6.000        6.000        6.000
   445:        6.000        6.000        6.000        6.000        6.000
   450:        6.000        6.000        6.000        6.000        6.000
   455:        6.000        6.000        6.000        6.000        6.000
   460:        2.000        4.000       22.000       24.000       12.000
   465:       21.000       22.000       19.000       11.000        1.000
   470:        1.000        6.000        2.000        4.000       22.000
   475:       24.000       12.000       19.000       11.000        1.000
   480:        6.000        6.000        6.000        6.000        6.000
   485:        2.000        4.000       22.000       24.000       12.000
   490:       19.000       11.000        2.000        4.000       22.000
   495:       24.000       12.000       21.000       22.000       19.000
   500:       11.000        2.000        4.000       22.000       24.000
   505:       12.000       21.000       22.000       19.000       11.000
   510:        1.000        2.000        4.000       22.000       24.000
   515:       12.000       21.000       22.000       21.000       22.000
   520:       19.000       11.000        2.000        4.000       22.000
   525:       24.000       12.000       21.000       22.000       19.000
   530:       11.000        6.000        6.000        6.000        6.000
   535:        6.000        6.000        6.000        6.000        6.000
   540:        6.000        6.000        6.000        6.000        6.000
   545:        6.000        6.000        6.000        6.000        6.000
   550:        6.000        6.000        6.000        6.000        6.000
   555:        6.000        6.000        6.000        6.000        6.000
   560:        6.000        6.000        6.000        6.000        6.000
   565:        6.000        6.000        6.000        6.000        6.000
   570:        6.000        6.000        6.000        6.000        6.000
   575:        6.000        6.000        6.000        6.000        6.000
   580:        6.000        6.000        6.000        6.000        6.000
   585:        6.000        6.000        6.000        6.000        6.000
   590:        6.000        6.000        6.000        6.000        6.000
   595:        6.000        6.000        6.000        6.000        6.000
   600:        6.000        6.000        6.000        6.000        6.000
   605:        6.000        6.000        6.000        6.000        6.000
   610:        6.000        6.000        6.000        6.000        2.000
   615:        4.000       22.000       24.000       12.000        6.000
   620:       19.000       11.000        1.000        6.000        6.000
   625:        2.000        4.000       22.000       24.000       12.000
   630:       21.000       22.000       19.000       11.000        2.000
   635:        4.000       22.000       24.000       12.000       21.000
   640:       22.000       19.000       11.000        2.000        4.000
   645:       22.000       24.000       12.000       19.000       11.000
   650:        2.000        4.000       22.000       24.000       12.000
   655:       21.000       22.000       19.000       11.000        1.000
   660:        6.000        6.000        6.000        6.000        1.000
   665:        2.000        4.000       22.000       24.000       12.000
   670:       21.000       22.000       19.000       11.000        2.000
   675:        4.000       22.000       24.000       12.000       19.000
   680:       11.000        1.000        6.000        6.000        2.000
   685:        4.000       22.000       24.000       12.000       19.000
   690:       11.000        6.000        6.000        6.000        6.000
   695:        6.000        6.000        6.000        6.000        6.000
   700:        6.000        6.000        6.000        6.000        6.000
   705:        6.000        6.000        6.000        6.000        6.000
   710:        6.000        6.000        6.000        6.000        6.000
   715:        6.000        6.000        6.000        6.000        6.000
   720:        6.000        6.000        6.000        6.000        6.000
   725:        6.000        6.000        6.000        6.000        6.000
   730:        6.000        6.000        6.000        6.000        6.000
   735:        6.000        6.000        6.000        6.000        6.000
   740:        6.000        6.000        2.000        4.000       22.000
   745:       24.000       12.000       19.000       11.000        2.000
   750:        4.000       22.000       24.000       12.000        6.000
   755:       19.000       11.000        2.000        4.000       22.000
   760:       24.000       12.000        6.000        6.000        6.000
   765:        6.000        6.000       19.000       11.000        6.000
   770:        6.000        6.000        6.000        6.000        6.000
   775:        6.000        6.000        6.000        6.000        6.000
   780:        6.000        6.000        6.000        6.000        6.000
   785:        6.000        6.000        6.000        6.000        6.000
   790:        6.000        6.000        6.000        6.000        6.000
   795:        6.000        6.000        6.000        6.000        6.000
   800:        6.000        6.000        6.000        6.000        6.000
   805:        6.000        6.000        6.000        6.000        6.000
   810:        2.000        4.000       22.000       24.000       12.000
   815:       19.000       11.000        6.000        2.000        4.000
   820:       22.000       24.000       12.000       19.000       11.000
   825:        1.000        2.000        4.000       22.000       24.000
   830:       12.000       19.000       11.000        6.000        6.000
   835:        6.000        6.000        6.000        6.000        6.000
   840:        6.000        6.000        6.000        6.000        6.000
   845:        6.000        6.000        6.000        6.000        6.000
   850:        6.000        6.000        6.000        6.000        6.000
   855:        6.000        6.000        6.000        6.000        6.000
   860:        6.000        6.000        6.000        6.000        6.000
   865:        6.000        6.000        6.000        6.000        6.000
   870:        6.000        6.000        6.000        6.000        6.000
   875:        6.000        6.000        6.000        6.000        6.000
   880:        6.000        6.000        6.000        6.000        6.000
   885:        6.000        2.000        4.000       22.000       24.000
   890:       12.000       19.000       11.000        1.000        6.000
   895:        6.000        6.000        2.000        4.000       22.000
   900:       24.000       12.000        6.000        6.000        6.000
   905:        6.000       19.000       11.000        2.000        4.000
   910:       22.000       24.000       12.000       19.000       11.000
   915:        2.000        4.000       22.000       24.000       12.000
   920:        6.000        6.000        6.000        6.000        6.000
   925:        6.000       19.000       11.000        6.000        6.000
   930:        6.000        6.000        2.000        4.000       22.000
   935:       24.000       12.000        6.000        6.000        6.000
   940:        6.000        6.000        6.000        6.000        6.000
   945:        6.000        6.000        6.000        6.000        6.000
   950:        6.000       19.000       11.000        6.000        6.000
   955:        6.000        6.000        6.000        1.000        2.000
   960:        4.000       22.000       24.000       12.000       19.000
   965:       11.000        6.000        2.000        4.000       22.000
   970:       24.000       12.000       19.000       11.000        2.000
   975:        4.000       22.000       24.000       12.000       21.000
   980:       22.000       19.000       11.000        2.000        4.000
   985:       22.000       24.000       12.000       19.000       11.000
   990:        6.000        6.000        6.000        1.000        6.000
   995:        6.000        6.000        6.000        6.000        6.000
  1000:        6.000        6.000        6.000        6.000        6.000
  1005:        6.000        6.000        6.000        6.000        6.000
  1010:        6.000        6.000        6.000        6.000        6.000
  1015:        6.000        6.000        6.000        6.000        6.000
  1020:        6.000        6.000        6.000        6.000        6.000
  1025:        6.000        6.000        6.000        6.000        6.000
  1030:        6.000        6.000        6.000        6.000        6.000
  1035:        6.000        6.000        6.000        6.000        6.000
  1040:        6.000        6.000        6.000        6.000        6.000
  1045:        6.000        2.000        4.000       22.000       24.000
  1050:       12.000        6.000        6.000        6.000       21.000
  1055:       22.000       21.000       22.000       21.000       22.000
  1060:       19.000       11.000        6.000        6.000        6.000
  1065:        6.000        6.000        6.000        6.000        6.000
  1070:        6.000        6.000        6.000        6.000        6.000
  1075:        6.000        6.000        6.000        6.000        6.000
  1080:        2.000        4.000       22.000       24.000       12.000
  1085:       19.000       11.000        1.000        2.000        4.000
  1090:       22.000       24.000       12.000       19.000       11.000
  1095:        6.000        6.000        6.000        6.000        2.000
  1100:        4.000       22.000       24.000       12.000        6.000
  1105:        6.000        6.000        6.000       19.000        6.000
  1110:       11.000        6.000        6.000        6.000        6.000
  1115:        6.000        6.000        6.000        6.000        6.000
  1120:        6.000        6.000        6.000        6.000        6.000
  1125:        6.000        6.000        6.000        6.000        6.000
  1130:        6.000        6.000        6.000        6.000        6.000
  1135:        6.000        6.000        6.000        6.000        6.000
  1140:        6.000        6.000        6.000        6.000        6.000
  1145:        6.000        6.000        6.000        6.000        6.000
  1150:        6.000        6.000        6.000        6.000        6.000
  1155:        1.000        2.000        4.000       22.000       24.000
  1160:       12.000       21.000       22.000        6.000       19.000
  1165:       11.000        6.000        6.000        2.000        4.000
  1170:       22.000       24.000       12.000        6.000        6.000
  1175:        6.000        6.000        6.000       21.000       22.000
  1180:       21.000       22.000       19.000       11.000        6.000
  1185:        6.000        6.000        6.000        6.000        6.000
  1190:        6.000        6.000        6.000        6.000        6.000
  1195:        6.000        6.000        6.000        6.000        6.000
  1200:        6.000        6.000        6.000        6.000        6.000
  1205:        6.000        6.000        6.000        6.000        6.000
  1210:        6.000        6.000        6.000        6.000        6.000
  1215:        6.000        6.000        6.000        6.000        1.000
  1220:        2.000        4.000       22.000       24.000       12.000
  1225:       21.000       22.000       19.000       11.000        6.000
  1230:        6.000        6.000        6.000        6.000        6.000
  1235:        1.000        1.000        6.000        1.000        2.000
  1240:        4.000       22.000       24.000       12.000        6.000
  1245:        6.000        6.000       19.000       11.000        6.000
  1250:        6.000        2.000        4.000       22.000       24.000
  1255:       12.000       19.000       11.000        6.000        6.000
  1260:        6.000        6.000        6.000        6.000        6.000
  1265:        2.000        4.000       22.000       24.000       12.000
  1270:        6.000        6.000        6.000       19.000       11.000
  1275:        6.000        6.000        1.000        2.000        4.000
  1280:       22.000       24.000       12.000        6.000        6.000
  1285:        6.000       19.000       11.000        6.000        6.000
  1290:        6.000        6.000        6.000        6.000        6.000
  1295:        6.000        6.000        6.000        6.000        6.000
  1300:        2.000        4.000       22.000       24.000       12.000
  1305:       19.000       11.000        6.000        1.000        2.000
  1310:        4.000       22.000       24.000       12.000       21.000
  1315:       22.000       19.000       11.000        2.000        4.000
  1320:       22.000       24.000       12.000       19.000       11.000
  1325:        6.000        6.000        6.000        6.000        6.000
  1330:        6.000        6.000        6.000        6.000        6.000
  1335:        6.000        6.000        6.000        6.000        6.000
  1340:        6.000        6.000        6.000        6.000        6.000
  1345:        6.000        6.000        6.000        6.000        6.000
  1350:        6.000        6.000        6.000        6.000        6.000
  1355:        6.000        6.000        6.000        6.000        6.000
  1360:        6.000        6.000        6.000        6.000        6.000
  1365:        6.000        6.000        6.000        6.000        6.000
  1370:        6.000        6.000        6.000        6.000        6.000
  1375:        6.000        6.000        6.000        6.000        6.000
  1380:        6.000        6.000        6.000        6.000        6.000
  1385:        6.000        6.000        6.000        6.000        6.000
  1390:        6.000        6.000        6.000        6.000        6.000
  1395:        6.000        6.000        6.000        6.000        6.000
  1400:        6.000        6.000        6.000        6.000        6.000
  1405:        6.000        6.000        6.000        6.000        6.000
  1410:        6.000        6.000        6.000        6.000        6.000
  1415:        6.000        6.000        6.000        6.000        6.000
  1420:        6.000        6.000        6.000        6.000        6.000
  1425:        6.000        6.000        6.000        6.000        6.000
  1430:        2.000        4.000       22.000       24.000       12.000
  1435:        6.000        6.000       19.000       11.000        2.000
  1440:        4.000       22.000       24.000       12.000       21.000
  1445:       22.000       19.000       11.000        6.000        6.000
  1450:        6.000        6.000        6.000        6.000        6.000
  1455:        6.000        6.000        6.000        1.000        1.000
  1460:        6.000        6.000        2.000        4.000       22.000
  1465:       24.000       12.000       21.000       22.000       21.000
  1470:       22.000       19.000       11.000        2.000        4.000
  1475:       22.000       24.000       12.000       21.000       22.000
  1480:       19.000       11.000        2.000        4.000       22.000
  1485:       24.000       12.000       21.000       22.000       21.000
  1490:       22.000       19.000       11.000        6.000        6.000
  1495:        6.000        6.000        6.000        6.000        6.000
  1500:        6.000        6.000        6.000        6.000        6.000
  1505:        6.000        6.000        6.000        6.000        6.000
  1510:        6.000        6.000        6.000        6.000        6.000
  1515:        6.000        6.000        6.000        6.000        6.000
  1520:        6.000        6.000        6.000        6.000        6.000
  1525:        6.000        6.000        6.000        6.000        6.000
  1530:        6.000        6.000        6.000        6.000        6.000
  1535:        6.000        6.000        6.000        6.000        6.000
  1540:        6.000        6.000        6.000        6.000        6.000
  1545:        6.000        6.000        6.000        6.000        6.000
  1550:        6.000        6.000        6.000        6.000        6.000
  1555:        6.000        6.000        6.000        2.000        4.000
  1560:       22.000       24.000       12.000       19.000       11.000
  1565:        6.000        6.000        6.000        6.000        6.000
  1570:        6.000        1.000        2.000        4.000       22.000
  1575:       24.000       12.000       21.000       22.000       21.000
  1580:       22.000       19.000       11.000        6.000        6.000
  1585:        6.000        6.000        6.000      100.000
T:
     0:        0.000        0.000        0.000        0.000       56.740
     5:       57.760       96.430       97.000       98.400       98.490
    10:      123.390      177.330      177.330      177.330      177.340
    15:      177.340      187.330      187.340      194.160      194.870
    20:      194.940      195.390      196.560      196.740      197.490
    25:      197.600      199.270      199.330      199.520      199.630
    30:      217.130      217.130      217.130      217.140      217.140
    35:      227.130      227.140      269.250      283.190      283.260
    40:      283.650      283.930      285.780      286.350      286.410
    45:      286.520      287.020      287.820      289.890      290.120
    50:      290.290      290.410      290.450      291.830      291.880
    55:      341.850      341.850      341.850      341.860      341.860
    60:      343.980      351.850      351.860      355.640      356.090
    65:      356.150      411.820      420.720      420.720      420.720
    70:      420.730      420.730      422.760      427.800      427.800
    75:      430.200      430.720      430.730      609.890      618.130
    80:      618.130      618.130      618.140      618.140      628.130
    85:      628.140      628.700      629.320      629.370      633.460
    90:      685.190      685.660      690.810      765.690      765.790
    95:      766.210      766.310      766.420      766.960      774.690
   100:     1449.450     1449.450     1449.450     1449.460     1449.460
   105:     1459.450     1459.460     1481.140     1729.930     1820.690
   110:     1839.930     1839.930     1839.930     1839.940     1839.940
   115:     1849.930     1849.940     1917.020     1917.200     1918.150
   120:     1922.980     1931.930     1935.140     1936.770     1939.880
   125:     1940.610     1945.200     1947.360     1978.570     1978.770
   130:     1988.110     1988.110     1988.110     1988.120     1988.120
   135:     1997.330     1998.110     1998.120     2054.770     2085.910
   140:     2087.710     2088.030     2090.520     2090.570     2092.480
   145:     2092.500     2095.830     2097.420     2097.510     2097.950
   150:     2098.640     2100.810     2101.740     2102.070     2103.330
   155:     2104.290     2104.870     2104.920     2186.760     2187.400
   160:     2192.960     2208.080     2208.130     2208.550     2209.060
   165:     2209.180     2210.160     2210.230     2434.650     2436.600
   170:     2439.480     2439.480     2439.480     2439.490     2439.490
   175:     2449.480     2449.490     2453.090     2453.090     2453.090
   180:     2453.100     2453.100     2463.090     2463.100     2481.450
   185:     2481.450     2481.450     2481.460     2481.460     2487.270
   190:     2487.270     2491.450     2491.460     2493.490     2499.490
   195:     2510.910     2510.910     2510.910     2510.920     2510.920
   200:     2514.560     2514.560     2519.540     2520.910     2520.920
   205:     2614.420     2619.420     2620.000     2863.630     2863.630
   210:     2863.630     2863.640     2863.640     2870.930     2873.630
   215:     2873.640     3020.280     3020.280     3020.280     3020.290
   220:     3020.290     3023.380     3030.280     3030.290     3031.770
   225:     3082.910     3083.480     3128.110     3199.710     3199.710
   230:     3199.710     3199.720     3199.720     3209.710     3209.720
   235:     3260.380     3265.170     3267.820     3268.570     3269.750
   240:     3270.080     3272.740     3272.900     3274.730     3275.970
   245:     3278.510     3281.350     3281.990     3282.400     3283.090
   250:     3283.280     3283.340     3284.090     3286.480     3289.940
   255:     3290.990     3292.810     3293.150     3293.230     3293.490
   260:     3293.580     3293.660     3430.220     3430.220     3430.220
   265:     3430.230     3430.230     3440.220     3440.230     3551.730
   270:     3551.730     3551.730     3551.740     3551.740     3561.730
   275:     3561.740     3613.340     3627.400     3675.710     3675.710
   280:     3675.710     3675.720     3675.720     3680.470     3680.470
   285:     3685.710     3685.720     3703.030     3703.030     3703.030
   290:     3703.040     3703.040     3708.390     3708.390     3713.030
   295:     3713.040     3716.200     3767.420     3768.300     3768.480
   300:     3769.940     3770.320     3770.440     3770.530     3771.140
   305:     3771.160     3771.570     3917.280     3925.700     3935.820
   310:     3935.820     3935.820     3935.830     3935.830     3945.820
   315:     3945.830     4032.820     4077.750     4077.750     4077.750
   320:     4077.760     4077.760     4087.750     4087.760     4089.850
   325:     4089.850     4089.850     4089.860     4089.860     4091.430
   330:     4091.430     4099.850     4099.860     4171.000     4171.000
   335:     4171.000     4171.010     4171.010     4181.000     4181.010
   340:     4342.590     4342.590     4342.590     4342.600     4342.600
   345:     4351.430     4351.430     4352.590     4352.600     4353.070
   350:     4353.070     4353.070     4353.080     4353.080     4357.690
   355:     4357.690     4363.070     4363.080     4373.130     4373.130
   360:     4373.130     4373.140     4373.140     4383.130     4383.140
   365:     4388.830     4421.740     4422.890     4428.830     4430.140
   370:     4432.700     4432.870     4433.070     4433.170     4434.260
   375:     4434.400     4434.890     4434.990     4436.330     4436.520
   380:     4436.740     4436.820     4438.380     4438.620     4438.660
   385:     4439.700     4439.900     4442.470     4443.860     4444.060
   390:     4444.800     4445.160     4445.190     4445.300     4445.570
   395:     4445.660     4446.140     4446.900     4447.720     4448.290
   400:     4449.450     4450.310     4450.370     4450.420     4451.010
   405:     4452.650     4452.740     4453.110     4453.500     4456.150
   410:     4460.410     4461.540     4462.430     4462.490     4462.730
   415:     4463.170     4463.390     4464.580     4465.830     4466.070
   420:     4466.110     4466.190     4533.950     4556.910     4557.950
   425:     4559.720     4561.200     4561.280     4561.350     4561.460
   430:     4653.280     4653.280     4653.280     4653.290     4653.290
   435:     4663.280     4663.290     4680.480     4760.750     4761.950
   440:     4767.350     4773.400     4775.350     4776.720     4776.840
   445:     4777.470     4777.670     4778.080     4778.290     4779.780
   450:     4779.820     4781.000     4781.670     4782.070     4782.810
   455:     4784.750     4787.330     4787.470     4788.840     4790.050
   460:     4888.340     4888.340     4888.340     4888.350     4888.350
   465:     4892.020     4892.020     4898.340     4898.350     4935.660
   470:     4939.820     4974.600     4987.260     4987.260     4987.260
   475:     4987.270     4987.270     4997.260     4997.270     5015.180
   480:     5065.640     5066.210     5067.040     5070.360     5071.190
   485:     5077.400     5077.400     5077.400     5077.410     5077.410
   490:     5087.400     5087.410     5090.010     5090.010     5090.010
   495:     5090.020     5090.020     5099.110     5099.110     5100.010
   500:     5100.020     5106.830     5106.830     5106.830     5106.840
   505:     5106.840     5112.920     5112.920     5116.830     5116.840
   510:     5267.730     5312.790     5312.790     5312.790     5312.800
   515:     5312.800     5314.800     5314.800     5320.000     5320.000
   520:     5322.790     5322.800     5330.980     5330.980     5330.980
   525:     5330.990     5330.990     5336.190     5336.190     5340.980
   530:     5340.990     5342.920     5343.370     5343.690     5343.740
   535:     5344.300     5344.470     5344.930     5345.690     5346.080
   540:     5346.720     5346.860     5346.930     5346.990     5347.060
   545:     5347.420     5347.960     5348.180     5348.930     5349.050
   550:     5349.160     5350.330     5350.750     5350.920     5351.860
   555:     5352.000     5352.160     5352.190     5352.270     5352.830
   560:     5354.060     5357.170     5357.210     5357.470     5357.640
   565:     5357.690     5358.110     5358.600     5358.820     5359.790
   570:     5359.870     5360.180     5362.010     5363.430     5363.550
   575:     5363.620     5363.740     5366.560     5367.300     5367.660
   580:     5367.830     5368.690     5369.180     5370.330     5370.420
   585:     5370.480     5370.640     5370.810     5371.120     5371.260
   590:     5372.650     5372.730     5372.920     5373.340     5373.450
   595:     5374.140     5375.590     5375.690     5375.960     5377.670
   600:     5377.760     5378.330     5381.900     5381.980     5382.040
   605:     5385.590     5385.880     5388.760     5388.840     5388.930
   610:     5389.030     5389.170     5413.470     5415.460     5454.210
   615:     5454.210     5454.210     5454.220     5454.220     5460.960
   620:     5464.210     5464.220     5524.850     5665.340     5693.240
   625:     5742.260     5742.260     5742.260     5742.270     5742.270
   630:     5745.310     5745.310     5752.260     5752.270     5939.220
   635:     5939.220     5939.220     5939.230     5939.230     5945.910
   640:     5945.910     5949.220     5949.230     5949.280     5949.280
   645:     5949.280     5949.290     5949.290     5959.280     5959.290
   650:     5985.180     5985.180     5985.180     5985.190     5985.190
   655:     5988.420     5988.420     5995.180     5995.190     6019.210
   660:     6052.770     6053.040     6053.340     6053.380     6060.540
   665:     6070.170     6070.170     6070.170     6070.180     6070.180
   670:     6077.190     6077.190     6080.170     6080.180     6099.670
   675:     6099.670     6099.670     6099.680     6099.680     6109.670
   680:     6109.680     6121.070     6217.130     6217.370     6229.110
   685:     6229.110     6229.110     6229.120     6229.120     6239.110
   690:     6239.120     6263.270     6311.400     6311.490     6313.090
   695:     6316.460     6316.830     6317.650     6317.800     6317.860
   700:     6319.490     6320.150     6320.540     6320.640     6320.830
   705:     6321.420     6322.830     6323.040     6323.230     6324.310
   710:     6324.580     6324.750     6325.140     6325.420     6326.310
   715:     6326.670     6327.180     6327.330     6327.450     6327.810
   720:     6328.090     6329.180     6329.720     6331.650     6332.840
   725:     6335.940     6337.060     6339.030     6339.100     6339.710
   730:     6340.780     6340.860     6340.900     6341.880     6342.940
   735:     6343.270     6343.450     6344.820     6345.280     6345.630
   740:     6345.660     6347.480     6422.010     6422.010     6422.010
   745:     6422.020     6422.020     6432.010     6432.020     6435.530
   750:     6435.530     6435.530     6435.540     6435.540     6440.850
   755:     6445.530     6445.540     6448.620     6448.620     6448.620
   760:     6448.630     6448.630     6454.860     6455.520     6455.570
   765:     6456.950     6457.150     6458.620     6458.630     6459.450
   770:     6459.630     6460.320     6462.920     6462.990     6463.050
   775:     6463.250     6463.490     6464.130     6465.620     6465.700
   780:     6466.260     6466.370     6467.040     6467.100     6467.540
   785:     6467.650     6468.580     6474.160     6474.200     6474.240
   790:     6474.670     6478.150     6479.390     6480.930     6481.580
   795:     6485.030     6485.280     6486.540     6487.460     6492.140
   800:     6493.610     6494.320     6494.470     6495.570     6496.680
   805:     6497.880     6498.400     6498.470     6499.190     6500.910
   810:     6665.320     6665.320     6665.320     6665.330     6665.330
   815:     6675.320     6675.330     6685.880     6732.330     6732.330
   820:     6732.330     6732.340     6732.340     6742.330     6742.340
   825:     6759.970     6821.650     6821.650     6821.650     6821.660
   830:     6821.660     6831.650     6831.660     6835.180     6835.280
   835:     6836.050     6836.410     6838.880     6840.970     6841.080
   840:     6841.230     6841.520     6841.770     6842.020     6843.110
   845:     6843.330     6843.370     6844.050     6844.280     6844.860
   850:     6844.930     6845.310     6845.730     6845.770     6845.840
   855:     6846.580     6848.000     6849.140     6849.440     6851.070
   860:     6851.130     6851.530     6851.670     6852.550     6853.510
   865:     6854.590     6854.760     6855.550     6856.220     6856.350
   870:     6857.220     6859.130     6861.890     6862.490     6863.410
   875:     6864.520     6866.310     6870.190     6870.280     6870.400
   880:     6871.030     6871.110     6872.210     6872.670     6876.780
   885:     6958.440     6979.210     6979.210     6979.210     6979.220
   890:     6979.220     6989.210     6989.220     7062.840     7109.620
   895:     7111.050     7111.100     7215.780     7215.780     7215.780
   900:     7215.790     7215.790     7218.700     7218.760     7218.850
   905:     7219.280     7225.780     7225.790     7370.050     7370.050
   910:     7370.050     7370.060     7370.060     7380.050     7380.060
   915:     7425.590     7425.590     7425.590     7425.600     7425.600
   920:     7431.960     7433.920     7434.020     7434.110     7434.260
   925:     7434.450     7435.590     7435.600     7436.890     7437.070
   930:     7437.460     7437.980     7440.830     7440.830     7440.830
   935:     7440.840     7440.840     7442.490     7445.980     7446.090
   940:     7446.130     7446.450     7447.480     7447.550     7447.590
   945:     7447.730     7447.970     7449.960     7450.150     7450.210
   950:     7450.290     7450.830     7450.840     7451.440     7453.500
   955:     7455.480     7455.630     7455.660     7573.060     7581.970
   960:     7581.970     7581.970     7581.980     7581.980     7591.970
   965:     7591.980     7646.770     7692.310     7692.310     7692.310
   970:     7692.320     7692.320     7702.310     7702.320     7703.830
   975:     7703.830     7703.830     7703.840     7703.840     7708.600
   980:     7708.600     7713.830     7713.840     7723.400     7723.400
   985:     7723.400     7723.410     7723.410     7733.400     7733.410
   990:     7736.070     7748.090     7775.270     7786.780     7834.750
   995:     7834.790     7835.340     7837.460     7837.620     7838.150
  1000:     7838.180     7840.250     7840.320     7840.380     7841.130
  1005:     7843.690     7844.540     7846.060     7846.160     7848.940
  1010:     7849.390     7849.450     7850.490     7852.730     7853.960
  1015:     7855.980     7856.040     7856.150     7856.240     7856.700
  1020:     7857.170     7859.780     7859.970     7861.760     7863.140
  1025:     7866.500     7867.090     7867.690     7868.480     7869.410
  1030:     7869.530     7870.500     7871.410     7873.480     7874.720
  1035:     7874.820     7874.870     7876.040     7878.650     7880.660
  1040:     7881.040     7881.210     7884.030     7884.890     7885.420
  1045:     7886.660     7917.700     7917.700     7917.700     7917.710
  1050:     7917.710     7920.600     7920.700     7921.620     7923.310
  1055:     7923.310     7923.720     7923.720     7927.030     7927.030
  1060:     7927.700     7927.710     7931.370     7932.950     7933.020
  1065:     7933.050     7933.210     7934.050     8103.180     8103.280
  1070:     8105.030     8105.220     8109.780     8110.020     8110.360
  1075:     8110.440     8110.630     8111.310     8111.340     8115.170
  1080:     8124.390     8124.390     8124.390     8124.400     8124.400
  1085:     8134.390     8134.400     8153.050     8174.930     8174.930
  1090:     8174.930     8174.940     8174.940     8184.930     8184.940
  1095:     8193.920     8194.140     8194.350     8194.460     8226.800
  1100:     8226.800     8226.800     8226.810     8226.810     8230.670
  1105:     8236.410     8236.500     8236.530     8236.800     8236.800
  1110:     8236.810     8242.870     8242.960     8243.170     8243.580
  1115:     8244.230     8244.790     8244.940     8245.040     8245.460
  1120:     8245.590     8246.730     8246.770     8246.830     8247.160
  1125:     8250.570     8250.930     8251.420     8252.610     8252.650
  1130:     8252.790     8253.640     8254.500     8255.920     8256.000
  1135:     8260.210     8260.240     8261.670     8262.240     8262.280
  1140:     8262.400     8264.970     8266.150     8266.610     8268.230
  1145:     8268.800     8268.820     8269.030     8269.200     8269.450
  1150:     8269.510     8269.910     8269.940     8270.050     8270.240
  1155:     8274.410     8292.880     8292.880     8292.880     8292.890
  1160:     8292.890     8296.950     8296.950     8301.600     8302.880
  1165:     8302.890     8308.050     8308.480     8354.990     8354.990
  1170:     8354.990     8355.000     8355.000     8358.640     8359.120
  1175:     8359.170     8359.710     8359.810     8362.120     8362.120
  1180:     8364.410     8364.410     8364.990     8365.000     8375.990
  1185:     8376.050     8378.300     8379.400     8380.690     8380.790
  1190:     8380.890     8380.980     8381.100     8381.780     8382.180
  1195:     8387.670     8389.760     8389.790     8390.200     8390.690
  1200:     8391.570     8391.790     8393.540     8394.500     8395.660
  1205:     8396.040     8398.780     8398.870     8398.960     8399.320
  1210:     8400.540     8401.020     8402.450     8402.660     8403.160
  1215:     8403.310     8404.560     8404.580     8405.120     8455.460
  1220:     8576.140     8576.140     8576.140     8576.150     8576.150
  1225:     8578.880     8578.880     8586.140     8586.150     8652.010
  1230:     8652.740     8652.760     8653.100     8653.420     8666.010
  1235:     8677.450     8682.620     8690.020     8693.830     8718.560
  1240:     8718.560     8718.560     8718.570     8718.570     8728.250
  1245:     8728.360     8728.550     8728.560     8728.570     8728.640
  1250:     8728.860     8810.080     8810.080     8810.080     8810.090
  1255:     8810.090     8820.080     8820.090     8910.570     8912.610
  1260:     8914.070     8916.350     8918.360     8919.080     8919.230
  1265:     8926.540     8926.540     8926.540     8926.550     8926.550
  1270:     8934.640     8935.510     8936.010     8936.540     8936.550
  1275:     8944.970     8945.030     8950.330     9077.690     9077.690
  1280:     9077.690     9077.700     9077.700     9082.250     9082.290
  1285:     9082.420     9087.690     9087.700     9114.360     9114.420
  1290:     9115.260     9237.530     9241.540     9243.990     9244.090
  1295:     9244.250     9244.810     9247.020     9247.110     9247.870
  1300:     9255.770     9255.770     9255.770     9255.780     9255.780
  1305:     9265.770     9265.780     9327.620     9372.140     9437.530
  1310:     9437.530     9437.530     9437.540     9437.540     9443.460
  1315:     9443.460     9447.530     9447.540     9451.520     9451.520
  1320:     9451.520     9451.530     9451.530     9461.520     9461.530
  1325:     9482.060     9482.380     9482.910     9482.940     9484.420
  1330:     9486.010     9487.080     9487.340     9488.440     9490.990
  1335:     9491.070     9491.110     9491.740     9491.790     9492.730
  1340:     9495.620     9495.680     9495.810     9495.910     9496.290
  1345:     9500.650     9501.670     9501.720     9501.920     9505.530
  1350:     9507.190     9510.450     9512.160     9512.970     9514.010
  1355:     9514.110     9514.230     9514.320     9514.570     9519.000
  1360:     9519.200     9519.280     9519.750     9521.460     9523.660
  1365:     9524.490     9527.560     9527.750     9531.330     9532.430
  1370:     9532.470     9533.400     9533.790     9533.870     9533.930
  1375:     9535.090     9535.130     9537.290     9543.550     9544.580
  1380:     9544.830     9545.080     9547.710     9547.830     9834.450
  1385:     9846.360     9847.460     9847.500     9847.730     9854.130
  1390:     9854.160     9854.410     9854.570     9854.600     9854.730
  1395:     9854.820     9855.340     9867.130     9871.400     9871.480
  1400:     9871.710     9871.800     9873.140     9873.760     9874.260
  1405:     9874.630     9874.690     9875.060     9875.450     9875.580
  1410:     9876.480     9877.200     9877.340     9877.380     9877.830
  1415:     9878.250     9879.670     9883.630     9884.030     9886.180
  1420:     9886.300     9886.360     9890.130     9891.390     9891.440
  1425:     9891.500     9892.670     9893.380     9894.020     9898.030
  1430:     9900.960     9900.960     9900.960     9900.970     9900.970
  1435:     9904.460     9904.530     9910.960     9910.970     9944.550
  1440:     9944.550     9944.550     9944.560     9944.560     9950.970
  1445:     9950.970     9954.550     9954.560    10048.350    10049.030
  1450:    10049.100    10049.890    10049.980    10050.090    10050.260
  1455:    10050.300    10050.490    10050.530    10103.960    10111.420
  1460:    10125.590    10125.770    10151.440    10151.440    10151.440
  1465:    10151.450    10151.450    10155.110    10155.110    10157.770
  1470:    10157.770    10161.440    10161.450    10163.410    10163.410
  1475:    10163.410    10163.420    10163.420    10164.140    10164.140
  1480:    10173.410    10173.420    10210.180    10210.180    10210.180
  1485:    10210.190    10210.190    10212.970    10212.970    10216.330
  1490:    10216.330    10220.180    10220.190    10273.300    10273.330
  1495:    10273.530    10275.350    10275.530    10277.220    10278.910
  1500:    10279.000    10279.170    10279.190    10279.420    10280.740
  1505:    10280.840    10280.960    10281.190    10282.390    10282.710
  1510:    10283.270    10284.940    10285.000    10285.020    10286.750
  1515:    10286.880    10290.700    10291.350    10293.540    10294.460
  1520:    10294.510    10295.600    10296.370    10299.590    10300.380
  1525:    10300.500    10301.290    10301.440    10301.810    10301.880
  1530:    10302.240    10302.590    10303.260    10303.790    10304.560
  1535:    10305.180    10307.140    10309.550    10309.630    10310.380
  1540:    10311.000    10311.150    10312.320    10312.350    10313.520
  1545:    10313.580    10313.730    10313.830    10313.970    10315.260
  1550:    10315.660    10316.310    10316.590    10317.500    10319.070
  1555:    10322.060    10322.240    10326.070    10359.030    10359.030
  1560:    10359.030    10359.040    10359.040    10369.030    10369.040
  1565:    10455.070    10467.640    10468.430    10468.520    10468.560
  1570:    10468.780    10545.820    10554.350    10554.350    10554.350
  1575:    10554.360    10554.360    10556.840    10556.840    10561.080
  1580:    10561.080    10564.350    10564.360    10617.240    10617.300
  1585:    10617.400    10618.420    10618.470    10800.000
