File: C:\MED-PC\Data\2025-03-26_13h28m_Subject 86.txt


Start Date: 03/26/25
End Date: 03/26/25
Subject: 86
Experiment: OralFentSA
Group: One
Box: 2
Start Time: 13:28:41
End Time: 16:29:59
MSN: Golden_Liq_SelfAdmin_EXT
F:       0.000
G:     963.000
H:   10800.000
I:       0.000
J:       0.000
K:       0.000
L:       0.000
M:       0.000
N:       0.000
O:       0.000
P:       0.000
Q:       0.000
R:       0.000
S:       0.000
U:       0.000
V:       0.000
W:       0.000
X:       0.000
Y:       0.000
Z:       0.000
A:
     0:        0.000        0.000      180.000        4.000        0.000
     5:        5.000        0.000        5.000        0.000        0.000
    10:        1.000        0.000       10.000   100000.000       23.000
    15:       18.000      600.000        0.000        0.000        0.000
    20:        0.000
B:
     0:        0.000        0.000        0.000        0.000        0.000
     5:        0.000        0.000        0.000        0.000        0.000
    10:        0.000        0.000     1000.000 10000000.000        0.000
    15:        0.000        0.000        0.000        0.000        0.000
    20:        0.000
C:
     0:        0.000       19.000       16.000       47.000      759.000
     5:    10583.990       32.320       18.000      574.710       31.928
    10:       47.000       16.000        0.000        0.000        0.000
    15:        0.000        0.000        0.000        0.000        0.000
    20:        0.000
D:
     0:        5.530        8.510       66.050       80.860        1.240
     5:        2.810        2.980        1.860        1.340      138.210
    10:       31.550       59.430       12.650        6.680       31.280
    15:       90.570        0.840       32.320
E:
     0:       19.000       11.000       26.000       27.000        6.000
     5:        6.000        6.000        6.000        6.000        6.000
    10:        6.000        6.000        6.000        6.000        6.000
    15:        6.000        6.000        6.000        6.000        6.000
    20:        6.000        6.000        6.000        6.000        6.000
    25:        6.000        6.000        6.000        6.000        6.000
    30:        6.000        6.000        2.000        4.000       22.000
    35:       24.000       12.000        6.000        6.000       19.000
    40:       11.000        6.000        6.000        6.000        6.000
    45:        6.000        1.000        6.000        6.000        6.000
    50:        6.000        6.000        6.000        6.000        6.000
    55:        6.000        6.000        6.000        6.000        6.000
    60:        6.000        6.000        6.000        6.000        6.000
    65:        6.000        6.000        6.000        6.000        6.000
    70:        6.000        6.000        6.000        6.000        6.000
    75:        6.000        6.000        6.000        6.000        6.000
    80:        6.000        6.000        6.000        6.000        6.000
    85:        2.000        4.000       22.000       24.000       12.000
    90:       21.000       22.000       21.000       22.000       21.000
    95:       22.000       21.000       22.000       21.000       22.000
   100:        6.000       19.000       11.000        6.000        6.000
   105:        6.000        6.000        6.000        6.000        6.000
   110:        6.000        6.000        6.000        6.000        6.000
   115:        6.000        6.000        6.000        6.000        6.000
   120:        6.000        6.000        6.000        6.000        6.000
   125:        1.000        6.000        6.000        6.000        6.000
   130:        6.000        6.000        6.000        6.000        6.000
   135:        6.000        6.000        6.000        6.000        2.000
   140:        4.000       22.000       24.000       12.000       21.000
   145:       22.000       21.000       22.000       19.000       11.000
   150:        6.000        6.000        6.000        6.000        6.000
   155:        6.000        6.000        6.000        6.000        6.000
   160:        6.000        6.000        6.000        6.000        6.000
   165:        6.000        6.000        1.000        6.000        6.000
   170:        6.000        6.000        6.000        6.000        6.000
   175:        6.000        6.000        6.000        6.000        6.000
   180:        6.000        6.000        6.000        6.000        6.000
   185:        6.000        6.000        6.000        6.000        6.000
   190:        6.000        6.000        6.000        6.000        6.000
   195:        6.000        6.000        6.000        6.000        6.000
   200:        6.000        6.000        6.000        6.000        6.000
   205:        6.000        6.000        6.000        6.000        6.000
   210:        6.000        6.000        6.000        6.000        6.000
   215:        6.000        6.000        6.000        6.000        6.000
   220:        6.000        6.000        6.000        6.000        2.000
   225:        4.000       22.000       24.000       12.000       19.000
   230:       11.000        6.000        6.000        6.000        6.000
   235:        2.000        4.000       22.000       24.000       12.000
   240:        6.000        6.000        6.000       19.000       11.000
   245:        6.000        6.000        6.000        6.000        6.000
   250:        6.000        6.000        6.000        6.000        6.000
   255:        6.000        6.000        6.000        6.000        6.000
   260:        6.000        6.000        6.000        6.000        6.000
   265:        6.000        6.000        6.000        6.000        6.000
   270:        6.000        6.000        6.000        6.000        6.000
   275:        6.000        6.000        6.000        6.000        6.000
   280:        6.000        1.000        6.000        6.000        6.000
   285:        6.000        6.000        6.000        6.000        6.000
   290:        6.000        6.000        6.000        6.000        6.000
   295:        6.000        6.000        6.000        6.000        6.000
   300:        6.000        6.000        6.000        6.000        6.000
   305:        6.000        6.000        6.000        6.000        6.000
   310:        6.000        6.000        6.000        6.000        6.000
   315:        6.000        6.000        6.000        6.000        6.000
   320:        6.000        6.000        6.000        6.000        6.000
   325:        6.000        6.000        6.000        6.000        6.000
   330:        6.000        6.000        6.000        6.000        6.000
   335:        6.000        2.000        4.000       22.000       24.000
   340:       12.000       21.000       22.000       21.000       22.000
   345:       21.000       22.000       21.000       22.000       21.000
   350:       22.000        6.000        6.000        6.000       19.000
   355:       11.000        6.000        6.000        6.000        6.000
   360:        6.000        2.000        4.000       22.000       24.000
   365:       12.000        6.000        6.000       19.000       11.000
   370:        6.000        6.000        6.000        6.000        6.000
   375:        6.000        6.000        6.000        6.000        6.000
   380:        6.000        6.000        6.000        6.000        6.000
   385:        6.000        6.000        6.000        6.000        6.000
   390:        6.000        6.000        6.000        6.000        6.000
   395:        6.000        6.000        6.000        6.000        6.000
   400:        6.000        6.000        6.000        6.000        6.000
   405:        6.000        6.000        1.000        6.000        6.000
   410:        6.000        6.000        6.000        6.000        6.000
   415:        6.000        6.000        6.000        6.000        6.000
   420:        6.000        6.000        6.000        6.000        6.000
   425:        6.000        6.000        6.000        6.000        6.000
   430:        6.000        6.000        6.000        6.000        6.000
   435:        6.000        6.000        6.000        2.000        4.000
   440:       22.000       24.000       12.000       21.000       22.000
   445:       21.000       22.000        6.000        6.000        6.000
   450:        6.000       19.000       11.000        6.000        6.000
   455:        6.000        6.000        6.000        6.000        6.000
   460:        6.000        6.000        6.000        6.000        6.000
   465:        6.000        6.000        6.000        6.000        6.000
   470:        6.000        6.000        6.000        6.000        6.000
   475:        6.000        6.000        6.000        6.000        6.000
   480:        6.000        6.000        6.000        6.000        6.000
   485:        6.000        6.000        6.000        6.000        6.000
   490:        6.000        6.000        6.000        6.000        6.000
   495:        6.000        6.000        2.000        4.000       22.000
   500:       24.000       12.000        6.000        6.000        6.000
   505:       19.000       11.000        6.000        6.000        6.000
   510:        6.000        6.000        6.000        6.000        6.000
   515:        6.000        6.000        6.000        6.000        6.000
   520:        6.000        6.000        6.000        6.000        6.000
   525:        6.000        6.000        6.000        6.000        6.000
   530:        6.000        6.000        2.000        4.000       22.000
   535:       24.000       12.000       19.000       11.000        6.000
   540:        6.000        6.000        6.000        6.000        6.000
   545:        6.000        6.000        6.000        6.000        6.000
   550:        6.000        6.000        6.000        1.000        2.000
   555:        4.000       22.000       24.000       12.000       21.000
   560:       22.000       19.000       11.000        6.000        6.000
   565:        6.000        6.000        6.000        6.000        6.000
   570:        6.000        6.000        6.000        6.000        6.000
   575:        6.000        6.000        6.000        6.000        6.000
   580:        6.000        6.000        6.000        6.000        6.000
   585:        6.000        6.000        6.000        6.000        6.000
   590:        6.000        6.000        6.000        6.000        6.000
   595:        6.000        6.000        1.000        6.000        6.000
   600:        6.000        6.000        6.000        6.000        6.000
   605:        6.000        6.000        6.000        6.000        6.000
   610:        6.000        6.000        6.000        6.000        6.000
   615:        6.000        6.000        6.000        6.000        6.000
   620:        6.000        6.000        6.000        6.000        6.000
   625:        6.000        6.000        6.000        6.000        6.000
   630:        6.000        6.000        6.000        6.000        6.000
   635:        6.000        6.000        6.000        6.000        6.000
   640:        6.000        6.000        6.000        1.000        6.000
   645:        6.000        6.000        6.000        6.000        6.000
   650:        6.000        6.000        6.000        6.000        6.000
   655:        6.000        6.000        6.000        6.000        6.000
   660:        6.000        6.000        6.000        6.000        6.000
   665:        6.000        6.000        6.000        6.000        6.000
   670:        6.000        6.000        6.000        6.000        6.000
   675:        6.000        6.000        6.000        6.000        6.000
   680:        6.000        6.000        6.000        6.000        6.000
   685:        6.000        6.000        6.000        6.000        6.000
   690:        6.000        2.000        4.000       22.000       24.000
   695:       12.000       21.000       22.000       21.000       22.000
   700:       21.000       22.000       19.000       11.000        6.000
   705:        6.000        6.000        6.000        6.000        6.000
   710:        6.000        6.000        1.000        1.000        6.000
   715:        6.000        6.000        6.000        6.000        6.000
   720:        6.000        6.000        6.000        6.000        6.000
   725:        6.000        6.000        6.000        6.000        6.000
   730:        6.000        6.000        6.000        6.000        6.000
   735:        6.000        6.000        6.000        6.000        6.000
   740:        6.000        6.000        6.000        6.000        6.000
   745:        6.000        6.000        1.000        6.000        6.000
   750:        6.000        6.000        6.000        6.000        6.000
   755:        6.000        6.000        6.000        6.000        6.000
   760:        6.000        6.000        6.000        6.000        6.000
   765:        6.000        6.000        6.000        6.000        6.000
   770:        6.000        6.000        6.000        6.000        6.000
   775:        6.000        6.000        6.000        6.000        6.000
   780:        6.000        6.000        6.000        6.000        6.000
   785:        6.000        6.000        6.000        6.000        2.000
   790:        4.000       22.000       24.000       12.000       19.000
   795:       11.000        6.000        6.000        6.000        6.000
   800:        6.000        6.000        6.000        6.000        6.000
   805:        2.000        4.000       22.000       24.000       12.000
   810:       21.000       22.000       21.000       22.000       21.000
   815:       22.000       21.000       22.000       21.000       22.000
   820:       21.000       22.000       21.000       22.000        6.000
   825:        6.000        6.000       19.000       11.000        6.000
   830:        6.000        6.000        6.000        6.000        6.000
   835:        6.000        6.000        1.000        1.000        1.000
   840:        1.000        1.000        6.000        6.000        6.000
   845:        6.000        6.000        6.000        6.000        6.000
   850:        6.000        6.000        2.000        4.000       22.000
   855:       24.000       12.000       21.000       22.000       19.000
   860:       11.000        6.000        6.000        6.000        6.000
   865:        6.000        6.000        6.000        6.000        6.000
   870:        6.000        6.000        6.000        6.000        6.000
   875:        6.000        6.000        6.000        6.000        6.000
   880:        6.000        2.000        4.000       22.000       24.000
   885:       12.000       21.000       22.000       21.000       22.000
   890:       19.000       11.000        6.000        6.000        6.000
   895:        6.000        6.000        6.000        6.000        6.000
   900:        6.000        6.000        6.000        6.000        6.000
   905:        6.000        6.000        6.000        6.000        6.000
   910:        6.000        6.000        6.000        6.000        6.000
   915:        6.000        6.000        6.000        6.000        6.000
   920:        6.000        2.000        4.000       22.000       24.000
   925:       12.000        6.000        6.000        6.000        6.000
   930:       19.000       11.000        6.000        6.000        6.000
   935:        6.000        6.000        6.000        6.000        6.000
   940:        6.000        2.000        4.000       22.000       24.000
   945:       12.000       21.000       22.000       19.000       11.000
   950:        6.000        6.000        6.000        6.000        6.000
   955:        6.000        6.000        6.000        6.000        6.000
   960:        6.000        6.000        6.000      100.000
T:
     0:        0.000        0.000        0.000        0.000       64.750
     5:       64.850      110.820      111.510      131.230      131.450
    10:      155.320      157.100      244.630      247.180      256.050
    15:      331.280      331.490      335.890      338.110      341.440
    20:      341.860      344.230      407.960      538.120      538.450
    25:      543.110      543.200      544.880      547.540      549.100
    30:      549.330      550.380      571.920      571.920      571.920
    35:      571.930      571.930      577.460      580.750      581.920
    40:      581.930      583.420      584.080      587.320      587.680
    45:      589.130      655.300      668.210      669.620      703.490
    50:      706.150      707.880      711.180      711.240      837.910
    55:      838.120      839.850      862.820      934.140      983.130
    60:      985.460      986.870      989.560      991.910      994.450
    65:      998.570     1001.880     1034.890     1036.350     1041.520
    70:     1137.910     1138.050     1140.480     1140.610     1141.870
    75:     1144.440     1146.380     1153.450     1156.150     1158.630
    80:     1160.700     1162.150     1162.920     1167.380     1169.540
    85:     1192.730     1192.730     1192.730     1192.740     1192.740
    90:     1192.980     1192.980     1196.950     1196.950     1197.930
    95:     1197.930     1198.050     1198.050     1199.090     1199.090
   100:     1201.250     1202.730     1202.740     1204.670     1208.250
   105:     1210.360     1213.620     1217.860     1219.850     1220.160
   110:     1221.960     1223.440     1235.450     1241.290     1244.520
   115:     1355.210     1355.620     1355.720     1358.430     1360.480
   120:     1364.560     1369.680     1371.870     1374.210     1378.180
   125:     1398.840     1434.160     1437.740     1441.800     1481.250
   130:     1502.140     1506.040     1510.480     1513.330     1519.030
   135:     1519.190     1520.400     1521.730     1523.140     1526.940
   140:     1526.940     1526.940     1526.950     1526.950     1527.350
   145:     1527.350     1528.060     1528.060     1536.940     1536.950
   150:     1593.000     1625.490     1628.090     1633.010     1636.120
   155:     1638.930     1640.270     1641.300     1641.420     1642.500
   160:     1642.620     1644.280     1646.190     1649.010     1650.020
   165:     1652.440     1652.740     1711.110     1716.960     1717.070
   170:     1719.690     1720.370     1722.150     1798.780     1802.370
   175:     1814.320     1814.360     1851.450     1851.800     1858.040
   180:     1860.350     1865.500     1867.590     1872.140     1873.780
   185:     1876.930     1882.310     1883.220     1885.150     1963.500
   190:     1977.370     2023.460     2026.020     2030.820     2032.890
   195:     2035.800     2152.300     2153.490     2173.060     2179.670
   200:     2183.800     2229.800     2231.250     2233.520     2235.030
   205:     2237.100     2242.540     2244.190     2245.720     2272.840
   210:     2309.400     2373.520     2376.890     2383.190     2386.490
   215:     2445.630     2446.170     2448.730     2452.700     2452.740
   220:     2458.090     2459.670     2460.510     2461.820     2465.580
   225:     2465.580     2465.580     2465.590     2465.590     2475.580
   230:     2475.590     2546.450     2549.580     2583.520     2609.160
   235:     2628.270     2628.270     2628.270     2628.280     2628.280
   240:     2629.520     2631.900     2634.330     2638.270     2638.280
   245:     2701.780     2704.640     2708.790     2710.810     2714.600
   250:     2719.840     2722.080     2732.170     2732.730     2736.530
   255:     2739.110     2740.910     2745.140     2748.720     2752.040
   260:     2757.610     2759.060     2768.070     2770.190     2790.300
   265:     2792.230     2834.870     2855.420     2858.450     2863.750
   270:     2865.950     2870.880     2871.420     2905.070     2908.750
   275:     2935.080     3015.690     3019.280     3055.480     3056.740
   280:     3059.860     3083.370     3088.950     3112.410     3112.470
   285:     3112.750     3114.620     3116.790     3117.870     3120.570
   290:     3122.750     3122.920     3124.680     3125.340     3129.020
   295:     3129.460     3130.790     3131.690     3133.280     3133.350
   300:     3149.780     3177.790     3180.830     3183.480     3185.330
   305:     3188.030     3190.210     3192.990     3193.940     3198.610
   310:     3199.570     3200.740     3201.230     3201.520     3201.580
   315:     3201.630     3202.630     3204.860     3206.490     3213.190
   320:     3216.200     3231.440     3231.600     3232.520     3233.420
   325:     3236.060     3239.800     3240.380     3257.970     3259.420
   330:     3260.200     3263.380     3264.300     3267.850     3269.070
   335:     3270.430     3273.870     3273.870     3273.870     3273.880
   340:     3273.880     3273.970     3273.970     3274.230     3274.230
   345:     3274.890     3274.890     3275.420     3275.420     3275.670
   350:     3275.670     3276.690     3277.390     3280.470     3283.870
   355:     3283.880     3287.460     3288.950     3290.030     3290.950
   360:     3291.630     3294.360     3294.360     3294.360     3294.370
   365:     3294.370     3297.350     3303.200     3304.360     3304.370
   370:     3304.420     3305.230     3306.930     3345.910     3353.000
   375:     3359.260     3394.320     3397.050     3397.850     3400.290
   380:     3401.410     3503.070     3503.210     3509.940     3514.750
   385:     3516.550     3517.180     3517.880     3518.750     3525.280
   390:     3525.420     3528.380     3540.750     3541.750     3543.240
   395:     3546.450     3548.640     3549.710     3551.840     3596.670
   400:     3605.250     3607.770     3648.390     3665.500     3672.720
   405:     3688.860     3693.550     3764.170     3767.350     3772.780
   410:     3777.800     3780.630     3810.830     4090.920     4092.230
   415:     4178.920     4183.200     4183.340     4186.680     4186.740
   420:     4201.350     4333.540     4336.030     4341.460     4344.150
   425:     4379.800     4420.970     4421.530     4433.120     4433.540
   430:     4436.810     4440.040     4441.630     4442.740     4445.890
   435:     4462.650     4464.790     4466.920     4471.980     4471.980
   440:     4471.980     4471.990     4471.990     4472.100     4472.100
   445:     4472.490     4472.490     4473.850     4476.020     4476.250
   450:     4476.370     4481.980     4481.990     4484.110     4484.310
   455:     4500.620     4502.350     4504.630     4622.530     4626.410
   460:     4635.780     4635.830     4636.120     4638.670     4646.990
   465:     4687.550     4701.110     4706.670     4706.700     4709.780
   470:     4722.900     4723.560     4728.350     4731.500     4732.030
   475:     4736.070     4778.480     4852.240     4852.350     4857.880
   480:     4879.190     4879.700     4883.860     4887.920     4888.000
   485:     4889.080     4896.000     4910.800     5032.860     5037.320
   490:     5043.920     5088.810     5091.550     5105.490     5109.790
   495:     5113.100     5115.000     5129.210     5129.210     5129.210
   500:     5129.220     5129.220     5130.560     5133.920     5138.000
   505:     5139.210     5139.220     5194.060     5195.780     5203.100
   510:     5203.170     5206.400     5207.670     5209.590     5213.530
   515:     5219.110     5219.530     5247.550     5251.800     5283.560
   520:     5284.120     5284.180     5290.990     5293.720     5294.400
   525:     5294.780     5295.750     5296.360     5324.550     5326.070
   530:     5353.350     5357.070     5382.840     5382.840     5382.840
   535:     5382.850     5382.850     5392.840     5392.850     5521.060
   540:     5521.640     5569.830     5574.030     5574.070     5576.510
   545:     5580.560     5585.790     5591.360     5593.100     5624.710
   550:     5640.060     5640.780     5642.050     5675.230     5713.940
   555:     5713.940     5713.940     5713.950     5713.950     5716.280
   560:     5716.280     5723.940     5723.950     5745.500     5749.040
   565:     5751.250     5753.030     5755.270     5760.730     5765.300
   570:     5766.930     5766.960     5767.330     5768.350     5775.720
   575:     5778.700     5780.190     5786.620     5790.540     5794.080
   580:     5795.410     5887.280     5887.530     5889.620     5894.940
   585:     5897.690     5900.330     5900.510     5902.500     5902.650
   590:     5904.380     5904.490     5906.790     5909.810     5931.230
   595:     5988.450     5988.510     5994.130     6155.010     6164.890
   600:     6172.800     6177.220     6248.710     6248.890     6251.470
   605:     6254.200     6258.380     6262.800     6292.810     6293.050
   610:     6312.520     6313.980     6316.740     6321.140     6321.670
   615:     6445.650     6466.490     6470.250     6476.630     6477.480
   620:     6477.660     6480.550     6482.020     6482.420     6486.840
   625:     6488.460     6490.030     6554.060     6575.440     6675.360
   630:     6845.340     6848.720     6850.200     6850.570     6852.720
   635:     6858.440     6860.320     6865.320     6868.260     6872.800
   640:     6874.430     6891.500     6997.290     7063.460     7078.810
   645:     7394.910     7395.980     7523.670     7534.110     7561.280
   650:     7564.550     7566.520     7569.010     7571.830     7572.460
   655:     7574.710     7580.890     7582.600     7584.870     7590.830
   660:     7594.330     7596.650     7597.380     7618.800     7621.870
   665:     7624.240     7627.510     7628.590     7632.800     7634.000
   670:     7635.260     7640.050     7640.270     7670.210     7670.400
   675:     7672.050     7673.340     7674.740     7677.260     7679.440
   680:     7681.370     7683.940     7684.370     7687.450     7688.540
   685:     7707.790     7710.150     7710.830     7734.840     7735.190
   690:     7736.400     7741.430     7741.430     7741.430     7741.440
   695:     7741.440     7742.020     7742.020     7742.760     7742.760
   700:     7742.890     7742.890     7751.430     7751.440     7800.870
   705:     7802.590     7806.140     7844.290     7847.420     7867.630
   710:     7867.990     7870.780     7893.200     7893.540     7901.790
   715:     7901.990     7969.350     7969.600     7976.290     7981.520
   720:     7988.550     7988.670     8008.430     8010.190     8011.930
   725:     8014.620     8016.950     8018.900     8019.920     8027.240
   730:     8027.280     8027.490     8029.390     8076.190     8076.670
   735:     8264.670     8264.830     8268.150     8307.780     8311.390
   740:     8312.680     8318.870     8321.400     8322.970     8341.580
   745:     8342.050     8344.670     8408.480     8445.100     8448.200
   750:     8639.990     8642.270     8648.240     8651.550     8653.380
   755:     8671.430     8673.790     8675.770     8921.300     8925.720
   760:     8928.090     8929.950     8930.940     8957.310     8968.730
   765:     8969.170     8998.980     8999.180     9082.870     9086.370
   770:     9088.200     9094.360     9095.000     9098.740     9102.370
   775:     9103.960     9105.340     9114.900     9115.790     9117.800
   780:     9123.530     9131.060     9134.830     9135.040     9138.850
   785:     9287.100     9287.890     9289.620     9296.170     9303.990
   790:     9303.990     9303.990     9304.000     9304.000     9313.990
   795:     9314.000     9316.650     9321.850     9326.050     9327.340
   800:     9332.470     9334.120     9336.060     9340.820     9341.670
   805:     9344.360     9344.360     9344.360     9344.370     9344.370
   810:     9344.740     9344.740     9345.680     9345.680     9346.440
   815:     9346.440     9347.660     9347.660     9348.280     9348.280
   820:     9348.430     9348.430     9350.080     9350.080     9351.050
   825:     9351.540     9353.640     9354.360     9354.370     9354.870
   830:     9355.590     9357.010     9421.520     9459.150     9474.600
   835:     9523.350     9704.670     9854.550     9860.600     9929.480
   840:     9930.080     9933.080     9952.260     9952.420     9952.750
   845:     9954.420     9954.920     9954.980     9956.240     9957.470
   850:     9958.920     9959.580     9982.320     9982.320     9982.320
   855:     9982.330     9982.330     9984.690     9984.690     9992.320
   860:     9992.330    10013.610    10013.840    10014.000    10104.590
   865:    10105.220    10108.600    10110.530    10110.920    10112.130
   870:    10112.180    10112.210    10118.900    10120.470    10121.500
   875:    10122.210    10127.000    10134.440    10136.800    10137.570
   880:    10138.840    10142.210    10142.210    10142.210    10142.220
   885:    10142.220    10142.810    10142.810    10143.510    10143.510
   890:    10152.210    10152.220    10232.790    10234.680    10236.270
   895:    10237.800    10238.720    10240.830    10393.390    10395.470
   900:    10395.610    10395.810    10400.890    10402.840    10405.550
   905:    10410.520    10411.710    10411.940    10412.220    10414.000
   910:    10420.250    10422.530    10423.550    10426.020    10427.970
   915:    10429.600    10435.530    10437.710    10439.410    10442.950
   920:    10444.270    10448.460    10448.460    10448.460    10448.470
   925:    10448.470    10449.310    10450.600    10456.010    10456.440
   930:    10458.460    10458.470    10460.100    10461.230    10461.920
   935:    10462.410    10575.570    10575.750    10578.050    10579.430
   940:    10579.620    10583.980    10583.980    10583.980    10583.990
   945:    10583.990    10584.510    10584.510    10593.980    10593.990
   950:    10616.310    10616.600    10619.340    10626.730    10631.440
   955:    10633.950    10636.210    10637.660    10687.480    10687.910
   960:    10691.650    10723.050    10723.940    10800.000
