File: C:\MED-PC IV\DATA\!2025-03-04_08h59m.Subject 64



Start Date: 03/04/25
End Date: 03/04/25
Subject: 64
Experiment: OralFentSA
Group: One
Box: 8
Start Time:  8:59:29
End Time: 11:59:35
MSN: Golden_Liq_SelfAdmin_EXT
F:       0.000
G:     390.000
H:   10800.010
I:       0.000
J:       0.000
K:       0.000
L:       0.000
M:       0.000
N:       0.000
O:       0.000
P:       0.000
Q:       0.000
R:       0.000
S:       0.000
U:       0.000
V:       0.000
W:       0.000
X:       0.000
Y:       0.000
Z:       0.000
A:
     0:        0.000        0.000      180.000        4.000        0.000
     5:        5.000        0.000        5.000        0.000        0.000
    10:        1.000        0.000       10.000 100000000.00       25.000
    15:       17.000      640.000        0.000        0.000        0.000
    20:        0.000
B:
     0:        0.000        0.000        0.000        0.000        0.000
     5:        0.000        0.000        0.000        0.000        0.000
    10:        0.000        0.000     1000.000 10000000000.        0.000
    15:        0.000        0.000        0.000        0.000        0.000
    20:        0.000
C:
     0:        0.000       21.000        0.000       38.000      144.000
     5:    10616.750       16.720       15.000     1153.150       76.877
    10:       38.000       86.000        0.000        0.000        0.000
    15:        0.000        0.000        0.000        0.000        0.000
    20:        0.000
D:
     0:       22.730      222.780        2.680       15.340       27.120
     5:       44.970       20.670       34.100       31.910       60.140
    10:        6.450       49.350      165.730      432.460       16.720
E:
     0:       19.000       11.000       26.000       27.000        6.000
     5:        6.000       23.000       23.000        6.000        6.000
    10:        2.000        4.000       22.000       24.000       21.000
    15:       22.000       19.000       11.000       23.000        2.000
    20:        4.000       22.000       24.000       19.000       11.000
    25:        6.000        6.000        6.000        6.000        6.000
    30:        6.000        6.000        6.000        6.000        6.000
    35:        6.000        6.000        6.000        6.000        6.000
    40:        6.000        6.000       23.000       23.000       23.000
    45:        6.000        6.000       23.000        6.000        2.000
    50:        4.000       22.000       24.000       21.000       22.000
    55:       21.000       22.000       21.000       22.000       19.000
    60:       11.000       23.000       23.000       23.000       23.000
    65:        6.000        6.000        6.000        6.000        6.000
    70:        6.000        6.000        6.000       23.000        2.000
    75:        4.000       22.000       24.000       21.000       22.000
    80:       19.000       11.000       23.000        2.000        4.000
    85:       22.000       24.000        6.000        6.000        6.000
    90:       19.000       11.000       23.000       23.000       23.000
    95:        6.000        6.000       23.000       23.000       23.000
   100:       23.000       23.000       23.000       23.000       23.000
   105:       23.000       23.000       23.000       23.000       23.000
   110:       23.000       23.000       23.000       23.000       23.000
   115:       23.000       23.000       23.000       23.000       23.000
   120:       23.000       23.000       23.000       23.000        6.000
   125:       23.000       23.000       23.000       23.000        2.000
   130:        4.000       22.000       24.000       19.000       11.000
   135:        6.000       23.000       23.000       23.000       23.000
   140:       23.000       23.000       23.000       23.000       23.000
   145:        6.000        6.000        6.000        6.000        2.000
   150:        4.000       22.000       24.000       21.000       22.000
   155:       21.000       22.000       19.000       11.000        2.000
   160:        4.000       22.000       24.000       19.000       11.000
   165:        6.000        6.000        6.000        6.000        6.000
   170:        6.000        6.000        6.000        6.000        6.000
   175:        6.000        6.000        6.000        6.000        6.000
   180:        6.000        6.000        6.000        6.000        6.000
   185:        6.000        6.000        6.000        6.000        6.000
   190:        6.000        6.000        6.000        6.000        6.000
   195:        6.000        6.000       23.000       23.000       23.000
   200:       23.000       23.000       23.000       23.000       23.000
   205:       23.000       23.000       23.000       23.000       23.000
   210:       23.000       23.000       23.000        6.000        6.000
   215:        6.000        6.000        6.000        6.000        6.000
   220:        6.000        6.000        6.000        6.000        6.000
   225:        6.000        6.000        6.000        6.000        6.000
   230:        6.000        2.000        4.000       22.000       24.000
   235:       19.000       11.000        6.000        6.000        6.000
   240:        6.000        6.000        6.000        6.000        2.000
   245:        4.000       22.000       24.000       21.000       22.000
   250:       19.000       11.000        6.000        6.000        6.000
   255:       23.000       23.000       23.000       23.000       23.000
   260:       23.000       23.000       23.000       23.000       23.000
   265:        6.000        2.000        4.000       22.000       24.000
   270:       21.000       22.000       21.000       22.000       19.000
   275:       11.000        2.000        4.000       22.000       24.000
   280:       21.000       22.000       19.000       11.000        6.000
   285:        6.000        6.000       23.000        6.000        6.000
   290:        6.000        6.000        6.000        6.000        6.000
   295:        6.000       23.000        6.000        6.000        6.000
   300:        2.000        4.000       22.000       24.000       21.000
   305:       22.000       19.000       11.000        6.000        6.000
   310:        6.000        6.000        6.000       23.000        2.000
   315:        4.000       22.000       24.000       21.000       22.000
   320:       19.000       11.000        6.000        2.000        4.000
   325:       22.000       24.000        6.000        6.000       19.000
   330:       11.000        6.000        6.000        2.000        4.000
   335:       22.000       24.000       19.000       11.000        6.000
   340:        6.000        6.000        6.000        6.000        2.000
   345:        4.000       22.000       24.000       19.000       11.000
   350:        6.000        6.000        6.000        6.000        6.000
   355:        6.000        2.000        4.000       22.000       24.000
   360:       21.000       22.000       21.000       22.000       21.000
   365:       22.000       21.000       22.000       21.000       22.000
   370:       19.000       11.000       23.000        2.000        4.000
   375:       22.000       24.000       19.000       11.000        6.000
   380:        2.000        4.000       22.000       24.000       19.000
   385:       11.000        6.000        6.000        6.000        6.000
   390:      100.000
T:
     0:        0.000        0.000        0.000        0.000       20.560
     5:       91.130      169.160      169.880      190.340      256.790
    10:      279.510      279.510      279.510      279.520      286.290
    15:      286.290      289.510      289.520      434.350      643.220
    20:      643.220      643.220      643.230      653.220      653.230
    25:      665.960      666.880      726.870      727.480      727.530
    30:      727.820      756.470      769.970      896.900      898.650
    35:      900.680      903.410      903.490      903.950      904.330
    40:      905.570      905.660     1151.780     1154.340     1155.430
    45:     1229.210     1229.240     1273.880     1302.260     1304.410
    50:     1304.410     1304.410     1304.420     1306.630     1306.630
    55:     1306.950     1306.950     1307.210     1307.210     1314.410
    60:     1314.420     1364.660     1377.560     1377.650     1377.820
    65:     1527.200     1535.020     1539.100     1654.410     1659.130
    70:     1659.370     1662.110     1663.170     1734.930     1742.360
    75:     1742.360     1742.360     1742.370     1749.200     1749.200
    80:     1752.360     1752.370     1858.550     1885.980     1885.980
    85:     1885.980     1885.990     1888.670     1890.780     1891.940
    90:     1895.980     1895.990     1900.370     1904.510     1908.290
    95:     1973.350     2020.260     2031.470     2032.950     2044.630
   100:     2046.010     2048.230     2048.280     2060.580     2061.120
   105:     2061.720     2062.390     2064.750     2065.250     2066.000
   110:     2066.390     2066.510     2069.720     2071.500     2071.620
   115:     2073.620     2075.070     2075.200     2076.520     2082.640
   120:     2090.850     2103.450     2104.850     2107.090     2536.070
   125:     2552.260     2553.070     2554.740     2561.590     2571.980
   130:     2571.980     2571.980     2571.990     2581.980     2581.990
   135:     2587.330     2624.780     2625.940     2626.460     2630.700
   140:     2632.180     2650.100     2650.330     2651.400     2715.850
   145:     2738.080     2738.360     2738.390     2739.750     2778.570
   150:     2778.570     2778.570     2778.580     2780.640     2780.640
   155:     2788.040     2788.040     2788.570     2788.580     2788.690
   160:     2788.690     2788.690     2788.700     2798.690     2798.700
   165:     2815.820     2816.790     2820.720     2821.830     2822.060
   170:     2826.060     2826.230     2830.930     2831.030     2831.180
   175:     2831.550     2831.640     2832.570     2832.670     2834.050
   180:     2836.290     2836.580     2836.860     2847.240     2848.650
   185:     2848.840     2849.650     2858.220     2862.990     2863.040
   190:     2863.260     2863.390     2867.990     2868.160     2869.420
   195:     2971.050     3025.900     3029.690     3037.280     3039.130
   200:     3039.940     3041.500     3042.710     3044.810     3047.890
   205:     3049.490     3051.470     3052.340     3052.430     3052.700
   210:     3052.930     3053.150     3054.240     3066.830     3066.870
   215:     3073.480     3073.520     3073.580     3073.850     3074.220
   220:     3074.840     3079.340     3079.720     3080.470     3087.210
   225:     3088.560     3091.630     3091.730     3092.320     3092.750
   230:     3109.840     3724.890     3724.890     3724.890     3724.900
   235:     3734.890     3734.900     3769.870     3770.740     3774.280
   240:     3780.970     3805.990     3882.940     3883.050     3887.620
   245:     3887.620     3887.620     3887.630     3891.690     3891.690
   250:     3897.620     3897.630     3908.300     3909.060     3909.910
   255:     4009.990     4011.200     4013.090     4013.280     4028.140
   260:     4029.530     4031.490     4032.050     4032.460     4033.520
   265:     4044.750     4051.330     4051.330     4051.330     4051.340
   270:     4052.130     4052.130     4061.230     4061.230     4061.330
   275:     4061.340     4062.190     4062.190     4062.190     4062.200
   280:     4063.930     4063.930     4072.190     4072.200     4096.300
   285:     4096.390     4096.740     4109.390     4111.880     4112.210
   290:     4130.150     4139.840     4495.800     4496.070     4512.180
   295:     8767.280     8833.590     8869.630     8870.060     8870.130
   300:     8879.260     8879.260     8879.260     8879.270     8879.810
   305:     8879.810     8889.260     8889.270     8911.180     9048.500
   310:     9048.970     9050.480     9050.540     9077.240     9083.540
   315:     9083.540     9083.540     9083.550     9085.360     9085.360
   320:     9093.540     9093.550     9143.690     9355.150     9355.150
   325:     9355.150     9355.160     9361.610     9361.890     9365.150
   330:     9365.160     9386.930     9483.830     9528.680     9528.680
   335:     9528.680     9528.690     9538.680     9538.690     9578.040
   340:     9718.300     9718.400     9718.550     9718.970     9758.800
   345:     9758.800     9758.800     9758.810     9768.800     9768.810
   350:     9924.540     9940.330     9999.760    10000.890    10002.450
   355:    10007.510    10014.890    10014.890    10014.890    10014.900
   360:    10015.840    10015.840    10016.100    10016.100    10016.620
   365:    10016.620    10019.130    10019.130    10021.720    10021.720
   370:    10024.890    10024.900    10049.330    10138.950    10138.950
   375:    10138.950    10138.960    10148.950    10148.960    10571.420
   380:    10616.740    10616.740    10616.740    10616.750    10626.740
   385:    10626.750    10633.470    10637.770    10637.800    10703.860
   390:    10800.010
