File: C:\MED-PC\Data\2025-03-11_09h21m_Subject 74.txt


Start Date: 03/11/25
End Date: 03/11/25
Subject: 74
Experiment: OralFentSA
Group: One
Box: 2
Start Time: 09:21:16
End Time: 12:22:27
MSN: 20241014_Golden_Liq_SelfAdmin
F:       0.000
G:     576.000
H:   10800.000
I:       0.000
J:       0.000
K:       0.000
L:       0.000
M:       0.000
N:       0.000
O:       0.000
P:       0.000
Q:       0.000
R:       0.000
S:       0.000
U:       0.000
V:       0.000
W:       0.000
X:       0.000
Y:       0.000
Z:       0.000
A:
     0:        0.000        0.000      180.000        4.000        0.000
     5:        5.000        0.000        5.000        0.000        0.000
    10:        1.000        0.000       10.000  3000000.000       23.000
    15:        7.000      640.000        0.000        0.000        0.000
    20:        0.000
B:
     0:        0.000        0.000        0.000      400.000        0.000
     5:      500.000        0.000      500.000        0.000        0.000
    10:        0.000        0.000     1000.000 300000000.000        0.000
    15:        0.000        0.000        0.000        0.000        0.000
    20:        0.000
C:
     0:       21.000       22.000        4.000       33.000      250.000
     5:     8633.460        2.240       19.000      288.070       15.162
    10:       33.000        4.000        0.000        0.000        0.000
    15:        0.000        0.000        0.000        0.000        0.000
    20:        0.000
D:
     0:        3.460        1.080        1.540        1.270        6.380
     5:       48.240      161.490        1.790        8.680        1.110
    10:        0.850        1.700        0.860        2.640        5.930
    15:       21.190        3.540       14.080        2.240
E:
     0:       19.000       11.000       26.000       27.000        1.000
     5:        1.000        6.000        6.000        2.000        4.000
    10:       22.000       24.000       12.000       13.000        8.000
    15:        5.000       17.000        6.000       18.000       14.000
    20:       10.000        6.000        6.000        6.000       19.000
    25:       11.000        6.000        2.000        4.000       22.000
    30:       24.000       12.000       13.000        8.000        5.000
    35:       17.000        6.000       18.000       14.000       10.000
    40:       19.000       11.000        1.000        6.000        6.000
    45:        6.000        6.000        2.000        4.000       22.000
    50:       24.000       12.000       13.000        8.000        5.000
    55:       17.000        6.000       21.000       22.000       21.000
    60:       22.000       18.000       14.000       10.000        6.000
    65:        6.000       21.000       22.000       19.000       11.000
    70:        6.000        6.000        2.000        4.000       22.000
    75:       24.000       12.000       13.000        8.000        5.000
    80:       17.000       18.000       14.000       10.000       19.000
    85:       11.000        2.000        4.000       22.000       24.000
    90:       12.000       13.000        8.000        5.000       17.000
    95:        6.000       18.000       14.000       10.000        6.000
   100:       19.000       11.000        2.000        4.000       22.000
   105:       24.000       12.000       13.000        8.000        5.000
   110:       17.000       21.000       22.000       18.000       14.000
   115:       10.000       19.000       11.000        2.000        4.000
   120:       22.000       24.000       12.000       13.000        8.000
   125:        5.000       17.000       21.000       22.000       18.000
   130:       14.000       10.000       21.000       22.000        6.000
   135:       21.000       22.000       19.000       11.000        2.000
   140:        4.000       22.000       24.000       12.000       13.000
   145:        8.000        5.000       17.000       18.000       14.000
   150:       10.000       19.000       11.000        6.000        6.000
   155:        6.000        6.000        6.000        6.000        6.000
   160:        6.000        6.000        6.000        6.000        6.000
   165:        6.000        1.000        6.000        2.000        4.000
   170:       22.000       24.000       12.000       13.000        8.000
   175:        5.000       17.000       18.000       14.000       10.000
   180:       19.000       11.000        6.000        6.000        6.000
   185:        6.000        6.000        6.000        6.000        6.000
   190:        6.000        6.000        6.000        6.000        6.000
   195:        6.000        6.000        6.000        6.000        6.000
   200:        6.000        6.000        6.000        6.000        6.000
   205:        6.000        6.000        6.000        6.000        6.000
   210:        6.000        6.000        6.000        6.000        6.000
   215:        6.000        6.000        6.000        6.000        6.000
   220:        6.000        6.000        6.000        6.000        6.000
   225:        6.000        6.000        6.000        6.000        6.000
   230:        6.000        6.000        6.000        6.000        6.000
   235:        6.000        6.000        6.000        6.000        6.000
   240:        6.000        6.000        2.000        4.000       22.000
   245:       24.000       12.000       13.000        8.000        5.000
   250:       17.000        6.000       18.000        6.000       14.000
   255:       10.000       19.000       11.000        2.000        4.000
   260:       22.000       24.000       12.000       13.000        8.000
   265:        5.000       17.000       18.000       14.000       10.000
   270:        6.000       19.000       11.000        2.000        4.000
   275:       22.000       24.000       12.000       13.000        8.000
   280:        5.000       17.000        6.000       18.000       14.000
   285:       10.000       19.000       11.000        2.000        4.000
   290:       22.000       24.000       12.000       13.000        8.000
   295:        5.000       17.000        6.000        6.000       18.000
   300:       14.000       10.000       19.000       11.000        6.000
   305:        6.000        6.000        6.000        6.000        6.000
   310:        6.000        6.000        6.000        6.000        6.000
   315:        6.000        6.000        6.000        6.000        6.000
   320:        6.000        6.000        6.000        6.000        6.000
   325:        6.000        6.000        6.000        6.000        6.000
   330:        6.000        6.000        6.000        6.000        6.000
   335:        6.000        6.000        6.000        6.000        6.000
   340:        2.000        4.000       22.000       24.000       12.000
   345:       13.000        8.000        5.000       17.000        6.000
   350:       18.000       14.000       10.000       19.000       11.000
   355:        6.000        6.000        6.000        2.000        4.000
   360:       22.000       24.000       12.000       13.000        8.000
   365:        5.000       17.000       21.000       22.000        6.000
   370:       18.000       14.000       10.000       19.000       11.000
   375:        6.000        6.000        6.000        6.000        6.000
   380:        2.000        4.000       22.000       24.000       12.000
   385:       13.000        8.000        5.000       17.000        6.000
   390:       18.000        6.000        6.000       14.000       10.000
   395:       21.000       22.000        6.000       19.000       11.000
   400:        6.000        6.000        6.000        6.000        6.000
   405:        6.000        6.000        6.000        6.000        6.000
   410:        6.000        6.000        6.000        6.000        6.000
   415:        2.000        4.000       22.000       24.000       12.000
   420:       13.000        8.000        5.000       17.000       18.000
   425:       14.000       10.000        6.000        6.000        6.000
   430:       19.000       11.000        2.000        4.000       22.000
   435:       24.000       12.000       13.000        8.000        5.000
   440:       17.000       18.000       14.000       10.000       19.000
   445:       11.000        6.000        6.000        6.000        6.000
   450:        6.000        6.000        6.000        6.000        6.000
   455:        2.000        4.000       22.000       24.000       12.000
   460:       13.000        8.000        5.000       17.000       21.000
   465:       22.000        6.000       18.000       14.000       10.000
   470:        6.000       21.000       22.000       21.000       22.000
   475:       19.000       11.000        2.000        4.000       22.000
   480:       24.000       12.000       13.000        8.000        5.000
   485:       17.000       18.000       14.000       10.000       19.000
   490:       11.000        6.000        6.000        6.000        6.000
   495:        6.000        6.000        6.000        6.000        6.000
   500:        6.000        6.000        6.000        6.000        6.000
   505:        6.000        6.000        6.000        6.000        6.000
   510:        6.000        6.000        6.000        6.000        6.000
   515:        6.000        6.000        6.000        6.000        6.000
   520:        6.000        6.000        6.000        6.000        6.000
   525:        6.000        6.000        6.000        6.000        6.000
   530:        6.000        6.000        6.000        6.000        6.000
   535:        6.000        6.000        6.000        6.000        6.000
   540:        2.000        4.000       22.000       24.000       12.000
   545:       13.000        8.000        5.000       17.000        6.000
   550:       18.000       14.000       10.000       19.000       11.000
   555:        6.000        6.000        6.000        6.000        6.000
   560:        6.000        6.000        6.000        6.000        6.000
   565:        6.000        6.000        6.000        6.000        6.000
   570:        6.000        6.000        6.000        6.000        6.000
   575:        6.000      100.000
T:
     0:        0.000        0.000        0.000        0.000        5.380
     5:        7.420       36.720       38.050       41.320       41.320
    10:       41.320       41.330       41.330       41.330       41.330
    15:       41.330       41.330       44.790       45.330       46.330
    20:       46.330       46.890       48.740       50.080       51.320
    25:       51.330       53.300       59.410       59.410       59.410
    30:       59.420       59.420       59.420       59.420       59.420
    35:       59.420       60.500       63.420       64.420       64.420
    40:       69.410       69.420       99.520      111.690      111.830
    45:      113.380      113.770      116.870      116.870      116.870
    50:      116.880      116.880      116.880      116.880      116.880
    55:      116.880      118.420      120.120      120.120      120.560
    60:      120.560      120.880      121.880      121.880      122.890
    65:      124.220      125.820      125.820      126.870      126.880
    70:      128.680      128.740      129.950      129.950      129.950
    75:      129.960      129.960      129.960      129.960      129.960
    80:      129.960      133.960      134.960      134.960      139.950
    85:      139.960      178.300      178.300      178.300      178.310
    90:      178.310      178.310      178.310      178.310      178.310
    95:      179.580      182.310      183.310      183.310      187.690
   100:      188.300      188.310      190.970      190.970      190.970
   105:      190.980      190.980      190.980      190.980      190.980
   110:      190.980      192.910      192.910      194.980      195.980
   115:      195.980      200.970      200.980      202.150      202.150
   120:      202.150      202.160      202.160      202.160      202.160
   125:      202.160      202.160      204.160      204.160      206.160
   130:      207.160      207.160      207.840      207.840      208.540
   135:      210.190      210.190      212.150      212.160      214.970
   140:      214.970      214.970      214.980      214.980      214.980
   145:      214.980      214.980      214.980      218.980      219.980
   150:      219.980      224.970      224.980      263.220      263.450
   155:      267.380      268.490      270.590      270.610      270.680
   160:      273.460      274.450      278.920      282.040      283.760
   165:      284.400      291.630      297.240      299.700      299.700
   170:      299.700      299.710      299.710      299.710      299.710
   175:      299.710      299.710      303.710      304.710      304.710
   180:      309.700      309.710      461.200      463.050      481.600
   185:      729.990      730.060      977.710     1000.500     1235.450
   190:     1279.470     1281.670     1328.020     1342.770     1354.200
   195:     1379.750     1644.260     1703.180     1719.840     1781.640
   200:     1795.590     1797.230     1797.600     1805.000     1806.420
   205:     1816.000     1822.490     1844.760     1854.420     1856.730
   210:     1861.580     1861.650     1959.130     2046.490     2145.390
   215:     2273.440     2322.280     2345.460     2369.970     2370.430
   220:     2457.740     2612.940     2613.850     2643.100     2802.680
   225:     2842.600     3473.580     3474.070     3474.560     3474.780
   230:     3474.810     3475.530     3491.240     3507.010     3560.130
   235:     3589.880     3590.860     3590.920     3658.370     3659.280
   240:     3660.410     3665.730     3672.320     3672.320     3672.320
   245:     3672.330     3672.330     3672.330     3672.330     3672.330
   250:     3672.330     3674.120     3676.330     3676.490     3677.330
   255:     3677.330     3682.320     3682.330     3686.270     3686.270
   260:     3686.270     3686.280     3686.280     3686.280     3686.280
   265:     3686.280     3686.280     3690.280     3691.280     3691.280
   270:     3694.960     3696.270     3696.280     3699.490     3699.490
   275:     3699.490     3699.500     3699.500     3699.500     3699.500
   280:     3699.500     3699.500     3700.610     3703.500     3704.500
   285:     3704.500     3709.490     3709.500     3736.390     3736.390
   290:     3736.390     3736.400     3736.400     3736.400     3736.400
   295:     3736.400     3736.400     3737.250     3738.540     3740.400
   300:     3741.400     3741.400     3746.390     3746.400     3766.530
   305:     3780.160     3786.000     3787.520     3851.820     3889.030
   310:     3900.000     3920.970     3930.760     3931.760     3931.890
   315:     3939.630     3940.140     3944.250     3944.710     3952.440
   320:     3954.660     3957.670     3987.560     4027.450     4189.810
   325:     4191.400     4243.560     4244.190     4249.370     4323.630
   330:     4323.670     4323.840     4323.870     4430.780     4561.390
   335:     4637.060     4658.500     5030.600     5056.270     5995.680
   340:     5999.530     5999.530     5999.530     5999.540     5999.540
   345:     5999.540     5999.540     5999.540     5999.540     6001.240
   350:     6003.540     6004.540     6004.540     6009.530     6009.540
   355:     6011.100     6013.070     6024.010     6026.880     6026.880
   360:     6026.880     6026.890     6026.890     6026.890     6026.890
   365:     6026.890     6026.890     6027.240     6027.240     6027.750
   370:     6030.890     6031.890     6031.890     6036.880     6036.890
   375:     6046.150     6046.260     6049.290     6075.490     6077.270
   380:     6082.260     6082.260     6082.260     6082.270     6082.270
   385:     6082.270     6082.270     6082.270     6082.270     6084.910
   390:     6086.270     6086.320     6086.480     6087.270     6087.270
   395:     6087.420     6087.420     6089.790     6092.260     6092.270
   400:     6100.790     6133.320     6135.790     6140.090     6140.460
   405:     6145.470     6230.100     6233.100     6307.700     6308.080
   410:     8155.610     8160.880     8191.280     8209.250     8267.200
   415:     8271.240     8271.240     8271.240     8271.250     8271.250
   420:     8271.250     8271.250     8271.250     8271.250     8275.250
   425:     8276.250     8276.250     8277.180     8279.790     8280.310
   430:     8281.240     8281.250     8289.950     8289.950     8289.950
   435:     8289.960     8289.960     8289.960     8289.960     8289.960
   440:     8289.960     8293.960     8294.960     8294.960     8299.950
   445:     8299.960     8311.150     8313.510     8338.130     8339.610
   450:     8343.760     8344.010     8385.220     8385.270     8385.310
   455:     8386.640     8386.640     8386.640     8386.650     8386.650
   460:     8386.650     8386.650     8386.650     8386.650     8387.150
   465:     8387.150     8390.190     8390.650     8391.650     8391.650
   470:     8392.070     8392.990     8392.990     8394.860     8394.860
   475:     8396.640     8396.650     8400.800     8400.800     8400.800
   480:     8400.810     8400.810     8400.810     8400.810     8400.810
   485:     8400.810     8404.810     8405.810     8405.810     8410.800
   490:     8410.810     8414.890     8418.720     8418.840     8419.420
   495:     8422.590     8424.340     8424.930     8424.980     8427.270
   500:     8428.220     8430.040     8432.900     8433.280     8433.340
   505:     8434.830     8434.910     8434.990     8437.630     8438.660
   510:     8438.730     8439.340     8439.770     8440.350     8443.250
   515:     8443.350     8449.920     8450.180     8453.360     8454.290
   520:     8459.080     8492.650     8525.010     8525.300     8526.460
   525:     8537.230     8540.460     8542.210     8553.400     8553.740
   530:     8556.180     8556.450     8557.040     8557.340     8557.560
   535:     8605.190     8610.150     8629.910     8630.020     8630.220
   540:     8633.450     8633.450     8633.450     8633.460     8633.460
   545:     8633.460     8633.460     8633.460     8633.460     8635.700
   550:     8637.460     8638.460     8638.460     8643.450     8643.460
   555:     8677.280     8757.830     8760.560     8762.410     8774.690
   560:     8780.790     8782.990     8791.980     8794.750     8806.770
   565:     8808.730     8808.950     8810.320     8822.380     8822.650
   570:     8823.230     8830.910     8840.660     8843.050     8843.870
   575:     8843.990    10800.000
