File: C:\MED-PC IV\DATA\!2025-03-12_09h01m.Subject 60



Start Date: 03/12/25
End Date: 03/12/25
Subject: 60
Experiment: OralFentSA
Group: One
Box: 4
Start Time:  9:01:37
End Time: 12:02:02
MSN: Golden_Liq_SelfAdmin_EXT
F:       0.000
G:    1039.000
H:   10800.010
I:       0.000
J:       0.000
K:       0.000
L:       0.000
M:       0.000
N:       0.000
O:       0.000
P:       0.000
Q:       0.000
R:       0.000
S:       0.000
U:       0.000
V:       0.000
W:       0.000
X:       0.000
Y:       0.000
Z:       0.000
A:
     0:        0.000        0.000      180.000        4.000        0.000
     5:        5.000        0.000        5.000        0.000        0.000
    10:        1.000        0.000       10.000 100000000.00       21.000
    15:       23.000      640.000        0.000        0.000        0.000
    20:        0.000
B:
     0:        0.000        0.000        0.000        0.000        0.000
     5:        0.000        0.000        0.000        0.000        0.000
    10:        0.000        0.000     1000.000 10000000000.        0.000
    15:        0.000        0.000        0.000        0.000        0.000
    20:        0.000
C:
     0:        0.000       28.000        0.000       65.000      769.000
     5:    10738.100        1.730       22.000      856.680       38.940
    10:       65.000       28.000        0.000        0.000        0.000
    15:        0.000        0.000        0.000        0.000        0.000
    20:        0.000
D:
     0:       33.110       97.230      224.590      196.220        2.900
     5:      101.940       36.860       17.470        1.270       41.070
    10:        2.380        6.910       19.700       19.780        5.220
    15:        4.410        1.100        4.750        8.710       22.890
    20:        6.440        1.730
E:
     0:       19.000       11.000       26.000       27.000        2.000
     5:        4.000       22.000       24.000       19.000       11.000
    10:        6.000        6.000        6.000       23.000        6.000
    15:        2.000        4.000       22.000       24.000       21.000
    20:       22.000       21.000       22.000       21.000       22.000
    25:       19.000       11.000       23.000        6.000        6.000
    30:        6.000        6.000        6.000        6.000        2.000
    35:        4.000       22.000       24.000       21.000       22.000
    40:       19.000       11.000        6.000        6.000        6.000
    45:        2.000        4.000       22.000       24.000       21.000
    50:       22.000       19.000       11.000        6.000        6.000
    55:        6.000        6.000       23.000       23.000       23.000
    60:        6.000        6.000        6.000        6.000        6.000
    65:        6.000        6.000        6.000        6.000        6.000
    70:        2.000        4.000       22.000       24.000       21.000
    75:       22.000        6.000        6.000        6.000       19.000
    80:       11.000        6.000        6.000        6.000        6.000
    85:        6.000        6.000        2.000        4.000       22.000
    90:       24.000       21.000       22.000       19.000       11.000
    95:        6.000        6.000        6.000        6.000        6.000
   100:        6.000        6.000        6.000        6.000        6.000
   105:        6.000        2.000        4.000       22.000       24.000
   110:       19.000       11.000        6.000        6.000        6.000
   115:        6.000        6.000        6.000        6.000       23.000
   120:       23.000        6.000        6.000        6.000        6.000
   125:        6.000        6.000        2.000        4.000       22.000
   130:       24.000       21.000       22.000       21.000       22.000
   135:       19.000       11.000        6.000        6.000        6.000
   140:        6.000        6.000        6.000        6.000        6.000
   145:        6.000        6.000        6.000        6.000        6.000
   150:        6.000        6.000        6.000        6.000        6.000
   155:        6.000        6.000        6.000        6.000        6.000
   160:        6.000        6.000        6.000        6.000        6.000
   165:        6.000        6.000        6.000        2.000        4.000
   170:       22.000       24.000        6.000        6.000        6.000
   175:        6.000       19.000       11.000        6.000       23.000
   180:       23.000       23.000        6.000        6.000        6.000
   185:        6.000        6.000        6.000        6.000        6.000
   190:        6.000        6.000        6.000        6.000        6.000
   195:        6.000        6.000        6.000        6.000        6.000
   200:        6.000        2.000        4.000       22.000       24.000
   205:       21.000       22.000       21.000       22.000       19.000
   210:       11.000        6.000        6.000        6.000        6.000
   215:        6.000        6.000        6.000       23.000        6.000
   220:        6.000        6.000        6.000        2.000        4.000
   225:       22.000       24.000       21.000       22.000       21.000
   230:       22.000        6.000       19.000       11.000        6.000
   235:        2.000        4.000       22.000       24.000        6.000
   240:        6.000        6.000        6.000        6.000       19.000
   245:       11.000       23.000       23.000        2.000        4.000
   250:       22.000       24.000       19.000       11.000        2.000
   255:        4.000       22.000       24.000       19.000       11.000
   260:        6.000        6.000        6.000        6.000        6.000
   265:        6.000        6.000        6.000        6.000        6.000
   270:        6.000       23.000       23.000        6.000        6.000
   275:        6.000        6.000        6.000        6.000        6.000
   280:        6.000        6.000        6.000        6.000        6.000
   285:        6.000        6.000        6.000        6.000        6.000
   290:        6.000        6.000        6.000        6.000        6.000
   295:        6.000        6.000        6.000        6.000        6.000
   300:        6.000        6.000        6.000        6.000        6.000
   305:        6.000        6.000        6.000        6.000        6.000
   310:        6.000        6.000        6.000        6.000        6.000
   315:        6.000        6.000        6.000        6.000        6.000
   320:        6.000        6.000        6.000        6.000        6.000
   325:        6.000        6.000        6.000        6.000        6.000
   330:        6.000        2.000        4.000       22.000       24.000
   335:       19.000       11.000        6.000        6.000        6.000
   340:        6.000        6.000        2.000        4.000       22.000
   345:       24.000       21.000       22.000       21.000       22.000
   350:       21.000       22.000        6.000       21.000       22.000
   355:       19.000       11.000        2.000        4.000       22.000
   360:       24.000       21.000       22.000       21.000       22.000
   365:       21.000       22.000       21.000       22.000       21.000
   370:       22.000       19.000       11.000        2.000        4.000
   375:       22.000       24.000       21.000       22.000       21.000
   380:       22.000       19.000       11.000        2.000        4.000
   385:       22.000       24.000        6.000        6.000       19.000
   390:       11.000        6.000        6.000        6.000        6.000
   395:        6.000        6.000        6.000        6.000        6.000
   400:        6.000        6.000        6.000        6.000        6.000
   405:        6.000        6.000        6.000        6.000        6.000
   410:        6.000        6.000        6.000        6.000        6.000
   415:        6.000        6.000        6.000        6.000        6.000
   420:        6.000        6.000        6.000        6.000        6.000
   425:        6.000        6.000        6.000        6.000        2.000
   430:        4.000       22.000       24.000        6.000        6.000
   435:        6.000        6.000        6.000        6.000        6.000
   440:       19.000       11.000        6.000        6.000        6.000
   445:        6.000        6.000        6.000        2.000        4.000
   450:       22.000       24.000       21.000       22.000       21.000
   455:       22.000        6.000        6.000        6.000        6.000
   460:       19.000       11.000        6.000        6.000        6.000
   465:        6.000        6.000        6.000        6.000        6.000
   470:        6.000        6.000        6.000        6.000        6.000
   475:        6.000        6.000        6.000        6.000        6.000
   480:        6.000        6.000        6.000        6.000        6.000
   485:        6.000        6.000        6.000        6.000        6.000
   490:        6.000        6.000        6.000        6.000        6.000
   495:        6.000        6.000        6.000        6.000        6.000
   500:        6.000        6.000        6.000        6.000        6.000
   505:        6.000        6.000        6.000        6.000        6.000
   510:        6.000        6.000        6.000        6.000        6.000
   515:        6.000        6.000        6.000        6.000        6.000
   520:       23.000       23.000       23.000       23.000       23.000
   525:        6.000        6.000        6.000        6.000        6.000
   530:        6.000        6.000       23.000       23.000       23.000
   535:       23.000       23.000       23.000        6.000        6.000
   540:        2.000        4.000       22.000       24.000       21.000
   545:       22.000       21.000       22.000       21.000       22.000
   550:       21.000       22.000       21.000       22.000        6.000
   555:       19.000       11.000        2.000        4.000       22.000
   560:       24.000       21.000       22.000       21.000       22.000
   565:       19.000       11.000        2.000        4.000       22.000
   570:       24.000       21.000       22.000       19.000       11.000
   575:        2.000        4.000       22.000       24.000       19.000
   580:       11.000        6.000        6.000        6.000        6.000
   585:        6.000        6.000        6.000        6.000        6.000
   590:        6.000        6.000        6.000        6.000        6.000
   595:        6.000        6.000        6.000        6.000        6.000
   600:        6.000        6.000        6.000        6.000        6.000
   605:        6.000        6.000        6.000        6.000        6.000
   610:        6.000        6.000        6.000        6.000        6.000
   615:        6.000        6.000        6.000        6.000        6.000
   620:        6.000        6.000        6.000        6.000        6.000
   625:        6.000        6.000        6.000        6.000        6.000
   630:        6.000        6.000        6.000        6.000        6.000
   635:        6.000        6.000        6.000        6.000        6.000
   640:        6.000        6.000        6.000        6.000        6.000
   645:        6.000        6.000        6.000        6.000        6.000
   650:        6.000        6.000        6.000        6.000        6.000
   655:        6.000        6.000        6.000        6.000        6.000
   660:        6.000        6.000        6.000        6.000        6.000
   665:        6.000        6.000        6.000        6.000        6.000
   670:        6.000        6.000        6.000        6.000        6.000
   675:        6.000        6.000        6.000        6.000        6.000
   680:        6.000        6.000        6.000        6.000        6.000
   685:        6.000        6.000        6.000        6.000        6.000
   690:        6.000        6.000        6.000        6.000        6.000
   695:        6.000        6.000        6.000        6.000        6.000
   700:        6.000        6.000        6.000        6.000        6.000
   705:        6.000        6.000        6.000        6.000        6.000
   710:        6.000        6.000        6.000        6.000        6.000
   715:        6.000        6.000        6.000        6.000        6.000
   720:        6.000        6.000        6.000        6.000        6.000
   725:        6.000        6.000        6.000        6.000        6.000
   730:        6.000        6.000        6.000        6.000        6.000
   735:        6.000        6.000        6.000        6.000        6.000
   740:        6.000        6.000        6.000        6.000        6.000
   745:        6.000        6.000        6.000        6.000        6.000
   750:        6.000        6.000        6.000        6.000        6.000
   755:        6.000        6.000        6.000        6.000        6.000
   760:        6.000        6.000        6.000        6.000        6.000
   765:        6.000        6.000        6.000        6.000        6.000
   770:        6.000        6.000        6.000        6.000        6.000
   775:        6.000        6.000        6.000        6.000        6.000
   780:        6.000        6.000        6.000        6.000        6.000
   785:        6.000        6.000        6.000        6.000        6.000
   790:        6.000        6.000        6.000        6.000        6.000
   795:        6.000        6.000        6.000        6.000        6.000
   800:        6.000        6.000        6.000        6.000        6.000
   805:        6.000        6.000        6.000        6.000        6.000
   810:        6.000        6.000        6.000        6.000        6.000
   815:        6.000        6.000        6.000        6.000        6.000
   820:        6.000        6.000        6.000        6.000        6.000
   825:        6.000        6.000        6.000        6.000        6.000
   830:        6.000        6.000        6.000        6.000        6.000
   835:        6.000        6.000        6.000        6.000        6.000
   840:        6.000        6.000        6.000        6.000        6.000
   845:        6.000        6.000        6.000        6.000        6.000
   850:        6.000        6.000        6.000        6.000        6.000
   855:        6.000        6.000        6.000        6.000        6.000
   860:        6.000        6.000        6.000        6.000        6.000
   865:        6.000        6.000        6.000        6.000        6.000
   870:        6.000        6.000        6.000        6.000        6.000
   875:        6.000        6.000        6.000        6.000        6.000
   880:        6.000        6.000        6.000        6.000        6.000
   885:        6.000        6.000        6.000        6.000        6.000
   890:        6.000        6.000        6.000        6.000        6.000
   895:        6.000        6.000        6.000        6.000        6.000
   900:        6.000        6.000        6.000        6.000        6.000
   905:        6.000        6.000        6.000        6.000        6.000
   910:        6.000        6.000        6.000        6.000        6.000
   915:        6.000        6.000        6.000        6.000        6.000
   920:        6.000        6.000        6.000        6.000        6.000
   925:        6.000        6.000        6.000        6.000        6.000
   930:        6.000        6.000        6.000        6.000        6.000
   935:        6.000        6.000        6.000        6.000        6.000
   940:        6.000        6.000        6.000        6.000        6.000
   945:        6.000        6.000        6.000        6.000        6.000
   950:        6.000        6.000        6.000        6.000        6.000
   955:        6.000        6.000        6.000        6.000        6.000
   960:        6.000        6.000        6.000        6.000        6.000
   965:        6.000       23.000        6.000        6.000        6.000
   970:        6.000        6.000        6.000        6.000        6.000
   975:        6.000        6.000        2.000        4.000       22.000
   980:       24.000       21.000       22.000       21.000       22.000
   985:       21.000       22.000       21.000       22.000        6.000
   990:        6.000        6.000        6.000       19.000       11.000
   995:        6.000        6.000        6.000        6.000        6.000
  1000:        6.000        6.000        6.000        6.000        6.000
  1005:        6.000        6.000        6.000        6.000        6.000
  1010:        6.000        6.000        6.000        6.000        6.000
  1015:        6.000        6.000        6.000        6.000        6.000
  1020:        6.000        6.000       23.000        6.000        6.000
  1025:        6.000        6.000        6.000        2.000        4.000
  1030:       22.000       24.000        6.000       19.000       11.000
  1035:        6.000        6.000        6.000        6.000      100.000
T:
     0:        0.000        0.000        0.000        0.000       64.890
     5:       64.890       64.890       64.900       74.890       74.900
    10:       98.010       98.260      103.650      145.090      232.830
    15:      249.760      249.760      249.760      249.770      249.900
    20:      249.900      250.180      250.180      250.700      250.700
    25:      259.760      259.770      340.020      347.000      347.030
    30:      347.270      352.380      353.110      353.960      358.150
    35:      358.150      358.150      358.160      358.650      358.650
    40:      368.150      368.160      582.750      582.810      583.330
    45:      621.250      621.250      621.250      621.260      622.710
    50:      622.710      631.250      631.260      817.480      817.870
    55:      818.990      823.410      902.320      903.440      910.120
    60:      931.580      932.020      932.120      932.490      932.540
    65:     1111.810     1111.920     1113.140     1122.990     1123.000
    70:     1135.010     1135.010     1135.010     1135.020     1135.140
    75:     1135.140     1137.920     1138.100     1139.620     1145.010
    80:     1145.020     1190.110     1191.820     1198.140     1198.180
    85:     1198.330     1199.720     1222.370     1222.370     1222.370
    90:     1222.380     1222.590     1222.590     1232.370     1232.380
    95:     1324.320     1324.380     1324.420     1324.450     1324.550
   100:     1324.610     1324.770     1324.990     1325.310     1325.400
   105:     1325.820     1577.170     1577.170     1577.170     1577.180
   110:     1587.170     1587.180     1614.040     1614.120     1614.170
   115:     1657.800     1658.300     1658.410     1658.500     2246.070
   120:     2250.250     2317.960     2318.540     2318.600     2318.630
   125:     2318.880     2318.900     2390.730     2390.730     2390.730
   130:     2390.740     2392.140     2392.140     2398.410     2398.410
   135:     2400.730     2400.740     2408.210     2408.320     2408.940
   140:     2416.790     2417.100     2417.580     2419.990     2420.500
   145:     2420.550     2420.960     2421.250     2421.390     2421.480
   150:     2421.710     2421.840     2421.900     2422.100     2422.480
   155:     2422.520     2424.190     2424.750     2424.820     2425.720
   160:     2425.900     2429.050     2429.430     2429.470     2429.990
   165:     2430.450     2430.550     2430.780     2439.500     2439.500
   170:     2439.500     2439.510     2440.780     2441.430     2443.620
   175:     2446.890     2449.500     2449.510     2452.020     2534.640
   180:     2535.040     2545.970     2561.200     2561.570     2562.710
   185:     2563.020     2563.440     2565.180     2565.950     2565.990
   190:     2566.130     2570.370     2570.580     2570.660     2570.760
   195:     2570.830     2571.140     2573.350     2582.790     2583.030
   200:     2583.510     2601.570     2601.570     2601.570     2601.580
   205:     2605.890     2605.890     2608.450     2608.450     2611.570
   210:     2611.580     2642.650     2642.700     2642.750     3182.270
   215:     3185.180     3185.440     3185.590     3266.930     3283.630
   220:     3283.950     3327.600     3327.690     3405.280     3405.280
   225:     3405.280     3405.290     3406.070     3406.070     3406.200
   230:     3406.200     3407.670     3415.280     3415.290     3428.520
   235:     3431.350     3431.350     3431.350     3431.360     3438.270
   240:     3438.370     3438.670     3439.350     3439.410     3441.350
   245:     3441.360     3509.670     3510.770     3578.990     3578.990
   250:     3578.990     3579.000     3588.990     3589.000     3602.550
   255:     3602.550     3602.550     3602.560     3612.550     3612.560
   260:     3622.260     3622.370     3622.620     3623.010     3669.610
   265:     3669.760     3845.030     3845.500     3845.580     3845.610
   270:     3845.970     3858.570     3861.920     4165.840     4169.820
   275:     4170.750     4331.280     4331.410     4360.050     4360.070
   280:     4360.110     4360.220     4375.060     4375.950     4378.060
   285:     4379.460     4380.000     4382.710     4383.320     4384.120
   290:     4384.320     4384.450     4384.560     4384.610     4384.630
   295:     4384.710     4384.790     4385.540     4385.610     4386.230
   300:     4386.320     4386.570     4387.840     4387.970     4388.800
   305:     4389.150     4389.390     4394.280     4394.740     4395.690
   310:     4396.250     4398.450     4398.820     4398.840     4404.350
   315:     4404.890     4405.950     4409.360     4409.670     4411.350
   320:     4411.530     4412.380     4412.480     4421.460     4421.600
   325:     4423.200     4423.280     4423.800     4423.820     4423.900
   330:     4424.000     4428.960     4428.960     4428.960     4428.970
   335:     4438.960     4438.970     4448.750     4450.270     4475.450
   340:     4475.800     4476.260     4483.380     4483.380     4483.380
   345:     4483.390     4483.510     4483.510     4484.430     4484.430
   350:     4486.010     4486.010     4488.610     4490.830     4490.830
   355:     4493.380     4493.390     4495.740     4495.740     4495.740
   360:     4495.750     4497.090     4497.090     4499.670     4499.670
   365:     4500.930     4500.930     4501.510     4501.510     4501.630
   370:     4501.630     4505.740     4505.750     4505.940     4505.940
   375:     4505.940     4505.950     4508.780     4508.780     4510.250
   380:     4510.250     4515.940     4515.950     4523.740     4523.740
   385:     4523.740     4523.750     4528.160     4528.820     4533.740
   390:     4533.750     4554.580     4554.720     4554.740     4556.310
   395:     4556.390     4557.400     4558.280     4558.810     4562.470
   400:     4566.500     4569.320     4569.350     4569.410     4570.470
   405:     4570.720     4570.910     4571.030     4571.550     4571.730
   410:     4571.860     4571.970     4579.260     4579.580     4579.650
   415:     4579.870     4579.920     4580.650     4581.410     4582.610
   420:     4584.110     4584.150     4585.080     4585.120     4585.250
   425:     4585.350     4585.950     4585.990     4586.400     4589.620
   430:     4589.620     4589.620     4589.630     4590.730     4592.060
   435:     4592.090     4592.140     4592.150     4592.560     4592.800
   440:     4599.620     4599.630     4600.330     4600.430     4601.250
   445:     4601.380     4601.410     4607.060     4610.290     4610.290
   450:     4610.290     4610.300     4610.960     4610.960     4611.570
   455:     4611.570     4615.050     4615.700     4615.850     4617.130
   460:     4620.290     4620.300     4626.070     4630.170     4630.410
   465:     4630.470     4632.250     4633.520     4633.610     4642.460
   470:     4653.340     4653.630     4654.420     4655.850     4656.110
   475:     4656.170     4656.230     4657.660     4779.600     4779.700
   480:     4783.920     4784.630     4786.240     4852.860     4854.350
   485:     4854.610     4856.440     4857.890     5236.710     5237.260
   490:     5240.090     5240.480     5242.130     5244.380     5244.590
   495:     5246.060     5246.530     5252.960     5253.280     5253.780
   500:     5256.030     5256.610     5259.570     5260.280     5262.840
   505:     5262.880     5263.270     5263.780     5275.220     5276.790
   510:     5283.080     5290.860     5291.670     5293.840     5294.240
   515:     5294.480     5298.740     5303.810     5304.600     5305.630
   520:     5341.840     5345.280     5345.830     5356.680     5357.980
   525:     5401.920     5401.940     5405.410     5434.970     5435.960
   530:     5438.250     5438.760     5462.790     5462.970     5463.450
   535:     5464.900     5465.070     5488.660     5503.600     5503.910
   540:     5564.800     5564.800     5564.800     5564.810     5566.110
   545:     5566.110     5566.310     5566.310     5566.710     5566.710
   550:     5570.510     5570.510     5571.520     5571.520     5573.520
   555:     5574.800     5574.810     5577.560     5577.560     5577.560
   560:     5577.570     5580.470     5580.470     5586.550     5586.550
   565:     5587.560     5587.570     5588.110     5588.110     5588.110
   570:     5588.120     5591.090     5591.090     5598.110     5598.120
   575:     5604.210     5604.210     5604.210     5604.220     5614.210
   580:     5614.220     5627.110     5627.140     5627.330     5627.380
   585:     5628.410     5629.840     5651.710     5652.200     5652.460
   590:     5652.570     5653.200     5655.350     5657.800     5660.150
   595:     5663.850     5664.160     5664.800     5665.640     5666.570
   600:     5666.650     5667.870     5672.410     5672.830     5676.530
   605:     5677.620     5678.470     5678.880     5682.500     5682.700
   610:     5682.850     5683.010     5683.600     5742.420     5742.870
   615:     5743.980     5744.190     5744.950     5745.570     5751.980
   620:     5752.440     5752.910     5754.430     5755.290     5755.530
   625:     5756.300     5757.040     5757.520     5758.040     5758.140
   630:     5805.300     5808.350     5812.480     5813.420     5813.630
   635:     5813.850     5814.730     5814.770     5815.630     5817.400
   640:     5817.450     5817.540     5817.590     5817.710     5818.030
   645:     5818.250     5819.910     5825.720     5826.040     5826.310
   650:     5826.380     5827.570     5828.040     5828.220     5828.500
   655:     5828.800     5829.990     5830.520     5830.750     5830.890
   660:     5831.150     5831.260     5831.600     5832.270     5832.530
   665:     5832.570     5832.590     5832.610     5835.190     5835.520
   670:     5837.230     5837.870     5837.960     5837.990     5840.780
   675:     5841.220     5841.810     5841.860     5841.910     5842.550
   680:     5843.020     5843.480     5845.120     5846.810     5847.130
   685:     5847.410     5848.100     5848.480     6072.090     6185.370
   690:     6186.430     6194.490     6195.930     6198.570     6198.910
   695:     6200.420     6201.560     6202.010     6202.740     6206.160
   700:     6214.590     6214.650     6214.770     6216.340     6216.390
   705:     6222.090     6222.450     6223.410     6224.130     6224.470
   710:     6224.660     6227.470     6228.420     6232.420     6361.380
   715:     6363.640     6364.030     6657.100     6657.330     6657.380
   720:     6658.350     6658.530     6659.230     6659.530     6659.610
   725:     6660.120     6791.200     6793.030     7014.680     7014.690
   730:     7015.250     7015.310     7015.860     7016.080     7016.530
   735:     7016.970     7017.300     7017.410     7017.770     7017.970
   740:     7171.350     7171.420     7172.510     7173.270     7174.250
   745:     7177.960     7178.400     7181.590     7183.480     7189.870
   750:     7190.990     7193.930     7194.330     7196.310     7196.320
   755:     7197.130     7197.870     7198.310     7198.950     7199.250
   760:     7201.070     7201.710     7201.730     7204.720     7204.900
   765:     7205.380     7219.430     7220.920     7228.450     7228.490
   770:     7228.640     7228.990     7229.470     7229.570     7229.960
   775:     7230.130     7230.340     7231.180     7231.770     7233.450
   780:     7317.270     7317.780     7318.030     7323.360     7323.760
   785:     7325.690     7326.410     7326.510     7653.720     7656.420
   790:     7656.550     7657.020     7659.460     7660.220     7660.570
   795:     7660.840     7662.990     7717.890     7718.230     7718.430
   800:     7723.440     7723.570     7726.570     7728.530     7730.050
   805:     7732.180     7738.050     7744.050     7744.790     7745.220
   810:     7745.740     7746.250     7746.710     7746.900     7747.090
   815:     7747.570     7747.670     7748.090     7748.480     7748.960
   820:     7749.310     7749.420     8078.570     8097.790     8097.920
   825:     8098.220     8098.410     8099.280     8102.490     8102.550
   830:     8102.710     8102.730     8103.060     8104.060     8104.400
   835:     8104.520     8104.640     8105.040     8107.600     8108.040
   840:     8109.610     8110.210     8110.630     8126.340     8128.280
   845:     8128.410     8128.430     8128.640     8133.380     8133.420
   850:     8133.970     8134.760     8135.670     8135.700     8135.780
   855:     8135.950     8137.270     8137.740     8138.530     8140.150
   860:     8141.900     8142.230     8142.700     8143.040     8143.590
   865:     8146.780     8146.810     8147.670     8147.920     8148.850
   870:     8149.800     8150.220     8150.640     8151.130     8151.370
   875:     8153.340     8157.510     8157.920     8158.320     8158.740
   880:     8159.190     8159.770     8160.120     8179.330     8183.410
   885:     8184.110     8184.250     8189.550     8189.840     8384.300
   890:     8385.240     8631.630     8632.230     8633.240     8633.560
   895:     8633.700     8633.890     8634.510     8634.560     8634.770
   900:     8640.020     8640.680     8640.780     8640.890     8641.520
   905:     8642.330     8786.860     8789.220     8845.610     8845.640
   910:     8894.670     8895.190     8901.050     8901.940     8999.550
   915:     8999.820     8999.980     9016.180     9016.210     9016.230
   920:     9016.260     9016.550     9016.590     9016.730     9016.880
   925:     9017.170     9237.020     9237.510     9238.090     9238.390
   930:     9238.620     9239.030     9239.910     9244.610     9245.230
   935:     9245.540     9246.250     9246.550     9246.620     9246.680
   940:     9248.040     9269.980     9270.210     9270.550     9270.780
   945:     9271.040     9271.260     9271.400     9271.540     9282.400
   950:     9286.870     9286.910     9381.560     9381.790     9420.020
   955:     9420.060     9421.780     9692.790     9711.900     9712.100
   960:     9712.470     9712.680     9712.830     9713.270     9713.450
   965:     9713.870     9773.890     9781.060     9781.320     9788.520
   970:     9788.610     9791.180     9791.250    10488.370    10488.560
   975:    10491.000    10511.650    10527.830    10527.830    10527.830
   980:    10527.840    10529.890    10529.890    10530.600    10530.600
   985:    10531.050    10531.050    10531.190    10531.190    10534.280
   990:    10534.450    10534.690    10534.790    10537.830    10537.840
   995:    10581.930    10582.820    10583.040    10583.100    10583.300
  1000:    10597.050    10597.340    10597.730    10597.790    10597.840
  1005:    10597.980    10598.730    10599.300    10599.350    10602.540
  1010:    10602.580    10602.610    10602.790    10607.880    10608.980
  1015:    10618.280    10618.990    10619.230    10619.560    10624.550
  1020:    10626.390    10626.960    10640.850    10696.270    10716.000
  1025:    10716.080    10717.730    10730.100    10738.090    10738.090
  1030:    10738.090    10738.100    10739.830    10748.090    10748.100
  1035:    10778.000    10778.040    10778.680    10778.850    10800.010
