File: C:\MED-PC IV\DATA\!2025-03-10_12h32m.Subject 69



Start Date: 03/10/25
End Date: 03/10/25
Subject: 69
Experiment: OralFentSA
Group: One
Box: 5
Start Time: 12:32:43
End Time: 15:33:04
MSN: Golden_Liq_SelfAdmin_EXT
F:       0.000
G:     514.000
H:   10800.010
I:       0.000
J:       0.000
K:       0.000
L:       0.000
M:       0.000
N:       0.000
O:       0.000
P:       0.000
Q:       0.000
R:       0.000
S:       0.000
U:       0.000
V:       0.000
W:       0.000
X:       0.000
Y:       0.000
Z:       0.000
A:
     0:        0.000        0.000      180.000        4.000        0.000
     5:        5.000        0.000        5.000        0.000        0.000
    10:        1.000        0.000       10.000 100000000.00       24.000
    15:       21.000      640.000        0.000        0.000        0.000
    20:        0.000
B:
     0:        0.000        0.000        0.000        0.000        0.000
     5:        0.000        0.000        0.000        0.000        0.000
    10:        0.000        0.000     1000.000 10000000000.        0.000
    15:        0.000        0.000        0.000        0.000        0.000
    20:        0.000
C:
     0:        0.000        9.000        0.000       10.000      450.000
     5:     9577.820        1.650        8.000      145.130       18.141
    10:       10.000        8.000        0.000        0.000        0.000
    15:        0.000        0.000        0.000        0.000        0.000
    20:        0.000
D:
     0:        5.860      104.520        6.970        5.480        4.860
     5:       11.500        4.290        1.650
E:
     0:       19.000       11.000       26.000       27.000        6.000
     5:        6.000        6.000        6.000        6.000        6.000
    10:        6.000        6.000        6.000        6.000        6.000
    15:        6.000        6.000        2.000        4.000       22.000
    20:       24.000        6.000       19.000       11.000        6.000
    25:        6.000        6.000        6.000        6.000        6.000
    30:        6.000        6.000        6.000        6.000        6.000
    35:        6.000        6.000        6.000        6.000        6.000
    40:        6.000        6.000        6.000       23.000        6.000
    45:        6.000        6.000        6.000        6.000        6.000
    50:        6.000        6.000        6.000       23.000        6.000
    55:        6.000        6.000        6.000        6.000        6.000
    60:        6.000        6.000        6.000        6.000        6.000
    65:        6.000        6.000        6.000        6.000        6.000
    70:        6.000        6.000        6.000        6.000        6.000
    75:        6.000        6.000        6.000        6.000        6.000
    80:        6.000        6.000        6.000        6.000        6.000
    85:        6.000        6.000        6.000        6.000        6.000
    90:        6.000        6.000        6.000        6.000        6.000
    95:        6.000        6.000        6.000        6.000        6.000
   100:        6.000        6.000        6.000        6.000        6.000
   105:        6.000        6.000        6.000        6.000        6.000
   110:        6.000        6.000        2.000        4.000       22.000
   115:       24.000       21.000       22.000       19.000       11.000
   120:        6.000        6.000        6.000        6.000        6.000
   125:        6.000        6.000        6.000        6.000        6.000
   130:        6.000        6.000        6.000        6.000        6.000
   135:        6.000        6.000        6.000        6.000        6.000
   140:        6.000        6.000        6.000        6.000        6.000
   145:        6.000        6.000        6.000        6.000        6.000
   150:        6.000        6.000        6.000        6.000        6.000
   155:        6.000        6.000        6.000        6.000        6.000
   160:        6.000        6.000        6.000        6.000        6.000
   165:        6.000        2.000        4.000       22.000       24.000
   170:        6.000        6.000        6.000       21.000       22.000
   175:       19.000       11.000        6.000        6.000        6.000
   180:        6.000        6.000        6.000        6.000        6.000
   185:        6.000        6.000        6.000        6.000        6.000
   190:        6.000        6.000        6.000        6.000        6.000
   195:        6.000       23.000        6.000        6.000        6.000
   200:        6.000        6.000        6.000        6.000        6.000
   205:        6.000        6.000        6.000        6.000        6.000
   210:        6.000        6.000        6.000        6.000        6.000
   215:        6.000        6.000        6.000        6.000        6.000
   220:        6.000        6.000        6.000        6.000        6.000
   225:        6.000        6.000        6.000        6.000        6.000
   230:        6.000        6.000        6.000        6.000        6.000
   235:        6.000        6.000        6.000        6.000        6.000
   240:        6.000        6.000        6.000        6.000        6.000
   245:        6.000        6.000        6.000        6.000       23.000
   250:       23.000        6.000        6.000        6.000        6.000
   255:        6.000        6.000        6.000        6.000        6.000
   260:        6.000        6.000        6.000        6.000        6.000
   265:        6.000        6.000        6.000        6.000        6.000
   270:        6.000        6.000        6.000        6.000        6.000
   275:        6.000        6.000        6.000        6.000        6.000
   280:        6.000        6.000        6.000        6.000        6.000
   285:        6.000        6.000        6.000        6.000        6.000
   290:        6.000        6.000        6.000        6.000        6.000
   295:        6.000        6.000        6.000        6.000        6.000
   300:        6.000        6.000        6.000        6.000        6.000
   305:        6.000        2.000        4.000       22.000       24.000
   310:        6.000        6.000       19.000       11.000        6.000
   315:        6.000        6.000        6.000        6.000        6.000
   320:        6.000        6.000        6.000        6.000        6.000
   325:        6.000        6.000        6.000        6.000        6.000
   330:        6.000        6.000        6.000        6.000        6.000
   335:        6.000        6.000        6.000        6.000        6.000
   340:        6.000        6.000        6.000        6.000        6.000
   345:        6.000        6.000        6.000        6.000        6.000
   350:        6.000        6.000        6.000        6.000        6.000
   355:        6.000        6.000        6.000        6.000        6.000
   360:        6.000        6.000        6.000        6.000        6.000
   365:        6.000        6.000        6.000        2.000        4.000
   370:       22.000       24.000        6.000        6.000        6.000
   375:       19.000       11.000        6.000        6.000        6.000
   380:        6.000        6.000       23.000        6.000        6.000
   385:        6.000        6.000        6.000        6.000        6.000
   390:        6.000        6.000        6.000        6.000        6.000
   395:        6.000        6.000        6.000        6.000        6.000
   400:        6.000        6.000        6.000        6.000        6.000
   405:        6.000        6.000        6.000        6.000        6.000
   410:        6.000        6.000        6.000        6.000        6.000
   415:        6.000        6.000        6.000        6.000        6.000
   420:        6.000        6.000        6.000        6.000        6.000
   425:        6.000        6.000        6.000        6.000        6.000
   430:        6.000        6.000        6.000        6.000        6.000
   435:        6.000        6.000        6.000        6.000        6.000
   440:        6.000        6.000        6.000        6.000        6.000
   445:        6.000        6.000        2.000        4.000       22.000
   450:       24.000       19.000       11.000        6.000        6.000
   455:        6.000        6.000        6.000        6.000        6.000
   460:        6.000        6.000        6.000        2.000        4.000
   465:       22.000       24.000        6.000        6.000        6.000
   470:        6.000        6.000        6.000       19.000       11.000
   475:        6.000        6.000        6.000        6.000        6.000
   480:       23.000       23.000        6.000        6.000        6.000
   485:        6.000        2.000        4.000       22.000       24.000
   490:        6.000       19.000       11.000        6.000        6.000
   495:        6.000        6.000        6.000        6.000        6.000
   500:        6.000        6.000        6.000        6.000        6.000
   505:        6.000        6.000        6.000        6.000        6.000
   510:        6.000        6.000        6.000        6.000      100.000
T:
     0:        0.000        0.000        0.000        0.000        4.500
     5:        5.510       54.110       56.070       57.180       57.730
    10:       57.780       67.480       81.830      122.360      122.560
    15:      122.850      137.030      170.340      170.340      170.340
    20:      170.350      176.210      180.340      180.350      256.580
    25:      265.960      294.570      314.110      316.200      335.040
    30:      393.170      398.040      398.490      404.440      404.490
    35:      404.570      404.640      404.780      404.890      481.780
    40:      525.780      532.480      533.620      557.970      562.640
    45:      562.740      564.760      576.260      609.010      609.470
    50:      609.500      609.610      610.180      634.130      665.970
    55:      666.310      666.650      666.780      666.860      666.970
    60:      704.370      776.540      777.440     5575.600     5582.780
    65:     5583.860     5583.900     5583.920     5583.930     5584.200
    70:     5584.450     5584.560     5584.640     5587.570     5781.940
    75:     5782.660     5783.610     5783.710     5783.890     5783.920
    80:     5783.960     5784.030     5784.430     5786.150     5787.180
    85:     5787.920     5795.890     5798.980     5799.590     5801.860
    90:     5811.080     5813.590     5814.210     5816.030     5817.410
    95:     5819.380     5820.820     5821.650     5928.610     5938.580
   100:     5940.610     6070.940     6071.360     6079.030     6082.550
   105:     6133.650     6133.780     6141.580     6155.680     6157.380
   110:     6167.870     6168.000     6192.280     6192.280     6192.280
   115:     6192.290     6198.160     6198.160     6202.280     6202.290
   120:     6296.810     6301.110     6303.440     6304.360     6304.810
   125:     6332.610     6332.680     6332.730     6334.280     6345.070
   130:     6347.440     6347.930     6348.600     6350.030     6351.050
   135:     6351.120     6351.840     6358.940     6368.450     6401.150
   140:     6402.130     6412.790     6413.700     6413.990     6416.230
   145:     6416.370     6416.490     6417.380     6660.370     6660.610
   150:     6660.950     6661.120     6661.530     6663.840     6683.130
   155:     6683.760     6683.950     6686.960     6687.050     6687.110
   160:     6687.260     6687.620     6688.240     6689.100     6689.300
   165:     6689.950     6692.350     6692.350     6692.350     6692.360
   170:     6699.330     6699.390     6699.800     6701.380     6701.380
   175:     6702.350     6702.360     6702.900     6703.360     6703.730
   180:     6703.820     6703.920     6703.930     6705.570     6705.620
   185:     6714.830     6714.980     6731.810     6764.290     6789.200
   190:     6835.300     6852.650     6857.040     6860.880     6863.160
   195:     6873.710     6917.680     6921.720     6921.900     6922.290
   200:     6922.700     6948.220     6948.340     7010.330     7019.360
   205:     7019.380     7019.530     7022.500     7022.710     7050.610
   210:     7061.960     7089.860     7121.020     7121.390     7121.510
   215:     7128.380     7128.670     7128.790     7133.210     7136.470
   220:     7142.360     7159.650     7159.700     7159.950     7161.930
   225:     7162.280     7162.530     7162.550     7163.330     7163.400
   230:     7168.830     7219.250     7219.710     7224.820     7225.130
   235:     7232.240     7233.630     7234.330     7274.740     7276.470
   240:     7295.560     7295.590     7296.260     7309.770     7325.490
   245:     7328.450     7335.520     7335.580     7345.900     7385.690
   250:     7386.210     7391.780     7391.820     7392.170     7397.270
   255:     7410.940     7412.670     7423.350     7473.700     7473.800
   260:     7473.840     7482.220     7482.350     7482.420     7528.910
   265:     7531.340     7531.670     7535.660     7546.870     7547.490
   270:     7547.970     7552.110     7552.710     7552.940     7624.340
   275:     7624.790     7625.430     7629.050     7629.620     7632.780
   280:     7646.120     7646.400     7664.050     7664.100     7664.140
   285:     7664.180     7664.190     7664.490     7701.550     7702.000
   290:     7724.740     7730.440     7730.530     7741.360     7741.680
   295:     7743.690     7743.790     7752.640     7787.450     7787.750
   300:     7787.890     7814.740     7815.820     7824.000     7824.140
   305:     7824.160     7854.250     7854.250     7854.250     7854.260
   310:     7859.740     7859.900     7864.250     7864.260     7880.220
   315:     7895.980     7924.460     7924.520     7924.550     7924.570
   320:     7926.710     7928.010     7965.480     7968.210     7969.830
   325:     7987.200     8007.080     8017.440     8048.550     8062.980
   330:     8063.050     8179.560     8181.680     8192.210     8193.040
   335:     8193.220     8207.550     8208.160     8208.320     8210.670
   340:     8212.770     8216.060     8216.210     8216.260     8216.300
   345:     8217.280     8218.030     8234.530     8234.620     8234.880
   350:     8235.160     8240.370     8240.990     8257.220     8267.150
   355:     8267.320     8267.480     8279.250     8279.490     8368.690
   360:     8368.800     8369.090     8369.140     8394.940     8457.310
   365:     8458.280     8488.230     8488.450     8492.140     8492.140
   370:     8492.140     8492.150     8497.010     8497.040     8497.060
   375:     8502.140     8502.150     8525.260     8586.090     8586.250
   380:     8601.450     8601.600     8621.740     8637.390     8637.600
   385:     8638.480     8652.640     8671.870     8789.840     8790.020
   390:     8790.200     8790.550     8790.860     8803.360     8803.630
   395:     8863.240     8878.170     8878.310     8878.340     8905.770
   400:     8906.610     8907.560     8953.010     8990.860     8990.900
   405:     8999.970     9000.040     9000.170     9002.860     9044.040
   410:     9045.390     9045.710     9048.570     9048.770     9048.960
   415:     9054.020     9058.470     9061.070     9061.730     9075.100
   420:     9075.170     9108.670     9118.560     9181.000     9181.240
   425:     9196.840     9217.080     9217.180     9220.820     9220.870
   430:     9230.970     9232.900     9308.300     9321.440     9321.590
   435:     9321.680     9322.880     9339.350     9339.530     9357.870
   440:     9369.180     9369.380     9369.950     9394.690     9395.010
   445:     9417.880     9418.040     9419.330     9419.330     9419.330
   450:     9419.340     9429.330     9429.340     9430.840     9434.700
   455:     9436.330     9438.850     9439.040     9439.060     9439.260
   460:     9439.530     9469.890     9495.180     9501.460     9501.460
   465:     9501.460     9501.470     9505.760     9506.760     9509.110
   470:     9509.120     9509.430     9509.540     9511.460     9511.470
   475:     9519.520     9520.310     9520.420     9520.530     9520.560
   480:     9565.400     9566.540     9572.120     9573.500     9573.560
   485:     9574.300     9577.810     9577.810     9577.810     9577.820
   490:     9579.470     9587.810     9587.820     9591.790     9610.770
   495:     9629.000     9635.090     9650.990     9654.750     9662.670
   500:     9791.850     9795.130     9797.110     9797.160     9815.410
   505:     9819.080     9820.630     9820.850     9824.990     9825.210
   510:     9825.320     9825.430     9825.890     9825.940    10800.010
