File: C:\MED-PC\Data\2025-04-14_11h51m_Subject 93.txt


Start Date: 04/14/25
End Date: 04/14/25
Subject: 93
Experiment: OralFentSA
Group: One
Box: 10
Start Time: 11:51:27
End Time: 13:04:19
MSN: 20241014Golden_Liq_SelfAdmin_REI
F:       0.000
G:    1129.000
H:    3600.000
I:       0.000
J:       0.000
K:       0.000
L:       0.000
M:       0.000
N:       0.000
O:       0.000
P:       0.000
Q:       0.000
R:       0.000
S:       0.000
U:       0.000
V:       0.000
W:       0.000
X:       0.000
Y:       0.000
Z:       0.000
A:
     0:        0.000        0.000       60.000        4.000        0.000
     5:        5.000        0.000        5.000        0.000        0.000
    10:        1.000        0.000       10.000   100000.000       19.000
    15:       31.000      640.000        0.000        0.000        0.000
    20:        0.000
B:
     0:        0.000        0.000        0.000      400.000        0.000
     5:      500.000        0.000      500.000        0.000        0.000
    10:        0.000        0.000     1000.000 10000000.000        0.000
    15:        0.000        0.000        0.000        0.000        0.000
    20:        0.000
C:
     0:       62.000       63.000       62.000      120.000       79.000
     5:     3578.700        5.120       25.000      322.750       12.910
    10:      120.000       62.000        1.000        0.000        0.000
    15:        0.000        0.000        0.000        0.000        0.000
    20:        0.000
D:
     0:       24.480        9.060        9.150       19.170       13.360
     5:        5.070        2.380        7.240       12.140        3.640
    10:       52.090       15.440       55.490        1.970        3.160
    15:       11.670        5.680       18.820        6.190        4.500
    20:        6.130        7.510        5.010       18.280        5.120
E:
     0:       19.000       11.000       26.000       27.000       30.000
     5:       24.000       12.000       13.000        8.000        5.000
    10:       17.000       18.000        1.000       14.000       10.000
    15:       19.000       11.000        1.000        6.000        6.000
    20:        2.000        4.000       22.000       24.000       12.000
    25:       13.000        8.000        5.000       17.000       21.000
    30:       22.000       18.000       14.000       10.000       19.000
    35:       11.000        1.000        2.000        4.000       22.000
    40:       24.000       12.000       13.000        8.000        5.000
    45:       17.000       21.000       22.000       21.000       22.000
    50:       21.000       22.000       18.000       14.000       10.000
    55:       21.000       22.000        6.000        6.000       19.000
    60:       11.000        6.000        2.000        4.000       22.000
    65:       24.000       12.000       13.000        8.000        5.000
    70:       17.000       18.000       14.000       10.000        6.000
    75:       19.000       11.000        1.000        2.000        4.000
    80:       22.000       24.000       12.000       13.000        8.000
    85:        5.000       17.000       18.000       14.000       10.000
    90:       19.000       11.000        1.000        2.000        4.000
    95:       22.000       24.000       12.000       13.000        8.000
   100:        5.000       17.000       21.000       22.000       18.000
   105:       14.000       10.000       20.000       21.000       22.000
   110:       19.000       11.000        1.000        6.000        6.000
   115:        2.000        4.000       22.000       24.000       12.000
   120:       13.000        8.000        5.000       17.000       21.000
   125:       22.000       18.000       14.000       10.000       19.000
   130:       11.000        6.000        6.000        2.000        4.000
   135:       22.000       24.000       12.000       13.000        8.000
   140:        5.000       17.000       21.000       22.000       18.000
   145:       14.000       10.000        6.000        6.000       19.000
   150:       11.000        6.000        6.000        6.000        1.000
   155:        1.000        6.000        6.000        1.000        6.000
   160:        6.000        6.000        2.000        4.000       22.000
   165:       24.000       12.000       13.000        8.000        5.000
   170:       17.000       21.000       22.000       18.000       14.000
   175:       10.000       19.000       11.000        1.000        1.000
   180:        1.000        2.000        4.000       22.000       24.000
   185:       12.000       13.000        8.000        5.000       17.000
   190:        6.000       18.000       14.000       10.000        6.000
   195:       19.000       11.000        2.000        4.000       22.000
   200:       24.000       12.000       13.000        8.000        5.000
   205:       17.000       21.000       22.000       18.000       14.000
   210:       10.000        6.000       21.000       22.000       19.000
   215:       11.000        2.000        4.000       22.000       24.000
   220:       12.000       13.000        8.000        5.000       17.000
   225:       18.000       14.000       10.000       20.000       19.000
   230:       11.000        2.000        4.000       22.000       24.000
   235:       12.000       13.000        8.000        5.000       17.000
   240:       18.000       14.000       10.000       19.000       11.000
   245:        6.000        2.000        4.000       22.000       24.000
   250:       12.000       13.000        8.000        5.000       17.000
   255:       21.000       22.000        6.000       18.000       14.000
   260:       10.000       21.000       22.000       19.000       11.000
   265:        6.000        6.000        2.000        4.000       22.000
   270:       24.000       12.000       13.000        8.000        5.000
   275:       17.000       18.000       14.000       10.000       19.000
   280:       11.000        2.000        4.000       22.000       24.000
   285:       12.000       13.000        8.000        5.000       17.000
   290:       18.000       14.000       10.000       20.000       19.000
   295:       11.000        6.000        2.000        4.000       22.000
   300:       24.000       12.000       13.000        8.000        5.000
   305:       17.000       18.000       14.000       10.000       19.000
   310:       11.000        6.000        1.000        2.000        4.000
   315:       22.000       24.000       12.000       13.000        8.000
   320:        5.000       17.000       18.000       21.000       22.000
   325:       14.000       10.000       21.000       22.000       21.000
   330:       22.000       19.000       11.000        6.000        6.000
   335:        6.000        6.000        6.000        6.000        6.000
   340:        6.000        6.000        2.000        4.000       22.000
   345:       24.000       12.000       13.000        8.000        5.000
   350:       17.000        6.000       18.000       14.000       10.000
   355:       19.000       11.000        1.000        6.000        6.000
   360:        6.000        6.000        6.000        6.000        6.000
   365:        6.000        6.000        6.000        1.000        2.000
   370:        4.000       22.000       24.000       12.000       13.000
   375:        8.000        5.000       17.000        6.000       18.000
   380:       14.000       10.000       21.000       22.000       21.000
   385:       22.000       19.000       11.000        6.000        6.000
   390:        6.000        2.000        4.000       22.000       24.000
   395:       12.000       13.000        8.000        5.000       17.000
   400:       18.000       20.000       14.000       10.000       19.000
   405:       11.000        1.000        2.000        4.000       22.000
   410:       24.000       12.000       13.000        8.000        5.000
   415:       17.000       18.000       14.000       10.000       20.000
   420:       20.000       19.000       11.000        2.000        4.000
   425:       22.000       24.000       12.000       13.000        8.000
   430:        5.000       17.000       21.000       22.000       18.000
   435:       21.000       22.000       14.000       10.000       19.000
   440:       11.000        2.000        4.000       22.000       24.000
   445:       12.000       13.000        8.000        5.000       17.000
   450:       21.000       22.000       18.000       14.000       10.000
   455:       20.000       20.000       21.000       22.000       19.000
   460:       11.000        1.000        2.000        4.000       22.000
   465:       24.000       12.000       13.000        8.000        5.000
   470:       17.000       21.000       22.000       21.000       22.000
   475:       18.000       14.000       10.000       19.000       11.000
   480:        2.000        4.000       22.000       24.000       12.000
   485:       13.000        8.000        5.000       17.000       18.000
   490:       14.000       10.000       19.000       11.000        1.000
   495:        1.000        2.000        4.000       22.000       24.000
   500:       12.000       13.000        8.000        5.000       17.000
   505:       21.000       22.000       18.000       14.000       10.000
   510:       20.000       19.000       11.000        2.000        4.000
   515:       22.000       24.000       12.000       13.000        8.000
   520:        5.000       17.000       18.000       14.000       10.000
   525:       21.000       22.000       19.000       11.000        6.000
   530:        2.000        4.000       22.000       24.000       12.000
   535:       13.000        8.000        5.000       17.000       18.000
   540:       14.000       10.000       21.000       22.000       19.000
   545:       11.000        2.000        4.000       22.000       24.000
   550:       12.000       13.000        8.000        5.000       17.000
   555:       18.000       14.000       10.000       21.000       22.000
   560:       19.000       11.000        2.000        4.000       22.000
   565:       24.000       12.000       13.000        8.000        5.000
   570:       17.000       21.000       22.000       18.000       14.000
   575:       10.000       19.000       11.000        2.000        4.000
   580:       22.000       24.000       12.000       13.000        8.000
   585:        5.000       17.000       18.000       14.000       10.000
   590:       21.000       22.000       19.000       11.000        2.000
   595:        4.000       22.000       24.000       12.000       13.000
   600:        8.000        5.000       17.000       21.000       22.000
   605:       18.000       14.000       10.000       19.000       11.000
   610:        2.000        4.000       22.000       24.000       12.000
   615:       13.000        8.000        5.000       17.000       18.000
   620:       14.000       10.000       21.000       22.000       21.000
   625:       22.000       19.000       11.000        2.000        4.000
   630:       22.000       24.000       12.000       13.000        8.000
   635:        5.000       17.000       20.000       18.000       14.000
   640:       10.000       20.000       19.000       11.000        1.000
   645:        1.000        2.000        4.000       22.000       24.000
   650:       12.000       13.000        8.000        5.000       17.000
   655:       18.000       14.000       10.000        6.000        6.000
   660:        6.000       21.000       22.000       21.000       22.000
   665:       19.000       11.000        2.000        4.000       22.000
   670:       24.000       12.000       13.000        8.000        5.000
   675:       17.000       18.000       14.000       10.000       19.000
   680:       11.000        2.000        4.000       22.000       24.000
   685:       12.000       13.000        8.000        5.000       17.000
   690:       18.000       20.000       14.000       10.000       21.000
   695:       22.000       19.000       11.000        1.000        1.000
   700:        1.000        1.000        2.000        4.000       22.000
   705:       24.000       12.000       13.000        8.000        5.000
   710:       17.000       18.000       14.000       10.000       20.000
   715:       19.000       11.000        1.000        2.000        4.000
   720:       22.000       24.000       12.000       13.000        8.000
   725:        5.000       17.000       18.000       14.000       10.000
   730:       21.000       22.000       19.000       11.000        1.000
   735:        1.000        1.000        1.000        2.000        4.000
   740:       22.000       24.000       12.000       13.000        8.000
   745:        5.000       17.000       21.000       22.000       21.000
   750:       22.000       18.000       21.000       22.000       14.000
   755:       10.000       19.000       11.000        2.000        4.000
   760:       22.000       24.000       12.000       13.000        8.000
   765:        5.000       17.000       18.000       14.000       10.000
   770:       19.000       11.000        6.000        6.000        1.000
   775:        1.000        2.000        4.000       22.000       24.000
   780:       12.000       13.000        8.000        5.000       17.000
   785:       21.000       22.000       18.000       14.000       10.000
   790:       21.000       22.000       19.000       11.000        1.000
   795:        1.000        2.000        4.000       22.000       24.000
   800:       12.000       13.000        8.000        5.000       17.000
   805:       18.000       14.000       10.000       20.000       19.000
   810:       11.000        2.000        4.000       22.000       24.000
   815:       12.000       13.000        8.000        5.000       17.000
   820:       18.000       21.000       22.000       14.000       10.000
   825:        6.000        6.000        6.000       19.000       11.000
   830:        2.000        4.000       22.000       24.000       12.000
   835:       13.000        8.000        5.000       17.000       18.000
   840:        6.000       14.000       10.000       21.000       22.000
   845:       19.000       11.000        1.000        6.000        6.000
   850:        1.000        1.000        2.000        4.000       22.000
   855:       24.000       12.000       13.000        8.000        5.000
   860:       17.000       18.000       14.000       10.000        6.000
   865:       21.000       22.000       21.000       22.000       19.000
   870:       11.000        6.000        2.000        4.000       22.000
   875:       24.000       12.000       13.000        8.000        5.000
   880:       17.000       18.000       14.000       10.000       19.000
   885:       11.000        2.000        4.000       22.000       24.000
   890:       12.000       13.000        8.000        5.000       17.000
   895:       18.000       14.000       10.000       21.000       22.000
   900:       19.000       11.000        2.000        4.000       22.000
   905:       24.000       12.000       13.000        8.000        5.000
   910:       17.000       21.000       22.000       18.000       14.000
   915:       10.000        6.000        6.000       19.000       11.000
   920:        6.000        6.000        6.000        6.000        2.000
   925:        4.000       22.000       24.000       12.000       13.000
   930:        8.000        5.000       17.000       18.000       14.000
   935:       10.000       19.000       11.000        2.000        4.000
   940:       22.000       24.000       12.000       13.000        8.000
   945:        5.000       17.000       18.000       20.000       14.000
   950:       10.000       19.000       11.000        1.000        2.000
   955:        4.000       22.000       24.000       12.000       13.000
   960:        8.000        5.000       17.000       18.000       14.000
   965:       10.000       21.000       22.000       19.000       11.000
   970:        1.000        2.000        4.000       22.000       24.000
   975:       12.000       13.000        8.000        5.000       17.000
   980:       21.000       22.000       18.000       14.000       10.000
   985:       19.000       11.000        1.000        1.000        2.000
   990:        4.000       22.000       24.000       12.000       13.000
   995:        8.000        5.000       17.000       21.000       22.000
  1000:       18.000       14.000       10.000       21.000       22.000
  1005:       19.000       11.000        2.000        4.000       22.000
  1010:       24.000       12.000       13.000        8.000        5.000
  1015:       17.000       18.000       14.000       10.000       20.000
  1020:       19.000       11.000        2.000        4.000       22.000
  1025:       24.000       12.000       13.000        8.000        5.000
  1030:       17.000       18.000       14.000       10.000       21.000
  1035:       22.000       19.000       11.000        1.000        1.000
  1040:        2.000        4.000       22.000       24.000       12.000
  1045:       13.000        8.000        5.000       17.000       18.000
  1050:       14.000       10.000        6.000       19.000       11.000
  1055:        1.000        2.000        4.000       22.000       24.000
  1060:       12.000       13.000        8.000        5.000       17.000
  1065:       21.000       22.000       18.000       14.000       10.000
  1070:       20.000       19.000       11.000        6.000        6.000
  1075:        6.000        2.000        4.000       22.000       24.000
  1080:       12.000       13.000        8.000        5.000       17.000
  1085:       21.000       22.000       21.000       22.000       18.000
  1090:       14.000       10.000        6.000       21.000       22.000
  1095:       19.000       11.000        6.000        2.000        4.000
  1100:       22.000       24.000       12.000       13.000        8.000
  1105:        5.000       17.000       18.000       14.000       10.000
  1110:       19.000       11.000        1.000        2.000        4.000
  1115:       22.000       24.000       12.000       13.000        8.000
  1120:        5.000       17.000       21.000       22.000       18.000
  1125:       14.000       10.000       19.000       11.000      100.000
T:
     0:        0.000        0.000        0.000        0.000        2.150
     5:        2.150        2.150        2.150        2.150        2.150
    10:        2.150        6.150        6.750        7.150        7.150
    15:       12.140       12.150       17.740       26.630       26.870
    20:       31.520       31.520       31.520       31.530       31.530
    25:       31.530       31.530       31.530       31.530       33.220
    30:       33.220       35.530       36.530       36.530       41.520
    35:       41.530       49.350       67.980       67.980       67.980
    40:       67.990       67.990       67.990       67.990       67.990
    45:       67.990       68.260       68.260       68.640       68.640
    50:       69.340       69.340       71.990       72.990       72.990
    55:       73.360       73.360       77.050       77.280       77.980
    60:       77.990       78.350      105.220      105.220      105.220
    65:      105.230      105.230      105.230      105.230      105.230
    70:      105.230      109.230      110.230      110.230      114.380
    75:      115.220      115.230      127.450      138.120      138.120
    80:      138.120      138.130      138.130      138.130      138.130
    85:      138.130      138.130      142.130      143.130      143.130
    90:      148.120      148.130      156.870      205.250      205.250
    95:      205.250      205.260      205.260      205.260      205.260
   100:      205.260      205.260      205.470      205.470      209.260
   105:      210.260      210.260      210.410      214.010      214.010
   110:      215.250      215.260      217.590      224.430      224.890
   115:      226.030      226.030      226.030      226.040      226.040
   120:      226.040      226.040      226.040      226.040      226.250
   125:      226.250      230.040      231.040      231.040      236.030
   130:      236.040      239.400      239.490      244.860      244.860
   135:      244.860      244.870      244.870      244.870      244.870
   140:      244.870      244.870      247.560      247.560      248.870
   145:      249.870      249.870      249.940      250.470      254.860
   150:      254.870      309.620      309.990      342.020      365.050
   155:      370.710      417.660      475.310      492.520      536.980
   160:      537.100      537.730      559.210      559.210      559.210
   165:      559.220      559.220      559.220      559.220      559.220
   170:      559.220      559.310      559.310      563.220      564.220
   175:      564.220      569.210      569.220      604.050      740.440
   180:      754.640      757.660      757.660      757.660      757.670
   185:      757.670      757.670      757.670      757.670      757.670
   190:      760.050      761.670      762.670      762.670      767.120
   195:      767.660      767.670      770.680      770.680      770.680
   200:      770.690      770.690      770.690      770.690      770.690
   205:      770.690      772.730      772.730      774.690      775.690
   210:      775.690      777.930      779.480      779.480      780.680
   215:      780.690      787.600      787.600      787.600      787.610
   220:      787.610      787.610      787.610      787.610      787.610
   225:      791.610      792.610      792.610      794.010      797.600
   230:      797.610      811.580      811.580      811.580      811.590
   235:      811.590      811.590      811.590      811.590      811.590
   240:      815.590      816.590      816.590      821.580      821.590
   245:      823.730      838.780      838.780      838.780      838.790
   250:      838.790      838.790      838.790      838.790      838.790
   255:      840.180      840.180      842.430      842.790      843.790
   260:      843.790      846.540      846.540      848.780      848.790
   265:      851.450      851.850      853.060      853.060      853.060
   270:      853.070      853.070      853.070      853.070      853.070
   275:      853.070      857.070      858.070      858.070      863.060
   280:      863.070      897.250      897.250      897.250      897.260
   285:      897.260      897.260      897.260      897.260      897.260
   290:      901.260      902.260      902.260      902.610      907.250
   295:      907.260      949.350      967.520      967.520      967.520
   300:      967.530      967.530      967.530      967.530      967.530
   305:      967.530      971.530      972.530      972.530      977.520
   310:      977.530      982.970      990.840     1028.360     1028.360
   315:     1028.360     1028.370     1028.370     1028.370     1028.370
   320:     1028.370     1028.370     1032.370     1033.210     1033.210
   325:     1033.370     1033.370     1035.150     1035.150     1036.910
   330:     1036.910     1038.360     1038.370     1083.860     1083.980
   335:     1129.330     1129.590     1130.130     1132.280     1134.530
   340:     1134.590     1134.710     1136.620     1136.620     1136.620
   345:     1136.630     1136.630     1136.630     1136.630     1136.630
   350:     1136.630     1138.600     1140.630     1141.630     1141.630
   355:     1146.620     1146.630     1176.440     1186.470     1186.900
   360:     1187.400     1187.780     1189.080     1191.070     1191.170
   365:     1191.310     1191.960     1221.120     1239.560     1291.990
   370:     1291.990     1291.990     1292.000     1292.000     1292.000
   375:     1292.000     1292.000     1292.000     1295.160     1296.000
   380:     1297.000     1297.000     1298.140     1298.140     1299.620
   385:     1299.620     1301.990     1302.000     1319.370     1320.050
   390:     1402.090     1415.150     1415.150     1415.150     1415.160
   395:     1415.160     1415.160     1415.160     1415.160     1415.160
   400:     1419.160     1419.470     1420.160     1420.160     1425.150
   405:     1425.160     1427.950     1432.170     1432.170     1432.170
   410:     1432.180     1432.180     1432.180     1432.180     1432.180
   415:     1432.180     1436.180     1437.180     1437.180     1437.610
   420:     1441.390     1442.170     1442.180     1451.320     1451.320
   425:     1451.320     1451.330     1451.330     1451.330     1451.330
   430:     1451.330     1451.330     1452.310     1452.310     1455.330
   435:     1455.900     1455.900     1456.330     1456.330     1461.320
   440:     1461.330     1462.870     1462.870     1462.870     1462.880
   445:     1462.880     1462.880     1462.880     1462.880     1462.880
   450:     1464.070     1464.070     1466.880     1467.880     1467.880
   455:     1467.890     1469.500     1472.600     1472.600     1472.870
   460:     1472.880     1534.830     1547.000     1547.000     1547.000
   465:     1547.010     1547.010     1547.010     1547.010     1547.010
   470:     1547.010     1547.180     1547.180     1548.420     1548.420
   475:     1551.010     1552.010     1552.010     1557.000     1557.010
   480:     1564.090     1564.090     1564.090     1564.100     1564.100
   485:     1564.100     1564.100     1564.100     1564.100     1568.100
   490:     1569.100     1569.100     1574.090     1574.100     1610.870
   495:     1622.340     1648.720     1648.720     1648.720     1648.730
   500:     1648.730     1648.730     1648.730     1648.730     1648.730
   505:     1648.990     1648.990     1652.730     1653.730     1653.730
   510:     1657.390     1658.720     1658.730     1669.710     1669.710
   515:     1669.710     1669.720     1669.720     1669.720     1669.720
   520:     1669.720     1669.720     1673.720     1674.720     1674.720
   525:     1679.180     1679.180     1679.710     1679.720     1681.390
   530:     1682.980     1682.980     1682.980     1682.990     1682.990
   535:     1682.990     1682.990     1682.990     1682.990     1686.990
   540:     1687.990     1687.990     1688.440     1688.440     1692.980
   545:     1692.990     1723.080     1723.080     1723.080     1723.090
   550:     1723.090     1723.090     1723.090     1723.090     1723.090
   555:     1727.090     1728.090     1728.090     1730.010     1730.010
   560:     1733.080     1733.090     1734.240     1734.240     1734.240
   565:     1734.250     1734.250     1734.250     1734.250     1734.250
   570:     1734.250     1735.420     1735.420     1738.250     1739.250
   575:     1739.250     1744.240     1744.250     1746.210     1746.210
   580:     1746.210     1746.220     1746.220     1746.220     1746.220
   585:     1746.220     1746.220     1750.220     1751.220     1751.220
   590:     1752.110     1752.110     1756.210     1756.220     1766.760
   595:     1766.760     1766.760     1766.770     1766.770     1766.770
   600:     1766.770     1766.770     1766.770     1766.840     1766.840
   605:     1770.770     1771.770     1771.770     1776.760     1776.770
   610:     1825.990     1825.990     1825.990     1826.000     1826.000
   615:     1826.000     1826.000     1826.000     1826.000     1830.000
   620:     1831.000     1831.000     1834.920     1834.920     1835.360
   625:     1835.360     1835.990     1836.000     1845.980     1845.980
   630:     1845.980     1845.990     1845.990     1845.990     1845.990
   635:     1845.990     1845.990     1848.730     1849.990     1850.990
   640:     1850.990     1855.210     1855.980     1855.990     1918.180
   645:     1927.230     1929.160     1929.160     1929.160     1929.170
   650:     1929.170     1929.170     1929.170     1929.170     1929.170
   655:     1933.170     1934.170     1934.170     1934.850     1935.130
   660:     1935.210     1936.920     1936.920     1938.780     1938.780
   665:     1939.160     1939.170     1943.090     1943.090     1943.090
   670:     1943.100     1943.100     1943.100     1943.100     1943.100
   675:     1943.100     1947.100     1948.100     1948.100     1953.090
   680:     1953.100     1989.190     1989.190     1989.190     1989.200
   685:     1989.200     1989.200     1989.200     1989.200     1989.200
   690:     1993.200     1993.230     1994.200     1994.200     1998.540
   695:     1998.540     1999.190     1999.200     2002.560     2017.690
   700:     2065.510     2075.710     2109.320     2109.320     2109.320
   705:     2109.330     2109.330     2109.330     2109.330     2109.330
   710:     2109.330     2113.330     2114.330     2114.330     2115.070
   715:     2119.320     2119.330     2170.360     2178.510     2178.510
   720:     2178.510     2178.520     2178.520     2178.520     2178.520
   725:     2178.520     2178.520     2182.520     2183.520     2183.520
   730:     2187.670     2187.670     2188.510     2188.520     2192.910
   735:     2195.560     2202.620     2207.530     2229.080     2229.080
   740:     2229.080     2229.090     2229.090     2229.090     2229.090
   745:     2229.090     2229.090     2229.660     2229.660     2229.810
   750:     2229.810     2233.090     2233.230     2233.230     2234.090
   755:     2234.090     2239.080     2239.090     2239.960     2239.960
   760:     2239.960     2239.970     2239.970     2239.970     2239.970
   765:     2239.970     2239.970     2243.970     2244.970     2244.970
   770:     2249.960     2249.970     2258.790     2259.360     2341.020
   775:     2342.070     2409.440     2409.440     2409.440     2409.450
   780:     2409.450     2409.450     2409.450     2409.450     2409.450
   785:     2411.200     2411.200     2413.450     2414.450     2414.450
   790:     2418.570     2418.570     2419.440     2419.450     2484.280
   795:     2490.030     2498.020     2498.020     2498.020     2498.030
   800:     2498.030     2498.030     2498.030     2498.030     2498.030
   805:     2502.030     2503.030     2503.030     2504.840     2508.020
   810:     2508.030     2515.680     2515.680     2515.680     2515.690
   815:     2515.690     2515.690     2515.690     2515.690     2515.690
   820:     2519.690     2520.350     2520.350     2520.690     2520.690
   825:     2521.880     2522.160     2522.780     2525.680     2525.690
   830:     2553.050     2553.050     2553.050     2553.060     2553.060
   835:     2553.060     2553.060     2553.060     2553.060     2557.060
   840:     2557.560     2558.060     2558.060     2561.680     2561.680
   845:     2563.050     2563.060     2576.540     2632.750     2633.020
   850:     2691.660     2693.930     2698.850     2698.850     2698.850
   855:     2698.860     2698.860     2698.860     2698.860     2698.860
   860:     2698.860     2702.860     2703.860     2703.860     2704.990
   865:     2707.750     2707.750     2708.620     2708.620     2708.850
   870:     2708.860     2778.870     2790.910     2790.910     2790.910
   875:     2790.920     2790.920     2790.920     2790.920     2790.920
   880:     2790.920     2794.920     2795.920     2795.920     2800.910
   885:     2800.920     2804.940     2804.940     2804.940     2804.950
   890:     2804.950     2804.950     2804.950     2804.950     2804.950
   895:     2808.950     2809.950     2809.950     2813.390     2813.390
   900:     2814.940     2814.950     2817.320     2817.320     2817.320
   905:     2817.330     2817.330     2817.330     2817.330     2817.330
   910:     2817.330     2820.680     2820.680     2821.330     2822.330
   915:     2822.330     2824.840     2825.060     2827.320     2827.330
   920:     2847.440     2855.210     2855.530     2867.590     2891.690
   925:     2891.690     2891.690     2891.700     2891.700     2891.700
   930:     2891.700     2891.700     2891.700     2895.700     2896.700
   935:     2896.700     2901.690     2901.700     2937.190     2937.190
   940:     2937.190     2937.200     2937.200     2937.200     2937.200
   945:     2937.200     2937.200     2941.200     2942.020     2942.200
   950:     2942.200     2947.190     2947.200     2955.470     2985.170
   955:     2985.170     2985.170     2985.180     2985.180     2985.180
   960:     2985.180     2985.180     2985.180     2989.180     2990.180
   965:     2990.180     2993.450     2993.450     2995.170     2995.180
   970:     2996.790     3029.090     3029.090     3029.090     3029.100
   975:     3029.100     3029.100     3029.100     3029.100     3029.100
   980:     3032.330     3032.330     3033.100     3034.100     3034.100
   985:     3039.090     3039.100     3045.210     3059.170     3108.080
   990:     3108.080     3108.080     3108.090     3108.090     3108.090
   995:     3108.090     3108.090     3108.090     3110.000     3110.000
  1000:     3112.090     3113.090     3113.090     3113.180     3113.180
  1005:     3118.080     3118.090     3133.030     3133.030     3133.030
  1010:     3133.040     3133.040     3133.040     3133.040     3133.040
  1015:     3133.040     3137.040     3138.040     3138.040     3141.560
  1020:     3143.030     3143.040     3182.400     3182.400     3182.400
  1025:     3182.410     3182.410     3182.410     3182.410     3182.410
  1030:     3182.410     3186.410     3187.410     3187.410     3188.430
  1035:     3188.430     3192.400     3192.410     3229.450     3260.450
  1040:     3272.200     3272.200     3272.200     3272.210     3272.210
  1045:     3272.210     3272.210     3272.210     3272.210     3276.210
  1050:     3277.210     3277.210     3277.220     3282.200     3282.210
  1055:     3316.450     3411.450     3411.450     3411.450     3411.460
  1060:     3411.460     3411.460     3411.460     3411.460     3411.460
  1065:     3412.160     3412.160     3415.460     3416.460     3416.460
  1070:     3417.220     3421.450     3421.460     3429.740     3430.100
  1075:     3430.380     3437.110     3437.110     3437.110     3437.120
  1080:     3437.120     3437.120     3437.120     3437.120     3437.120
  1085:     3439.220     3439.220     3440.320     3440.320     3441.120
  1090:     3442.120     3442.120     3442.240     3444.430     3444.430
  1095:     3447.110     3447.120     3518.770     3527.790     3527.790
  1100:     3527.790     3527.800     3527.800     3527.800     3527.800
  1105:     3527.800     3527.800     3531.800     3532.800     3532.800
  1110:     3537.790     3537.800     3570.270     3578.690     3578.690
  1115:     3578.690     3578.700     3578.700     3578.700     3578.700
  1120:     3578.700     3578.700     3580.530     3580.530     3582.700
  1125:     3583.700     3583.700     3588.690     3588.700     3600.000
