File: C:\MED-PC\Data\2025-03-18_12h45m_Subject 89.txt


Start Date: 03/18/25
End Date: 03/18/25
Subject: 89
Experiment: OralFentSA
Group: One
Box: 5
Start Time: 12:45:59
End Time: 15:47:06
MSN: 20241014_Golden_Liq_SelfAdmin
F:       0.000
G:     541.000
H:   10800.000
I:       0.000
J:       0.000
K:       0.000
L:       0.000
M:       0.000
N:       0.000
O:       0.000
P:       0.000
Q:       0.000
R:       0.000
S:       0.000
U:       0.000
V:       0.000
W:       0.000
X:       0.000
Y:       0.000
Z:       0.000
A:
     0:        0.000        0.000      180.000        4.000        0.000
     5:        5.000        0.000        5.000        0.000        0.000
    10:        1.000        0.000       10.000  3000000.000       20.000
    15:       12.000      640.000        0.000        0.000        0.000
    20:        0.000
B:
     0:        0.000        0.000        0.000      400.000        0.000
     5:      500.000        0.000      500.000        0.000        0.000
    10:        0.000        0.000     1000.000 300000000.000        0.000
    15:        0.000        0.000        0.000        0.000        0.000
    20:        0.000
C:
     0:       15.000       16.000       35.000       26.000      270.000
     5:    10218.550        3.180       15.000       91.760        6.117
    10:       26.000       35.000        0.000        0.000        0.000
    15:        0.000        0.000        0.000        0.000        0.000
    20:        0.000
D:
     0:        7.210        1.290       40.570        2.730        2.420
     5:        1.550        1.380        4.190        6.500        4.410
    10:        5.290        5.050        4.190        1.800        3.180
E:
     0:       19.000       11.000       26.000       27.000        6.000
     5:        6.000        1.000        1.000        1.000        6.000
    10:        6.000        6.000        6.000        6.000        6.000
    15:        6.000        6.000        6.000        6.000        6.000
    20:        6.000        6.000        6.000        6.000        6.000
    25:        2.000        4.000       22.000       24.000       12.000
    30:       13.000        8.000        5.000       17.000       21.000
    35:       22.000       21.000       22.000       18.000       14.000
    40:       10.000        6.000        6.000       19.000       11.000
    45:        6.000        6.000        6.000        6.000        6.000
    50:        6.000        6.000        6.000        6.000        6.000
    55:        6.000        6.000        6.000        6.000        6.000
    60:        6.000        6.000        6.000        6.000        6.000
    65:        6.000        6.000        6.000        6.000        6.000
    70:        6.000        6.000        6.000        6.000        6.000
    75:        6.000        6.000        6.000        6.000        6.000
    80:        6.000        6.000        6.000        6.000        6.000
    85:        1.000        2.000        4.000       22.000       24.000
    90:       12.000       13.000        8.000        5.000       17.000
    95:        6.000       18.000       14.000       10.000       19.000
   100:       11.000        6.000        6.000        6.000        1.000
   105:        1.000        1.000        1.000        1.000        1.000
   110:        1.000        1.000        6.000        6.000        6.000
   115:        6.000        6.000        6.000        6.000        6.000
   120:        6.000        6.000        6.000        6.000        6.000
   125:        6.000        2.000        4.000       22.000       24.000
   130:       12.000       13.000        8.000        5.000       17.000
   135:       18.000       14.000       10.000       19.000       11.000
   140:        6.000        6.000        6.000        6.000        6.000
   145:        6.000        6.000        6.000        6.000        6.000
   150:        6.000        6.000        6.000        6.000        6.000
   155:        6.000        6.000        6.000        6.000        6.000
   160:        6.000        6.000        6.000        6.000        6.000
   165:        6.000        6.000        6.000        6.000        6.000
   170:        6.000        6.000        6.000        6.000        6.000
   175:        6.000        6.000        6.000        6.000        6.000
   180:        6.000        6.000        6.000        6.000        6.000
   185:        6.000        6.000        6.000        6.000        6.000
   190:        6.000        1.000        1.000        6.000        6.000
   195:        2.000        4.000       22.000       24.000       12.000
   200:       13.000        8.000        5.000       17.000       21.000
   205:       22.000        6.000        6.000       18.000       14.000
   210:       10.000       21.000       22.000       19.000       11.000
   215:        2.000        4.000       22.000       24.000       12.000
   220:       13.000        8.000        5.000       17.000        6.000
   225:       18.000        6.000       14.000       10.000       19.000
   230:       11.000        6.000        6.000        6.000        6.000
   235:        6.000        6.000        6.000        6.000        6.000
   240:        6.000        6.000        6.000        6.000        6.000
   245:        6.000        6.000        6.000        6.000        6.000
   250:        6.000        6.000        6.000        6.000        6.000
   255:        6.000        6.000        6.000        6.000        6.000
   260:        6.000        6.000        6.000        6.000        1.000
   265:        1.000        1.000        6.000        6.000        6.000
   270:        6.000        6.000        6.000        6.000        6.000
   275:        6.000        6.000        6.000        6.000        6.000
   280:        6.000        6.000        6.000        2.000        4.000
   285:       22.000       24.000       12.000       13.000        8.000
   290:        5.000       17.000        6.000       18.000       14.000
   295:       10.000        6.000       19.000       11.000        6.000
   300:        6.000        1.000        6.000        6.000        6.000
   305:        6.000        6.000        6.000        6.000        6.000
   310:        6.000        2.000        4.000       22.000       24.000
   315:       12.000       13.000        8.000        5.000       17.000
   320:        6.000       18.000        6.000       14.000       10.000
   325:        6.000        6.000       19.000       11.000        6.000
   330:        6.000        6.000        6.000        6.000        6.000
   335:        6.000        6.000        6.000        6.000        6.000
   340:        6.000        1.000        1.000        1.000        1.000
   345:        1.000        1.000        1.000        6.000        2.000
   350:        4.000       22.000       24.000       12.000       13.000
   355:        8.000        5.000       17.000       18.000        6.000
   360:       14.000       10.000       19.000       11.000        6.000
   365:        6.000        1.000        6.000        6.000        6.000
   370:        6.000        6.000        6.000        6.000        6.000
   375:        6.000        6.000        2.000        4.000       22.000
   380:       24.000       12.000       13.000        8.000        5.000
   385:       17.000       21.000       22.000       18.000       14.000
   390:       10.000        6.000       19.000       11.000        6.000
   395:        6.000        6.000        6.000        6.000        6.000
   400:        6.000        6.000        6.000        2.000        4.000
   405:       22.000       24.000       12.000       13.000        8.000
   410:        5.000       17.000       18.000        6.000       14.000
   415:       10.000       19.000       11.000        6.000        6.000
   420:        6.000        1.000        6.000        6.000        6.000
   425:        6.000        2.000        4.000       22.000       24.000
   430:       12.000       13.000        8.000        5.000       17.000
   435:       18.000       14.000       10.000        6.000       19.000
   440:       11.000        6.000        6.000        6.000        6.000
   445:        2.000        4.000       22.000       24.000       12.000
   450:       13.000        8.000        5.000       17.000       18.000
   455:       14.000       10.000        6.000       19.000       11.000
   460:        2.000        4.000       22.000       24.000       12.000
   465:       13.000        8.000        5.000       17.000       21.000
   470:       22.000       21.000       22.000       18.000        6.000
   475:       14.000       10.000       19.000       11.000        1.000
   480:        1.000        1.000        1.000        1.000        1.000
   485:        6.000        6.000        6.000        6.000        6.000
   490:        1.000        1.000        6.000        6.000        6.000
   495:        2.000        4.000       22.000       24.000       12.000
   500:       13.000        8.000        5.000       17.000       21.000
   505:       22.000        6.000        6.000       18.000       14.000
   510:       10.000       19.000       11.000        6.000        2.000
   515:        4.000       22.000       24.000       12.000       13.000
   520:        8.000        5.000       17.000       21.000       22.000
   525:       21.000       22.000       21.000       22.000        6.000
   530:       18.000       14.000       10.000       19.000       11.000
   535:        6.000        6.000        6.000        6.000        6.000
   540:        6.000      100.000
T:
     0:        0.000        0.000        0.000        0.000        1.130
     5:       40.840       45.670       46.150       54.170      109.810
    10:      109.960      117.550      120.900      121.100      121.520
    15:      123.180      124.060      124.630      124.810      134.300
    20:      210.110      210.190      210.790      211.670      265.540
    25:      322.530      322.530      322.530      322.540      322.540
    30:      322.540      322.540      322.540      322.540      324.530
    35:      324.530      324.890      324.890      326.540      327.540
    40:      327.540      329.750      329.810      332.530      332.540
    45:      337.770      338.850      339.460      339.730      339.850
    50:      340.150      340.490      341.480      347.540      352.920
    55:      355.270      355.900      375.250      379.500      379.610
    60:      380.330      381.090      382.900      383.900      384.400
    65:      387.300      387.790      390.410      392.210      410.760
    70:      417.000      426.350      443.920      455.580      455.730
    75:      462.400      466.610      469.680      469.710      512.940
    80:      540.340      540.470      541.520      548.590      567.730
    85:      577.310      584.130      584.130      584.130      584.140
    90:      584.140      584.140      584.140      584.140      584.140
    95:      585.430      588.140      589.140      589.140      594.130
   100:      594.140      602.340      622.980      623.260      655.080
   105:      656.270      658.140      660.630      660.850      661.230
   110:      664.480      665.680      754.360      754.390      754.460
   115:      754.560      800.420      817.410     1014.350     1014.790
   120:     1048.990     1085.710     1085.780     1085.850     1173.460
   125:     1710.870     1715.930     1715.930     1715.930     1715.940
   130:     1715.940     1715.940     1715.940     1715.940     1715.940
   135:     1719.940     1720.940     1720.940     1725.930     1725.940
   140:     1756.510     1763.490     2618.510     2623.700     2625.450
   145:     2626.070     2627.470     2627.560     2631.050     2639.620
   150:     2640.510     2650.350     2675.130     2677.830     2689.320
   155:     2712.560     2712.820     2731.020     2798.420     2798.730
   160:     2798.790     2803.470     2826.300     2865.950     2882.530
   165:     2902.980     2903.440     3293.110     3293.250     3463.740
   170:     3464.290     3464.450     3464.960     3465.760     3915.530
   175:     3915.900     3916.500     3916.690     3917.300     3917.830
   180:     3918.360     3918.850     3919.160     3920.600     3920.720
   185:     3920.910     3935.150     3935.720     3939.260     3969.750
   190:     3978.220     4004.880     4005.520     4014.870     4057.500
   195:     4066.860     4066.860     4066.860     4066.870     4066.870
   200:     4066.870     4066.870     4066.870     4066.870     4068.130
   205:     4068.130     4069.600     4069.830     4070.870     4071.870
   210:     4071.870     4075.550     4075.550     4076.860     4076.870
   215:     4076.970     4076.970     4076.970     4076.980     4076.980
   220:     4076.980     4076.980     4076.980     4076.980     4079.400
   225:     4080.980     4080.980     4081.980     4081.980     4086.970
   230:     4086.980     4088.950     4092.630     4175.220     4176.700
   235:     4176.720     4199.440     4199.630     4209.230     4213.880
   240:     4235.630     4240.230     4245.470     4246.650     4249.030
   245:     4252.730     4261.640     4268.100     4279.440     4283.200
   250:     4284.590     4308.080     4316.640     4340.570     4340.710
   255:     4427.400     4498.930     4499.020     4679.690     4973.980
   260:     5312.170     5312.620     5312.750     5320.970     5362.670
   265:     5364.310     5366.780     5370.330     5398.060     5423.970
   270:     5450.430     5450.530     5457.390     5458.070     5458.710
   275:     5461.270     5462.950     5464.090     5493.790     5494.190
   280:     5494.670     5502.040     5520.950     5551.860     5551.860
   285:     5551.860     5551.870     5551.870     5551.870     5551.870
   290:     5551.870     5551.870     5553.420     5555.870     5556.870
   295:     5556.870     5561.820     5561.860     5561.870     5562.830
   300:     5567.050     5574.170     5601.110     5609.880     5619.770
   305:     5620.800     5622.370     5626.950     5636.340     5638.490
   310:     5640.240     5643.660     5643.660     5643.660     5643.670
   315:     5643.670     5643.670     5643.670     5643.670     5643.670
   320:     5645.050     5647.670     5648.110     5648.670     5648.670
   325:     5650.290     5652.860     5653.660     5653.670     5655.820
   330:     5672.440     5681.720     5682.020     5754.580     5770.660
   335:     5790.870     5791.550     5802.850     5811.270     5854.800
   340:     5866.030     5912.840     5913.940     5915.760     5916.290
   345:     5920.700     5927.380     5927.400     5939.610     5954.100
   350:     5954.100     5954.100     5954.110     5954.110     5954.110
   355:     5954.110     5954.110     5954.110     5958.110     5958.300
   360:     5959.110     5959.110     5964.100     5964.110     5965.360
   365:     5965.400     6090.110     6990.170     7000.900     7004.720
   370:     7016.000     7016.280     7039.910     7716.850     7717.530
   375:     7720.560     7751.650     7769.570     7769.570     7769.570
   380:     7769.580     7769.580     7769.580     7769.580     7769.580
   385:     7769.580     7773.450     7773.450     7773.580     7774.580
   390:     7774.580     7776.080     7779.570     7779.580     7787.540
   395:     7801.900     7830.090     7851.810     7888.690     7917.400
   400:     7926.750     7973.140     7977.340     7979.440     7979.440
   405:     7979.440     7979.450     7979.450     7979.450     7979.450
   410:     7979.450     7979.450     7983.450     7983.860     7984.450
   415:     7984.450     7989.440     7989.450     7991.450     8722.210
   420:     8753.210     8790.530     8802.800     8813.620     8813.800
   425:     8814.030     8819.620     8819.620     8819.620     8819.630
   430:     8819.630     8819.630     8819.630     8819.630     8819.630
   435:     8823.630     8824.630     8824.630     8824.920     8829.620
   440:     8829.630     8829.940     8830.640     8835.710     8848.320
   445:     8864.090     8864.090     8864.090     8864.100     8864.100
   450:     8864.100     8864.100     8864.100     8864.100     8868.100
   455:     8869.100     8869.100     8869.150     8874.090     8874.100
   460:     8887.720     8887.720     8887.720     8887.730     8887.730
   465:     8887.730     8887.730     8887.730     8887.730     8888.610
   470:     8888.610     8890.330     8890.330     8891.730     8891.920
   475:     8892.730     8892.730     8897.720     8897.730     8904.430
   480:     8907.430     8908.080     8910.090     8910.410     8919.690
   485:    10104.360    10116.790    10119.430    10129.460    10132.870
   490:    10149.960    10150.080    10156.080    10192.020    10198.590
   495:    10203.710    10203.710    10203.710    10203.720    10203.720
   500:    10203.720    10203.720    10203.720    10203.720    10204.450
   505:    10204.450    10205.520    10207.350    10207.720    10208.720
   510:    10208.720    10213.710    10213.720    10214.120    10218.540
   515:    10218.540    10218.540    10218.550    10218.550    10218.550
   520:    10218.550    10218.550    10218.550    10219.490    10219.490
   525:    10220.590    10220.590    10220.920    10220.920    10221.730
   530:    10222.550    10223.550    10223.550    10228.540    10228.550
   535:    10248.190    10332.430    10337.290    10432.610    10436.920
   540:    10437.810    10800.000
