File: C:\MED-PC IV\DATA\!2025-02-19_09h15m.Subject 62



Start Date: 02/19/25
End Date: 02/19/25
Subject: 62
Experiment: OralFentSA
Group: One
Box: 6
Start Time:  9:15:08
End Time: 12:15:54
MSN: Golden_Liq_SelfAdmin
F:       0.000
G:    1001.000
H:   10800.010
I:       0.000
J:       0.000
K:       0.000
L:       0.000
M:       0.000
N:       0.000
O:       0.000
P:       0.000
Q:       0.000
R:       0.000
S:       0.000
U:       0.000
V:       0.000
W:       0.000
X:       0.000
Y:       0.000
Z:       0.000
A:
     0:        0.000        0.000      180.000        4.000        0.000
     5:        5.000        0.000        5.000        0.000        0.000
    10:        1.000        0.000       10.000 1000000000.0       24.000
    15:        8.000      640.000        0.000        0.000        0.000
    20:        0.000
B:
     0:        0.000        0.000        0.000      400.000        0.000
     5:      500.000        0.000      500.000        0.000        0.000
    10:        0.000        0.000     1000.000 100000000000        0.000
    15:        0.000        0.000        0.000        0.000        0.000
    20:        0.000
C:
     0:       23.000       24.000        0.000       44.000      611.000
     5:    10720.080       38.300       17.000      311.040       18.296
    10:       44.000       22.000        0.000        0.000        0.000
    15:        0.000        0.000        0.000        0.000        0.000
    20:        0.000
D:
     0:        1.830        0.830        8.050        8.450        6.090
     5:       59.570        2.090       94.340       13.480       12.670
    10:       13.770        3.980        6.950       10.170       21.770
    15:        8.700       38.300
E:
     0:       19.000       11.000       26.000       27.000        6.000
     5:        6.000        6.000        2.000        4.000       22.000
    10:       24.000       12.000       13.000        8.000        5.000
    15:       17.000        6.000       18.000       14.000       10.000
    20:       19.000       11.000        6.000        6.000        6.000
    25:       23.000       23.000        2.000        4.000       22.000
    30:       24.000       12.000       13.000        8.000        5.000
    35:       17.000       18.000       14.000       10.000       19.000
    40:       11.000        2.000        4.000       22.000       24.000
    45:       12.000       13.000        8.000        5.000       17.000
    50:        6.000       21.000       22.000       18.000       14.000
    55:       10.000       21.000       22.000       21.000       22.000
    60:       19.000       11.000        6.000        6.000        6.000
    65:        6.000        6.000        6.000        6.000        6.000
    70:        6.000        6.000        6.000        6.000        6.000
    75:        6.000        6.000        6.000        6.000        6.000
    80:        6.000        6.000        6.000        6.000        6.000
    85:        6.000        6.000        6.000        6.000        6.000
    90:        6.000        6.000        6.000        6.000        6.000
    95:        6.000        6.000        6.000        6.000        6.000
   100:        6.000        6.000        6.000        6.000        6.000
   105:        6.000        6.000        6.000        6.000        6.000
   110:        6.000        6.000        6.000        6.000        6.000
   115:        6.000        6.000        6.000        6.000        6.000
   120:        6.000        6.000        6.000        2.000        4.000
   125:       22.000       24.000       12.000       13.000        8.000
   130:        5.000       17.000       21.000       22.000       18.000
   135:       14.000       10.000        6.000       19.000       11.000
   140:        2.000        4.000       22.000       24.000       12.000
   145:       13.000        8.000        5.000       17.000       21.000
   150:       22.000       18.000       14.000       10.000        6.000
   155:        6.000       19.000       11.000        6.000        6.000
   160:        6.000        6.000        2.000        4.000       22.000
   165:       24.000       12.000       13.000        8.000        5.000
   170:       17.000       18.000       14.000       10.000       19.000
   175:       11.000        2.000        4.000       22.000       24.000
   180:       12.000       13.000        8.000        5.000       17.000
   185:       21.000       22.000       21.000       22.000       21.000
   190:       22.000       18.000       14.000       10.000        6.000
   195:       19.000       11.000        6.000        6.000        6.000
   200:        6.000        6.000        6.000        6.000        2.000
   205:        4.000       22.000       24.000       12.000       13.000
   210:        8.000        5.000       17.000       21.000       22.000
   215:       21.000       22.000       18.000       14.000       10.000
   220:       19.000       11.000        6.000        6.000        6.000
   225:        6.000        6.000       23.000        6.000        2.000
   230:        4.000       22.000       24.000       12.000       13.000
   235:        8.000        5.000       17.000        6.000       18.000
   240:       14.000       10.000       19.000       11.000        6.000
   245:        6.000        6.000        6.000        6.000        6.000
   250:        6.000        6.000        6.000        6.000        6.000
   255:        6.000        6.000        2.000        4.000       22.000
   260:       24.000       12.000       13.000        8.000        5.000
   265:       17.000       18.000       14.000       10.000       21.000
   270:       22.000       19.000       11.000        6.000        6.000
   275:        6.000        6.000        6.000        6.000        6.000
   280:        6.000        6.000        6.000        6.000        6.000
   285:        6.000        6.000        6.000        6.000        6.000
   290:        6.000        6.000        6.000        6.000        6.000
   295:        2.000        4.000       22.000       24.000       12.000
   300:       13.000        8.000        5.000       17.000       21.000
   305:       22.000       21.000       22.000       18.000       14.000
   310:       10.000       19.000       11.000        6.000        6.000
   315:        6.000        6.000        6.000        6.000        6.000
   320:        6.000       23.000       23.000       23.000       23.000
   325:       23.000        6.000        6.000        6.000        6.000
   330:        6.000        6.000        6.000       23.000        6.000
   335:        6.000        6.000        6.000        6.000        6.000
   340:        6.000        6.000        6.000        6.000        6.000
   345:        6.000        6.000        6.000        6.000        6.000
   350:        6.000        6.000        6.000        6.000        6.000
   355:        6.000        6.000        6.000        6.000        6.000
   360:        6.000        6.000        6.000        6.000        6.000
   365:        6.000        6.000        6.000        6.000        6.000
   370:        6.000        6.000        6.000        6.000        6.000
   375:        6.000        6.000        6.000        6.000        6.000
   380:        6.000        6.000        6.000        6.000        6.000
   385:        6.000        6.000        6.000        6.000        6.000
   390:        6.000        6.000        6.000        6.000        6.000
   395:        6.000        6.000        6.000        6.000        6.000
   400:        6.000        6.000        6.000        6.000        6.000
   405:        6.000        6.000        6.000        6.000        6.000
   410:        6.000        6.000        6.000        6.000        6.000
   415:        6.000        6.000        6.000        6.000        6.000
   420:        6.000        6.000        6.000        6.000        6.000
   425:        6.000        6.000        6.000        6.000        6.000
   430:        6.000        6.000        6.000        6.000        6.000
   435:        6.000        6.000        6.000        6.000        6.000
   440:        6.000        6.000        6.000        6.000        6.000
   445:        6.000        6.000        6.000        6.000        6.000
   450:        6.000        6.000        6.000        6.000        6.000
   455:        6.000        6.000        6.000        6.000        6.000
   460:        6.000        6.000        6.000        6.000        6.000
   465:        6.000        6.000        6.000        6.000        6.000
   470:        2.000        4.000       22.000       24.000       12.000
   475:       13.000        8.000        5.000       17.000       18.000
   480:       14.000       10.000       19.000       11.000        6.000
   485:        6.000        6.000        6.000        6.000        6.000
   490:        6.000        6.000        6.000        6.000        2.000
   495:        4.000       22.000       24.000       12.000       13.000
   500:        8.000        5.000       17.000       18.000       14.000
   505:       10.000       19.000       11.000        2.000        4.000
   510:       22.000       24.000       12.000       13.000        8.000
   515:        5.000       17.000       21.000       22.000       18.000
   520:       14.000       10.000       19.000       11.000        6.000
   525:        2.000        4.000       22.000       24.000       12.000
   530:       13.000        8.000        5.000       17.000       21.000
   535:       22.000       18.000       14.000       10.000       19.000
   540:       11.000        2.000        4.000       22.000       24.000
   545:       12.000       13.000        8.000        5.000       17.000
   550:       21.000       22.000        6.000       18.000       14.000
   555:       10.000       19.000       11.000        6.000        6.000
   560:        6.000        6.000        6.000        6.000        6.000
   565:        6.000        6.000        6.000        6.000        6.000
   570:        6.000        6.000        6.000        6.000        6.000
   575:        6.000        6.000        6.000        6.000        6.000
   580:        6.000        6.000        6.000        6.000        6.000
   585:        6.000        6.000        6.000        6.000        6.000
   590:        6.000        6.000        6.000        6.000        6.000
   595:        6.000        6.000        6.000        6.000        6.000
   600:        6.000        6.000        6.000        6.000        6.000
   605:        6.000        6.000        6.000        6.000        6.000
   610:        6.000        6.000        6.000        6.000        6.000
   615:        6.000        6.000        6.000        6.000        6.000
   620:        6.000        6.000        6.000        6.000        6.000
   625:        6.000        6.000        6.000        6.000        6.000
   630:        6.000        6.000        6.000        6.000        6.000
   635:        6.000        6.000        6.000        6.000        6.000
   640:        6.000        6.000        6.000        6.000        6.000
   645:        6.000        6.000        6.000        6.000        6.000
   650:        6.000        6.000        6.000        6.000        6.000
   655:        6.000        6.000        6.000        6.000        6.000
   660:        6.000        6.000        6.000        6.000        6.000
   665:        6.000        6.000        6.000        6.000        6.000
   670:        6.000        6.000        6.000        6.000        6.000
   675:        6.000        6.000        6.000        6.000        6.000
   680:        6.000        6.000        6.000        6.000        6.000
   685:        2.000        4.000       22.000       24.000       12.000
   690:       13.000        8.000        5.000       17.000       18.000
   695:       14.000       10.000       19.000       11.000        2.000
   700:        4.000       22.000       24.000       12.000       13.000
   705:        8.000        5.000       17.000       18.000       14.000
   710:       10.000        6.000       19.000       11.000        2.000
   715:        4.000       22.000       24.000       12.000       13.000
   720:        8.000        5.000       17.000       21.000       22.000
   725:       21.000       22.000       18.000       14.000       10.000
   730:       19.000       11.000        2.000        4.000       22.000
   735:       24.000       12.000       13.000        8.000        5.000
   740:       17.000       21.000       22.000       21.000       22.000
   745:       18.000       14.000       10.000       19.000       11.000
   750:        6.000        6.000        6.000        6.000        6.000
   755:        6.000        6.000        6.000        6.000        6.000
   760:        6.000        6.000        6.000        6.000        6.000
   765:        6.000        6.000        6.000        6.000        6.000
   770:        6.000        6.000        6.000        6.000        6.000
   775:        6.000        6.000        6.000        6.000        6.000
   780:        6.000        6.000        6.000        6.000       23.000
   785:       23.000       23.000       23.000       23.000       23.000
   790:       23.000        6.000       23.000        6.000        6.000
   795:       23.000       23.000        6.000        6.000       23.000
   800:       23.000       23.000        6.000        2.000        4.000
   805:       22.000       24.000       12.000       13.000        8.000
   810:        5.000       17.000       18.000       14.000       10.000
   815:       21.000       22.000       19.000       11.000        6.000
   820:        6.000        6.000        6.000        6.000        6.000
   825:        6.000        6.000        6.000        6.000        6.000
   830:        6.000        6.000        6.000        6.000        6.000
   835:        6.000        6.000        6.000        6.000        6.000
   840:        6.000        6.000        6.000        6.000        6.000
   845:        6.000        6.000        6.000        6.000        6.000
   850:        6.000        6.000        6.000        6.000        6.000
   855:        6.000        6.000        6.000        6.000        6.000
   860:        6.000        6.000        6.000        6.000        6.000
   865:        6.000        6.000        6.000        6.000        6.000
   870:        6.000        6.000        6.000        6.000        6.000
   875:        6.000        6.000        6.000        6.000        6.000
   880:        6.000        6.000        6.000        6.000        6.000
   885:        6.000        6.000        6.000        6.000        6.000
   890:        6.000        6.000        6.000        6.000        6.000
   895:        6.000        6.000        6.000        6.000        6.000
   900:        6.000        6.000        6.000        6.000        6.000
   905:        6.000        6.000        6.000        6.000        6.000
   910:        6.000        6.000        6.000        6.000        6.000
   915:        6.000        6.000        6.000        6.000        6.000
   920:        6.000        6.000        6.000        6.000        6.000
   925:        6.000        6.000        6.000        6.000        6.000
   930:        6.000        6.000        6.000        6.000        6.000
   935:        6.000        6.000        6.000        6.000        6.000
   940:        6.000        6.000        6.000        6.000        6.000
   945:        6.000        6.000        6.000        6.000        6.000
   950:        6.000        6.000        6.000        6.000        6.000
   955:        6.000        2.000        4.000       22.000       24.000
   960:       12.000       13.000        8.000        5.000       17.000
   965:       18.000       14.000       10.000        6.000       19.000
   970:       11.000        6.000        6.000        6.000        6.000
   975:        6.000        6.000        6.000        6.000        6.000
   980:        6.000        6.000        6.000        6.000        6.000
   985:        6.000        2.000        4.000       22.000       24.000
   990:       12.000       13.000        8.000        5.000       17.000
   995:       18.000       14.000       10.000       19.000       11.000
  1000:        6.000      100.000
T:
     0:        0.000        0.000        0.000        0.000       10.670
     5:       11.450       11.480       98.420       98.420       98.420
    10:       98.430       98.430       98.430       98.430       98.430
    15:       98.430      100.260      102.430      103.430      103.430
    20:      108.420      108.430      143.510      148.290      148.890
    25:      159.910      160.710      189.830      189.830      189.830
    30:      189.840      189.840      189.840      189.840      189.840
    35:      189.840      193.840      194.840      194.840      199.830
    40:      199.840      213.350      213.350      213.350      213.360
    45:      213.360      213.360      213.360      213.360      213.360
    50:      214.190      216.580      216.580      217.360      218.360
    55:      218.360      218.610      218.610      221.530      221.530
    60:      223.350      223.360      297.140      308.700      586.230
    65:      586.800      812.680      816.930     1053.640     1259.580
    70:     1314.800     1322.310     1325.250     1326.830     1328.120
    75:     1328.470     1328.540     1330.750     1331.150     1333.090
    80:     1336.130     1336.780     1337.540     1338.750     1338.890
    85:     1340.800     1347.070     1352.160     1353.900     1354.390
    90:     1359.000     1360.640     1361.310     1361.740     1362.290
    95:     1362.740     1363.280     1387.010     1405.230     1447.250
   100:     1447.890     1447.920     1448.300     1449.460     1449.600
   105:     1449.740     1914.650     1935.680     1978.230     1982.390
   110:     1983.960     1984.200     1986.920     1988.100     1990.090
   115:     1990.590     1994.350     2000.990     2024.170     2030.400
   120:     2044.580     2115.190     2253.380     2284.240     2284.240
   125:     2284.240     2284.250     2284.250     2284.250     2284.250
   130:     2284.250     2284.250     2286.760     2286.760     2288.250
   135:     2289.250     2289.250     2292.300     2294.240     2294.250
   140:     2297.050     2297.050     2297.050     2297.060     2297.060
   145:     2297.060     2297.060     2297.060     2297.060     2298.980
   150:     2298.980     2301.060     2302.060     2302.060     2305.510
   155:     2305.850     2307.050     2307.060     2309.070     2309.350
   160:     2309.420     2312.480     2317.240     2317.240     2317.240
   165:     2317.250     2317.250     2317.250     2317.250     2317.250
   170:     2317.250     2321.250     2322.250     2322.250     2327.240
   175:     2327.250     2346.770     2346.770     2346.770     2346.780
   180:     2346.780     2346.780     2346.780     2346.780     2346.780
   185:     2347.730     2347.730     2349.240     2349.240     2349.530
   190:     2349.530     2350.780     2351.780     2351.780     2352.870
   195:     2356.770     2356.780     2358.770     2360.770     2360.990
   200:     2361.040     2361.270     2370.770     2370.890     2382.660
   205:     2382.660     2382.660     2382.670     2382.670     2382.670
   210:     2382.670     2382.670     2382.670     2385.430     2385.430
   215:     2385.960     2385.960     2386.670     2387.670     2387.670
   220:     2392.660     2392.670     2442.240     2489.680     2499.150
   225:     2546.170     3504.390     3544.840     3547.950     3558.710
   230:     3558.710     3558.710     3558.720     3558.720     3558.720
   235:     3558.720     3558.720     3558.720     3560.810     3562.720
   240:     3563.720     3563.720     3568.710     3568.720     3571.090
   245:     3571.350     3673.330     3706.190     3757.910     3776.630
   250:     3891.840     3947.770     3947.990     3950.050     3987.490
   255:     3989.540     3989.820     3993.890     3993.890     3993.890
   260:     3993.900     3993.900     3993.900     3993.900     3993.900
   265:     3993.900     3997.900     3998.900     3998.900     4000.330
   270:     4000.330     4003.890     4003.900     4088.240     4135.830
   275:     4143.400     4144.170     4148.040     4148.110     4153.160
   280:     4182.470     4222.720     4227.600     4237.810     4240.470
   285:     4262.310     4326.660     4344.110     4370.240     4370.930
   290:     4373.510     4374.170     4375.310     4379.210     4384.870
   295:     4391.240     4391.240     4391.240     4391.250     4391.250
   300:     4391.250     4391.250     4391.250     4391.250     4391.970
   305:     4391.970     4392.600     4392.600     4395.250     4396.250
   310:     4396.250     4401.240     4401.250     4404.730     4499.720
   315:     4505.590     4506.490     4509.420     4509.750     4510.040
   320:     4526.910     4604.480     4605.200     4606.190     4607.840
   325:     4608.520     4613.030     4629.680     4636.300     4651.270
   330:     4652.370     4652.880     4653.420     4811.080     4829.520
   335:     4832.110     4832.550     5007.690     5011.350     5035.320
   340:     5037.450     5037.880     5038.400     5088.730     5163.210
   345:     5252.330     5318.950     5333.760     5334.530     5336.520
   350:     5336.990     5338.220     5342.920     5343.830     5344.760
   355:     5349.810     5353.800     5354.890     5354.970     5355.010
   360:     5355.730     5355.940     5356.050     5356.130     5356.640
   365:     5356.830     5356.940     5357.020     5357.150     5357.490
   370:     5357.510     5357.830     5357.870     5362.140     5364.950
   375:     5383.870     5414.140     5805.030     5805.820     5807.000
   380:     5807.260     5807.390     5807.790     5808.460     5809.070
   385:     5809.160     5810.760     5816.930     5816.970     5821.390
   390:     5852.700     5856.030     5857.860     5858.370     5862.990
   395:     5863.870     5864.390     5864.640     5864.690     5864.710
   400:     5864.740     5869.820     5869.950     5870.380     5878.110
   405:     5879.170     5883.740     5885.230     5885.900     5886.560
   410:     5887.630     5889.940     5891.280     5891.400     5891.530
   415:     5891.810     5891.900     5893.920     5901.570     5902.130
   420:     5902.230     5906.350     5908.460     5908.880     5938.240
   425:     5938.470     5938.840     5939.120     5939.360     5939.760
   430:     5940.210     5940.300     5941.130     5944.160     5965.010
   435:     5965.310     5969.750     5969.810     5972.860     5974.640
   440:     6017.500     6020.210     6020.280     6023.210     6024.710
   445:     6025.890     6026.490     6026.850     6027.680     6029.110
   450:     6040.690     6053.690     6054.680     6055.700     6061.220
   455:     6061.760     6062.990     6064.240     6064.590     6065.110
   460:     6067.260     6086.200     6087.370     6087.660     6087.890
   465:     6088.950     6090.750     6094.360     6094.630     6095.890
   470:     6099.250     6099.250     6099.250     6099.260     6099.260
   475:     6099.260     6099.260     6099.260     6099.260     6103.260
   480:     6104.260     6104.260     6109.250     6109.260     6111.930
   485:     6116.830     6121.610     6137.460     6146.280     6170.910
   490:     6172.950     6179.080     6184.030     6191.540     6195.430
   495:     6195.430     6195.430     6195.440     6195.440     6195.440
   500:     6195.440     6195.440     6195.440     6199.440     6200.440
   505:     6200.440     6205.430     6205.440     6206.400     6206.400
   510:     6206.400     6206.410     6206.410     6206.410     6206.410
   515:     6206.410     6206.410     6208.030     6208.030     6210.410
   520:     6211.410     6211.410     6216.400     6216.410     6220.180
   525:     6223.110     6223.110     6223.110     6223.120     6223.120
   530:     6223.120     6223.120     6223.120     6223.120     6223.910
   535:     6223.910     6227.120     6228.120     6228.120     6233.110
   540:     6233.120     6239.640     6239.640     6239.640     6239.650
   545:     6239.650     6239.650     6239.650     6239.650     6239.650
   550:     6240.550     6240.550     6243.630     6243.650     6244.650
   555:     6244.650     6249.640     6249.650     6264.180     6272.990
   560:     6276.620     6329.910     6330.380     6332.140     6333.890
   565:     6334.950     6335.200     6336.540     6337.220     6337.420
   570:     6337.590     6337.760     6338.690     6338.860     6338.880
   575:     6339.060     6339.100     6339.240     6347.800     6348.430
   580:     6348.610     6372.210     6375.180     6376.000     6377.270
   585:     6379.520     6383.460     6384.180     6384.340     6492.990
   590:     6513.630     6556.520     6557.110     6557.430     6558.320
   595:     6607.080     6617.940     6618.790     6619.030     6619.210
   600:     6621.930     6623.700     6625.060     6625.130     6625.610
   605:     6625.720     6626.010     6626.570     6626.960     6665.060
   610:     6669.890     6670.190     6670.520     6670.540     6671.250
   615:     6672.080     6672.700     6675.350     6676.940     6883.460
   620:     6900.490     6901.490     6922.180     6930.570     6941.320
   625:     6987.520     6988.600     6989.460     6993.640     6994.730
   630:     6995.400     6996.020     6997.080     6998.770     6999.710
   635:     7002.520     7019.610     7020.910     7022.090     7022.150
   640:     7022.870     7024.330     7025.680     7027.450     7028.900
   645:     7029.060     7029.500     7030.240     7036.540     7037.530
   650:     7038.240     7057.990     7064.340     7064.580     7073.970
   655:     7080.470     7081.360     7081.930     7082.470     7082.750
   660:     7085.840     7086.480     7149.270     7278.430     7297.170
   665:     7310.180     7323.210     7556.890     7559.940     7561.390
   670:     7587.310     7587.590     7588.350     7588.580     7588.950
   675:     7589.510     7591.160     7593.400     7594.480     7601.650
   680:     7602.580     7606.920     7860.420     8023.630     8026.890
   685:     8058.120     8058.120     8058.120     8058.130     8058.130
   690:     8058.130     8058.130     8058.130     8058.130     8062.130
   695:     8063.130     8063.130     8068.120     8068.130     8078.280
   700:     8078.280     8078.280     8078.290     8078.290     8078.290
   705:     8078.290     8078.290     8078.290     8082.290     8083.290
   710:     8083.290     8085.240     8088.280     8088.290     8089.290
   715:     8089.290     8089.290     8089.300     8089.300     8089.300
   720:     8089.300     8089.300     8089.300     8089.860     8089.860
   725:     8092.000     8092.000     8093.300     8094.300     8094.300
   730:     8099.290     8099.300     8108.520     8108.520     8108.520
   735:     8108.530     8108.530     8108.530     8108.530     8108.530
   740:     8108.530     8109.000     8109.000     8109.890     8109.890
   745:     8112.530     8113.530     8113.530     8118.520     8118.530
   750:     8118.700     8119.420     8120.980     8121.290     8121.370
   755:     8123.270     8124.110     8386.690     8388.310     8426.490
   760:     8429.600     8430.010     8430.390     8431.100     8431.260
   765:     8433.210     8437.780     8437.950     8438.010     8438.250
   770:     8439.820     8440.980     8442.000     8443.110     8443.580
   775:     8446.210     8446.720     8446.910     8447.450     8448.460
   780:     8448.980     8449.020     8450.180     8696.690     8725.820
   785:     8728.460     8749.450     8760.740     8776.110     8776.600
   790:     8782.930     8801.100     8814.020     8823.830     8833.010
   795:     8841.460     8842.620     8935.170     8937.940     8978.920
   800:     8981.320     8981.980     9000.310     9005.360     9005.360
   805:     9005.360     9005.370     9005.370     9005.370     9005.370
   810:     9005.370     9005.370     9009.370     9010.370     9010.370
   815:     9014.530     9014.530     9015.360     9015.370     9027.140
   820:     9029.780     9031.380     9032.110     9373.890     9470.020
   825:     9527.930     9532.100     9532.930     9535.640     9536.630
   830:     9538.130     9538.850     9539.170     9539.340     9539.440
   835:     9543.670     9589.600     9634.690     9707.060     9708.410
   840:     9709.370     9710.290     9710.650     9711.550     9711.840
   845:     9712.240     9712.290     9715.500     9716.330     9716.550
   850:     9718.460     9718.770     9721.660     9723.470     9725.050
   855:     9725.090     9725.460     9726.110     9726.480     9727.270
   860:     9728.400     9729.180     9730.260     9757.620     9759.340
   865:     9759.520     9759.650     9759.710     9759.760     9759.860
   870:     9760.510     9766.840     9767.420     9774.030     9774.420
   875:     9775.130     9775.260     9775.410     9776.100     9776.790
   880:     9778.230     9778.530     9806.700     9806.990     9807.310
   885:     9816.860     9817.120     9817.490     9817.780     9818.830
   890:     9851.730     9889.300     9898.730     9909.810     9913.420
   895:     9914.080     9914.180     9916.540     9916.630     9916.710
   900:     9916.750     9922.290     9922.720     9922.800     9978.570
   905:     9979.870     9980.620     9980.810     9981.570     9981.670
   910:     9992.330     9995.220     9995.360     9997.640     9998.230
   915:     9998.540     9998.610     9999.870    10003.860    10004.010
   920:    10004.550    10045.670    10046.510    10046.590    10047.460
   925:    10048.020    10048.050    10049.240    10050.460    10050.880
   930:    10051.040    10051.090    10051.110    10051.740    10052.690
   935:    10052.930    10058.760    10061.690    10062.350    10062.760
   940:    10086.760    10087.780    10091.890    10124.810    10125.170
   945:    10130.390    10131.970    10144.280    10216.710    10543.510
   950:    10550.580    10587.070    10591.520    10623.490    10634.900
   955:    10648.090    10659.500    10659.500    10659.500    10659.510
   960:    10659.510    10659.510    10659.510    10659.510    10659.510
   965:    10663.510    10664.510    10664.510    10668.210    10669.500
   970:    10669.510    10670.180    10677.730    10677.810    10684.870
   975:    10686.710    10686.850    10686.900    10687.500    10690.200
   980:    10690.460    10691.170    10691.340    10691.890    10691.980
   985:    10692.260    10720.070    10720.070    10720.070    10720.080
   990:    10720.080    10720.080    10720.080    10720.080    10720.080
   995:    10724.080    10725.080    10725.080    10730.070    10730.080
  1000:    10758.380    10800.010
