File: C:\MED-PC\Data\2025-04-04_11h54m_Subject 89.txt


Start Date: 04/04/25
End Date: 04/04/25
Subject: 89
Experiment: OralFentSA
Group: One
Box: 5
Start Time: 11:54:26
End Time: 14:55:40
MSN: Golden_Liq_SelfAdmin_EXT
F:       0.000
G:     649.000
H:   10800.000
I:       0.000
J:       0.000
K:       0.000
L:       0.000
M:       0.000
N:       0.000
O:       0.000
P:       0.000
Q:       0.000
R:       0.000
S:       0.000
U:       0.000
V:       0.000
W:       0.000
X:       0.000
Y:       0.000
Z:       0.000
A:
     0:        0.000        0.000      180.000        4.000        0.000
     5:        5.000        0.000        5.000        0.000        0.000
    10:        1.000        0.000       10.000   100000.000       20.000
    15:       25.000      600.000        0.000        0.000        0.000
    20:        0.000
B:
     0:        0.000        0.000        0.000        0.000        0.000
     5:        0.000        0.000        0.000        0.000        0.000
    10:        0.000        0.000     1000.000 10000000.000        0.000
    15:        0.000        0.000        0.000        0.000        0.000
    20:        0.000
C:
     0:        0.000       48.000        7.000       51.000      301.000
     5:    10614.250       34.570       40.000     2337.690       58.442
    10:       51.000        7.000        0.000        0.000        0.000
    15:        0.000        0.000        0.000        0.000        0.000
    20:        0.000
D:
     0:        2.840       19.300        4.950      115.940       76.520
     5:       28.300       23.160       45.970       40.270       67.700
    10:       31.740       14.640      177.800      286.810      150.580
    15:       23.550        9.620      116.240      162.490       34.060
    20:        0.900       58.500      112.120       69.460       37.080
    25:       14.160       41.960       20.560       86.340      139.800
    30:       10.560      154.260       25.080        1.580        4.100
    35:       27.070       26.750        5.750       34.610       34.570
E:
     0:       19.000       11.000       26.000       27.000        6.000
     5:        6.000        6.000        6.000        6.000        6.000
    10:        6.000        6.000        6.000        2.000        4.000
    15:       22.000       24.000       12.000       19.000       11.000
    20:        2.000        4.000       22.000       24.000       12.000
    25:        6.000       19.000       11.000        6.000        6.000
    30:        6.000        2.000        4.000       22.000       24.000
    35:       12.000       19.000       11.000        2.000        4.000
    40:       22.000       24.000       12.000       19.000       11.000
    45:        6.000        6.000        6.000        6.000        6.000
    50:        6.000        2.000        4.000       22.000       24.000
    55:       12.000        6.000       19.000       11.000        1.000
    60:        6.000        6.000        6.000        6.000        2.000
    65:        4.000       22.000       24.000       12.000       19.000
    70:       11.000        6.000        6.000        6.000        6.000
    75:        6.000        6.000        6.000        6.000        6.000
    80:        6.000        6.000        6.000        6.000        2.000
    85:        4.000       22.000       24.000       12.000       19.000
    90:       11.000        6.000        6.000        1.000        6.000
    95:        6.000        6.000        6.000        6.000        6.000
   100:        6.000        6.000        6.000        6.000        6.000
   105:        6.000        6.000        6.000        6.000        6.000
   110:        6.000        6.000        6.000        6.000        6.000
   115:        6.000        6.000        6.000        6.000        6.000
   120:        6.000        6.000        6.000        6.000        6.000
   125:        6.000        6.000        6.000        6.000        6.000
   130:        2.000        4.000       22.000       24.000       12.000
   135:       19.000       11.000        6.000        6.000        6.000
   140:        6.000        6.000        6.000        6.000        6.000
   145:        2.000        4.000       22.000       24.000       12.000
   150:       19.000       11.000        6.000        6.000        6.000
   155:        6.000        6.000        1.000        2.000        4.000
   160:       22.000       24.000       12.000       19.000       11.000
   165:        6.000        2.000        4.000       22.000       24.000
   170:       12.000       21.000       22.000       19.000       11.000
   175:        6.000        2.000        4.000       22.000       24.000
   180:       12.000       19.000       11.000        6.000        6.000
   185:        6.000        2.000        4.000       22.000       24.000
   190:       12.000       19.000       11.000        6.000        6.000
   195:        6.000        6.000        2.000        4.000       22.000
   200:       24.000       12.000       19.000       11.000        6.000
   205:        2.000        4.000       22.000       24.000       12.000
   210:       19.000       11.000        6.000        2.000        4.000
   215:       22.000       24.000       12.000       19.000       11.000
   220:        6.000        6.000        6.000        6.000        6.000
   225:        6.000        6.000        6.000        6.000        6.000
   230:        6.000        6.000        6.000        6.000        6.000
   235:        6.000        6.000        6.000        2.000        4.000
   240:       22.000       24.000       12.000       19.000       11.000
   245:        6.000        6.000        6.000        6.000        6.000
   250:        6.000        6.000        6.000        6.000        2.000
   255:        4.000       22.000       24.000       12.000       19.000
   260:       11.000        2.000        4.000       22.000       24.000
   265:       12.000       19.000       11.000        6.000        6.000
   270:        2.000        4.000       22.000       24.000       12.000
   275:       21.000       22.000        6.000       19.000       11.000
   280:        6.000        2.000        4.000       22.000       24.000
   285:       12.000       19.000       11.000        6.000        6.000
   290:        6.000        6.000        6.000        6.000        6.000
   295:        2.000        4.000       22.000       24.000       12.000
   300:       21.000       22.000       19.000       11.000        6.000
   305:        6.000        6.000        2.000        4.000       22.000
   310:       24.000       12.000       19.000       11.000        6.000
   315:        6.000        6.000        6.000        6.000        6.000
   320:        6.000        6.000        6.000        6.000        6.000
   325:        6.000        6.000        6.000        6.000        6.000
   330:        6.000        6.000        6.000        6.000        6.000
   335:        6.000        6.000        2.000        4.000       22.000
   340:       24.000       12.000        6.000        6.000        6.000
   345:        6.000       19.000       11.000        6.000        6.000
   350:        6.000        6.000        6.000        6.000        6.000
   355:        6.000        6.000        6.000        6.000        6.000
   360:        6.000        6.000        6.000        6.000        6.000
   365:        6.000        6.000        6.000        6.000        6.000
   370:        6.000        6.000        6.000        6.000        2.000
   375:        4.000       22.000       24.000       12.000       19.000
   380:       11.000        6.000        6.000        2.000        4.000
   385:       22.000       24.000       12.000       19.000       11.000
   390:        6.000        6.000        6.000        6.000        6.000
   395:        6.000        6.000        2.000        4.000       22.000
   400:       24.000       12.000       19.000       11.000        6.000
   405:        6.000        6.000        2.000        4.000       22.000
   410:       24.000       12.000       19.000       11.000        6.000
   415:        6.000        2.000        4.000       22.000       24.000
   420:       12.000       19.000       11.000        6.000        6.000
   425:        6.000        6.000        6.000        6.000        6.000
   430:        6.000        6.000        1.000        1.000        6.000
   435:        2.000        4.000       22.000       24.000       12.000
   440:       19.000       11.000        6.000        6.000        6.000
   445:        6.000        2.000        4.000       22.000       24.000
   450:       12.000       19.000       11.000        6.000        6.000
   455:        6.000        6.000        6.000        6.000        6.000
   460:        6.000        6.000        6.000        6.000        2.000
   465:        4.000       22.000       24.000       12.000       21.000
   470:       22.000       19.000       11.000        6.000        6.000
   475:        6.000        6.000        6.000        6.000        6.000
   480:        6.000        6.000        6.000        6.000        6.000
   485:        6.000        6.000        2.000        4.000       22.000
   490:       24.000       12.000       19.000       11.000        6.000
   495:        6.000        2.000        4.000       22.000       24.000
   500:       12.000       19.000       11.000        6.000        2.000
   505:        4.000       22.000       24.000       12.000       19.000
   510:       11.000        6.000        2.000        4.000       22.000
   515:       24.000       12.000       19.000       11.000        2.000
   520:        4.000       22.000       24.000       12.000       19.000
   525:       11.000        6.000        6.000        6.000        6.000
   530:        6.000        6.000        6.000        6.000        6.000
   535:        6.000        6.000        1.000        2.000        4.000
   540:       22.000       24.000       12.000        6.000        6.000
   545:       19.000       11.000        6.000        6.000        6.000
   550:        6.000        6.000        2.000        4.000       22.000
   555:       24.000       12.000       19.000       11.000        2.000
   560:        4.000       22.000       24.000       12.000        6.000
   565:       19.000       11.000        6.000        6.000        6.000
   570:        6.000        6.000        6.000        2.000        4.000
   575:       22.000       24.000       12.000       19.000       11.000
   580:        6.000        6.000        6.000        2.000        4.000
   585:       22.000       24.000       12.000       19.000       11.000
   590:        2.000        4.000       22.000       24.000       12.000
   595:       19.000       11.000        6.000        6.000        6.000
   600:        2.000        4.000       22.000       24.000       12.000
   605:       19.000       11.000        2.000        4.000       22.000
   610:       24.000       12.000        6.000        6.000       19.000
   615:       11.000        6.000        6.000        6.000        6.000
   620:        6.000        6.000        6.000        6.000        6.000
   625:        6.000        6.000        6.000        6.000        2.000
   630:        4.000       22.000       24.000       12.000       19.000
   635:       11.000        1.000        6.000        6.000        6.000
   640:        2.000        4.000       22.000       24.000       12.000
   645:       19.000       11.000        6.000        6.000      100.000
T:
     0:        0.000        0.000        0.000        0.000        2.840
     5:        3.120        3.330       36.630      116.340      218.160
    10:      218.630      235.020      330.440      343.060      343.060
    15:      343.060      343.070      343.070      353.060      353.070
    20:      360.400      360.400      360.400      360.410      360.410
    25:      363.250      370.400      370.410      436.790      486.890
    30:      500.750      522.740      522.740      522.740      522.750
    35:      522.750      532.740      532.750      682.960      682.960
    40:      682.960      682.970      682.970      692.960      692.970
    45:      702.270      753.120      753.220      754.410      755.370
    50:      757.210      771.940      771.940      771.940      771.950
    55:      771.950      776.900      781.940      781.950      937.690
    60:      959.200      991.220      991.730      993.370     1035.390
    65:     1035.390     1035.390     1035.400     1035.400     1045.390
    70:     1045.400     1151.340     1152.200     1152.260     1153.890
    75:     1191.730     1209.190     1210.340     1211.170     1212.070
    80:     1220.710     1220.870     1237.910     1244.460     1249.610
    85:     1249.610     1249.610     1249.620     1249.620     1259.610
    90:     1259.620     1326.140     1607.100     1661.780     1675.230
    95:     1731.530     1735.520     1735.730     1737.710     1749.440
   100:     1805.860     1807.130     1812.110     1812.540     1813.820
   105:     1819.890     1822.090     1823.970     1833.950     1834.500
   110:     1835.990     1845.480     1853.640     1855.680     1885.100
   115:     1886.210     1918.810     1935.970     1949.150     1957.270
   120:     1965.790     1984.200     1991.690     1993.630     1994.680
   125:     1994.880     2011.470     2207.580     2227.900     2258.330
   130:     2354.740     2354.740     2354.740     2354.750     2354.750
   135:     2364.740     2364.750     2383.050     2384.180     2387.350
   140:     2432.670     2455.640     2504.380     2505.190     2538.470
   145:     2595.600     2595.600     2595.600     2595.610     2595.610
   150:     2605.600     2605.610     2618.770     2781.910     2782.330
   155:     2859.360     2886.480     2918.530     2929.880     2929.880
   160:     2929.880     2929.890     2929.890     2939.880     2939.890
   165:     2975.860     3036.920     3036.920     3036.920     3036.930
   170:     3036.930     3042.730     3042.730     3046.920     3046.930
   175:     3077.200     3264.630     3264.630     3264.630     3264.640
   180:     3264.640     3274.630     3274.640     3332.340     3355.100
   185:     3522.830     3547.360     3547.360     3547.360     3547.370
   190:     3547.370     3557.360     3557.370     3579.110     3580.660
   195:     3644.540     3670.760     3743.060     3743.060     3743.060
   200:     3743.070     3743.070     3753.060     3753.070     3757.710
   205:     4039.860     4039.860     4039.860     4039.870     4039.870
   210:     4049.860     4049.870     4217.670     4403.250     4403.250
   215:     4403.250     4403.260     4403.260     4413.250     4413.260
   220:     4690.070     4690.140     4722.580     4725.660     4733.650
   225:     4738.150     4739.080     4742.640     4742.940     4743.060
   230:     4743.220     4749.250     4755.670     4757.220     4757.280
   235:     4761.840     4762.320     4785.580     4791.600     4791.600
   240:     4791.600     4791.610     4791.610     4801.600     4801.610
   245:     4942.190     4968.510     5104.860     5104.960     5106.740
   250:     5115.180     5121.690     5138.530     5144.550     5153.450
   255:     5153.450     5153.450     5153.460     5153.460     5163.450
   260:     5163.460     5215.230     5215.230     5215.230     5215.240
   265:     5215.240     5225.230     5225.240     5238.790     5249.730
   270:     5256.780     5256.780     5256.780     5256.790     5256.790
   275:     5261.400     5261.400     5266.410     5266.780     5266.790
   280:     5267.750     5320.980     5320.980     5320.980     5320.990
   285:     5320.990     5330.980     5330.990     5437.230     5487.000
   290:     5490.030     5578.280     5643.230     5644.680     5649.210
   295:     5653.130     5653.130     5653.130     5653.140     5653.140
   300:     5656.520     5656.520     5663.130     5663.140     5815.630
   305:     5816.900     5951.770     5992.180     5992.180     5992.180
   310:     5992.190     5992.190     6002.180     6002.190     6026.250
   315:     6038.340     6045.030     6049.250     6049.950     6052.650
   320:     6053.490     6054.520     6056.200     6058.450     6059.970
   325:     6064.670     6065.130     6068.650     6069.200     6069.330
   330:     6069.380     6070.280     6071.570     6075.270     6075.790
   335:     6076.560     6078.000     6080.890     6080.890     6080.890
   340:     6080.900     6080.900     6081.800     6082.290     6082.860
   345:     6083.910     6090.890     6090.900     6094.890     6096.030
   350:     6097.380     6098.820     6100.630     6105.940     6110.750
   355:     6113.330     6139.830     6139.940     6142.710     6166.070
   360:     6178.420     6180.140     6184.540     6186.140     6188.570
   365:     6191.290     6217.660     6232.560     6241.320     6260.370
   370:     6260.620     6308.520     6356.560     6360.810     6373.490
   375:     6373.490     6373.490     6373.500     6373.500     6383.490
   380:     6383.500     6432.000     6432.700     6471.830     6471.830
   385:     6471.830     6471.840     6471.840     6481.830     6481.840
   390:     6583.960     6742.980     6752.980     6788.320     6856.490
   395:     6859.740     6865.480     6870.380     6870.380     6870.380
   400:     6870.390     6870.390     6880.380     6880.390     6939.850
   405:     6945.840     7112.150     7125.470     7125.470     7125.470
   410:     7125.480     7125.480     7135.470     7135.480     7162.560
   415:     7167.740     7186.040     7186.040     7186.040     7186.050
   420:     7186.050     7196.040     7196.050     7200.210     7200.580
   425:     7341.620     7343.810     7344.210     7355.030     7458.480
   430:     7476.140     7579.660     7644.860     7646.050     7665.270
   435:     7719.970     7719.970     7719.970     7719.980     7719.980
   440:     7729.970     7729.980     7761.940     7763.280     7901.960
   445:     8093.330     8181.140     8181.140     8181.140     8181.150
   450:     8181.150     8191.140     8191.150     8201.710     8310.830
   455:     8328.800     8333.860     8335.910     8337.250     8340.400
   460:     8384.680     8399.900     8432.740     8461.160     8499.740
   465:     8499.740     8499.740     8499.750     8499.750     8507.740
   470:     8507.740     8509.740     8509.750     8586.090     8622.600
   475:     8632.820     8642.320     8658.540     8659.040     8659.450
   480:     8659.670     8660.520     8666.210     8736.400     8737.190
   485:     8821.820     8841.530     8853.100     8853.100     8853.100
   490:     8853.110     8853.110     8863.100     8863.110     8992.910
   495:     9005.540     9009.010     9009.010     9009.010     9009.020
   500:     9009.020     9019.010     9019.020     9019.580     9142.790
   505:     9142.790     9142.790     9142.800     9142.800     9152.790
   510:     9152.800     9297.060     9357.180     9357.180     9357.180
   515:     9357.190     9357.190     9367.180     9367.190     9376.720
   520:     9376.720     9376.720     9376.730     9376.730     9386.720
   525:     9386.730     9401.810     9403.320     9405.290     9467.050
   530:     9474.030     9476.650     9486.140     9492.880     9494.170
   535:     9495.520     9500.180     9508.170     9511.120     9511.120
   540:     9511.120     9511.130     9511.130     9512.710     9512.790
   545:     9521.120     9521.130     9527.490     9535.800     9542.510
   550:     9543.580     9545.200     9567.590     9567.590     9567.590
   555:     9567.600     9567.600     9577.590     9577.600     9586.080
   560:     9586.080     9586.080     9586.090     9586.090     9590.190
   565:     9596.080     9596.090     9627.060     9632.550     9658.380
   570:     9659.090     9732.810     9733.020     9889.000     9889.000
   575:     9889.000     9889.010     9889.010     9899.000     9899.010
   580:     9916.080     9933.030     9939.940    10041.020    10041.020
   585:    10041.020    10041.030    10041.030    10051.020    10051.030
   590:    10161.610    10161.610    10161.610    10161.620    10161.620
   595:    10171.610    10171.620    10188.370    10197.050    10206.720
   600:    10237.090    10237.090    10237.090    10237.100    10237.100
   605:    10247.090    10247.100    10253.920    10253.920    10253.920
   610:    10253.930    10253.930    10259.680    10261.160    10263.920
   615:    10263.930    10285.480    10329.230    10385.700    10401.810
   620:    10409.940    10411.020    10425.660    10476.480    10483.340
   625:    10522.250    10529.220    10530.970    10535.740    10568.860
   630:    10568.860    10568.860    10568.870    10568.870    10578.860
   635:    10578.870    10583.070    10603.480    10604.280    10610.100
   640:    10614.240    10614.240    10614.240    10614.250    10614.250
   645:    10624.240    10624.250    10648.820    10789.010    10800.000
