File: C:\MED-PC\Data\2025-03-12_12h38m_Subject 94.txt


Start Date: 03/12/25
End Date: 03/12/25
Subject: 94
Experiment: OralFentSA
Group: One
Box: 11
Start Time: 12:38:13
End Time: 15:38:18
MSN: 20241014_Golden_Liq_SelfAdmin
F:       0.000
G:     708.000
H:   10800.000
I:       0.000
J:       0.000
K:       0.000
L:       0.000
M:       0.000
N:       0.000
O:       0.000
P:       0.000
Q:       0.000
R:       0.000
S:       0.000
U:       0.000
V:       0.000
W:       0.000
X:       0.000
Y:       0.000
Z:       0.000
A:
     0:        0.000        0.000      180.000        4.000        0.000
     5:        5.000        0.000        5.000        0.000        0.000
    10:        1.000        0.000       10.000  3000000.000       16.000
    15:        8.000      640.000        0.000        0.000        0.000
    20:        0.000
B:
     0:        0.000        0.000        0.000      400.000        0.000
     5:      500.000        0.000      500.000        0.000        0.000
    10:        0.000        0.000     1000.000 300000000.000        0.000
    15:        0.000        0.000        0.000        0.000        0.000
    20:        0.000
C:
     0:       12.000       13.000       55.000       16.000      473.000
     5:     9988.970        0.530       12.000      195.590       16.299
    10:       16.000       55.000        0.000        0.000        0.000
    15:        0.000        0.000        0.000        0.000        0.000
    20:        0.000
D:
     0:        6.840       98.370        4.440        5.090       32.700
     5:       29.020        9.570        2.440        4.810        0.420
    10:        1.360        0.530
E:
     0:       19.000       11.000       26.000       27.000        2.000
     5:        4.000       22.000       24.000       12.000       13.000
    10:        8.000        5.000       17.000       18.000       14.000
    15:       10.000        6.000       19.000       11.000        6.000
    20:        6.000        6.000        6.000        6.000        6.000
    25:        6.000        6.000        6.000        6.000        6.000
    30:        6.000        6.000        6.000        6.000        6.000
    35:        6.000        1.000        6.000        6.000        6.000
    40:        6.000        6.000        6.000        6.000        6.000
    45:        6.000        1.000        1.000        2.000        4.000
    50:       22.000       24.000       12.000       13.000        8.000
    55:        5.000       17.000       18.000       14.000       10.000
    60:       19.000       11.000        6.000        6.000        6.000
    65:        6.000        6.000        6.000        6.000        6.000
    70:        6.000        6.000        6.000        6.000        6.000
    75:        6.000        6.000        6.000        6.000        6.000
    80:        6.000        6.000        6.000        6.000        6.000
    85:        6.000        6.000        6.000        6.000        6.000
    90:        6.000        6.000        1.000        6.000        6.000
    95:        6.000        6.000        6.000        6.000        6.000
   100:        6.000        6.000        6.000        6.000        6.000
   105:        6.000        6.000        6.000        6.000        6.000
   110:        6.000        6.000        6.000        6.000        6.000
   115:        6.000        2.000        4.000       22.000       24.000
   120:       12.000       13.000        8.000        5.000       17.000
   125:       18.000        6.000       14.000       10.000        6.000
   130:       21.000       22.000       19.000       11.000        2.000
   135:        4.000       22.000       24.000       12.000       13.000
   140:        8.000        5.000       17.000       18.000       14.000
   145:       10.000        6.000       19.000       11.000        6.000
   150:        6.000        6.000        6.000        6.000        6.000
   155:        6.000        6.000        6.000        6.000        6.000
   160:        6.000        6.000        6.000        6.000        6.000
   165:        6.000        6.000        6.000        6.000        6.000
   170:        6.000        6.000        6.000        6.000        6.000
   175:        6.000        6.000        6.000        6.000        6.000
   180:        1.000        1.000        1.000        1.000        6.000
   185:        6.000        6.000        6.000        6.000        6.000
   190:        1.000        1.000        6.000        6.000        6.000
   195:        6.000        1.000        1.000        1.000        6.000
   200:        6.000        6.000        6.000        6.000        6.000
   205:        6.000        1.000        6.000        6.000        6.000
   210:        1.000        6.000        6.000        6.000        6.000
   215:        6.000        6.000        6.000        6.000        6.000
   220:        6.000        6.000        2.000        4.000       22.000
   225:       24.000       12.000       13.000        8.000        5.000
   230:       17.000       18.000       14.000       10.000       19.000
   235:       11.000        6.000        6.000        6.000        6.000
   240:        6.000        6.000        2.000        4.000       22.000
   245:       24.000       12.000       13.000        8.000        5.000
   250:       17.000       21.000       22.000       18.000       14.000
   255:       10.000       19.000       11.000        6.000        6.000
   260:        6.000        2.000        4.000       22.000       24.000
   265:       12.000       13.000        8.000        5.000       17.000
   270:       21.000       22.000       18.000       14.000       10.000
   275:        6.000        6.000       19.000       11.000        6.000
   280:        1.000        1.000        6.000        6.000        6.000
   285:        6.000        6.000        6.000        6.000        6.000
   290:        6.000        6.000        6.000        6.000        6.000
   295:        6.000        6.000        6.000        6.000        6.000
   300:        6.000        6.000        6.000        6.000        6.000
   305:        6.000        6.000        6.000        6.000        6.000
   310:        6.000        6.000        6.000        6.000        6.000
   315:        6.000        6.000        6.000        6.000        6.000
   320:        6.000        6.000        6.000        6.000        6.000
   325:        6.000        6.000        6.000        6.000        6.000
   330:        6.000        6.000        6.000        6.000        6.000
   335:        6.000        6.000        6.000        2.000        4.000
   340:       22.000       24.000       12.000       13.000        8.000
   345:        5.000       17.000        6.000        6.000        6.000
   350:        6.000        6.000       18.000       14.000       10.000
   355:       19.000       11.000        1.000        6.000        6.000
   360:        6.000        6.000        6.000        6.000        6.000
   365:        6.000        6.000        6.000        6.000        6.000
   370:        6.000        6.000        6.000        6.000        6.000
   375:        6.000        6.000        6.000        6.000        6.000
   380:        6.000        6.000        6.000        6.000        6.000
   385:        1.000        1.000        6.000        6.000        6.000
   390:        6.000        6.000        6.000        6.000        6.000
   395:        6.000        6.000        6.000        1.000        6.000
   400:        1.000        1.000        6.000        6.000        6.000
   405:        6.000        6.000        6.000        6.000        6.000
   410:        6.000        6.000        6.000        6.000        6.000
   415:        6.000        6.000        6.000        6.000        6.000
   420:        6.000        6.000        1.000        6.000        6.000
   425:        6.000        6.000        6.000        6.000        6.000
   430:        6.000        2.000        4.000       22.000       24.000
   435:       12.000       13.000        8.000        5.000       17.000
   440:       18.000        6.000       14.000       10.000        6.000
   445:       19.000       11.000        6.000        6.000        6.000
   450:        6.000        6.000        6.000        6.000        6.000
   455:        6.000        6.000        6.000        6.000        6.000
   460:        6.000        6.000        6.000        6.000        6.000
   465:        6.000        6.000        6.000        6.000        6.000
   470:        6.000        6.000        6.000        1.000        1.000
   475:        1.000        6.000        1.000        1.000        1.000
   480:        1.000        1.000        1.000        1.000        1.000
   485:        1.000        1.000        1.000        6.000        6.000
   490:        1.000        6.000        6.000        6.000        6.000
   495:        6.000        1.000        6.000        6.000        6.000
   500:        6.000        1.000        6.000        6.000        6.000
   505:        6.000        6.000        6.000        6.000        6.000
   510:        6.000        6.000        6.000        6.000        6.000
   515:        6.000        6.000        1.000        6.000        6.000
   520:        6.000        6.000        6.000        6.000        6.000
   525:        6.000        6.000        6.000        6.000        6.000
   530:        6.000        6.000        1.000        1.000        6.000
   535:        6.000        6.000        6.000        6.000        6.000
   540:        6.000        1.000        6.000        6.000        6.000
   545:        6.000        6.000        6.000        6.000        6.000
   550:        6.000        6.000        6.000        6.000        6.000
   555:        1.000        6.000        6.000        6.000        6.000
   560:        6.000        6.000        6.000        6.000        6.000
   565:        6.000        6.000        6.000        6.000        1.000
   570:        1.000        6.000        6.000        6.000        6.000
   575:        6.000        6.000        6.000        6.000        6.000
   580:        6.000        6.000        6.000        6.000        6.000
   585:        6.000        6.000        6.000        6.000        6.000
   590:        6.000        6.000        1.000        1.000        6.000
   595:        6.000        6.000        6.000        6.000        6.000
   600:        6.000        6.000        6.000        1.000        6.000
   605:        6.000        6.000        6.000        1.000        6.000
   610:        6.000        6.000        6.000        2.000        4.000
   615:       22.000       24.000       12.000       13.000        8.000
   620:        5.000       17.000        6.000        6.000        6.000
   625:       18.000       14.000       10.000       19.000       11.000
   630:        2.000        4.000       22.000       24.000       12.000
   635:       13.000        8.000        5.000       17.000       21.000
   640:       22.000        6.000        6.000       18.000       14.000
   645:       10.000       19.000       11.000        6.000        2.000
   650:        4.000       22.000       24.000       12.000       13.000
   655:        8.000        5.000       17.000        6.000       18.000
   660:       14.000       10.000       19.000       11.000        6.000
   665:        6.000        6.000        6.000        1.000        1.000
   670:        6.000        6.000        6.000        6.000        6.000
   675:        6.000        6.000        6.000        6.000        6.000
   680:        6.000        6.000        6.000        6.000        6.000
   685:        6.000        6.000        6.000        6.000        6.000
   690:        6.000        6.000        6.000        6.000        6.000
   695:        6.000        6.000        6.000        6.000        6.000
   700:        6.000        6.000        6.000        6.000        1.000
   705:        6.000        6.000        6.000      100.000
T:
     0:        0.000        0.000        0.000        0.000       55.130
     5:       55.130       55.130       55.140       55.140       55.140
    10:       55.140       55.140       55.140       59.140       60.140
    15:       60.140       61.980       65.130       65.140       76.320
    20:       76.740       76.760      120.570      120.790      120.990
    25:      134.870      134.990      135.820      137.310      137.360
    30:      137.610      137.770      197.770      213.010      225.040
    35:      225.100      305.180      344.810      348.530      393.160
    40:      395.150      395.530      395.940      398.220      398.780
    45:      399.450      418.810      419.580      514.660      514.660
    50:      514.660      514.670      514.670      514.670      514.670
    55:      514.670      514.670      518.670      519.670      519.670
    60:      524.660      524.670      613.040      643.240      643.310
    65:      651.830      652.900      693.430      694.490      694.520
    70:      695.720      709.960      710.060      713.260      713.910
    75:      757.300      987.370      988.580      989.510      989.570
    80:      989.590      990.220      990.240     1010.990     1035.870
    85:     1039.590     1039.800     1040.830     1041.010     1041.570
    90:     1042.170     1043.340     1051.330     1227.690     1228.520
    95:     1228.580     1228.750     1228.790     1245.820     1248.410
   100:     1249.220     1249.660     1250.420     1250.580     1250.600
   105:     1251.010     1251.910     1253.200     1256.170     1256.600
   110:     1256.830     1257.910     1268.560     1269.600     1271.000
   115:     1271.030     1290.110     1290.110     1290.110     1290.120
   120:     1290.120     1290.120     1290.120     1290.120     1290.120
   125:     1294.120     1294.560     1295.120     1295.120     1296.640
   130:     1298.870     1298.870     1300.110     1300.120     1320.200
   135:     1320.200     1320.200     1320.210     1320.210     1320.210
   140:     1320.210     1320.210     1320.210     1324.210     1325.210
   145:     1325.210     1325.300     1330.200     1330.210     1333.740
   150:     1333.860     1334.200     1334.220     1334.790     1334.810
   155:     1348.020     1383.880     1421.290     1421.590     1512.190
   160:     1512.230     1515.500     1515.800     1516.680     1517.230
   165:     1519.700     1519.800     1522.960     1523.310     1523.440
   170:     1523.470     1523.570     1523.610     1575.360     1575.430
   175:     1575.460     1575.590     1576.650     1576.770     1628.980
   180:     1698.860     1779.770     1779.920     1780.120     1792.850
   185:     1886.600     1887.300     1973.010     2085.850     2221.880
   190:     2236.470     2237.010     2343.000     2344.390     2348.330
   195:     2349.000     2411.850     2412.120     2468.390     2478.320
   200:     2546.340     2546.800     2550.650     2551.380     2551.910
   205:     2552.000     2637.660     2770.020     2789.560     2790.370
   210:     3073.720     3116.800     3116.880     3121.000     3124.000
   215:     3124.020     3124.230     3124.280     3125.040     3125.580
   220:     3134.070     3134.910     3143.280     3143.280     3143.280
   225:     3143.290     3143.290     3143.290     3143.290     3143.290
   230:     3143.290     3147.290     3148.290     3148.290     3153.280
   235:     3153.290     3175.990     3177.070     3178.360     3179.600
   240:     3180.040     3180.870     3212.040     3212.040     3212.040
   245:     3212.050     3212.050     3212.050     3212.050     3212.050
   250:     3212.050     3214.200     3214.200     3216.050     3217.050
   255:     3217.050     3222.040     3222.050     3241.070     3297.730
   260:     3298.820     3303.110     3303.110     3303.110     3303.120
   265:     3303.120     3303.120     3303.120     3303.120     3303.120
   270:     3305.850     3305.850     3307.120     3308.120     3308.120
   275:     3312.690     3312.960     3313.110     3313.120     3322.720
   280:     3337.490     3338.220     3401.040     3409.710     3422.480
   285:     3433.850     3464.060     3901.290     3901.590     3902.310
   290:     3939.810     3965.700     3969.070     3969.610     3995.560
   295:     3995.610     4050.590     4093.150     4093.220     4093.320
   300:     4093.350     4093.670     4093.860     4094.310     4094.580
   305:     4149.850     4244.480     4248.030     4248.120     4248.500
   310:     4249.020     4249.570     4250.410     4250.530     4250.570
   315:     4250.680     4251.850     4252.080     4252.180     4257.510
   320:     4257.980     4259.580     4259.730     4261.800     4262.630
   325:     4262.700     4264.280     4275.170     4275.780     4275.860
   330:     4276.430     4278.370     4278.990     4279.080     4279.390
   335:     4317.220     4317.260     4318.730     4324.790     4324.790
   340:     4324.790     4324.800     4324.800     4324.800     4324.800
   345:     4324.800     4324.800     4327.240     4328.000     4328.020
   350:     4328.160     4328.220     4328.800     4329.800     4329.800
   355:     4334.790     4334.800     4341.500     4358.290     4359.220
   360:     4383.800     4383.830     4436.150     4436.880     4438.720
   365:     4483.640     4557.830     4558.740     4762.090     4762.610
   370:     4783.020     4785.050     4785.700     4791.160     4791.250
   375:     4792.940     4793.130     4793.350     4793.760     4793.850
   380:     4794.260     4808.150     4811.390     4811.450     4811.980
   385:     4911.720     4911.800     4973.110     5037.630     5051.570
   390:     5052.230     5062.190     5068.590     5068.790     5069.230
   395:     5070.930     5216.160     5217.210     5302.230     5409.740
   400:     5436.960     5439.000     5467.760     5468.980     5513.700
   405:     5514.210     5534.400     5580.710     5581.730     5581.760
   410:     5581.800     5581.850     5585.610     5586.070     5587.900
   415:     5588.650     5593.150     5593.910     5595.360     5595.420
   420:     5595.490     5595.890     5609.630     5712.240     5712.430
   425:     5712.590     5786.330     5787.580     5798.170     5798.700
   430:     5799.210     5801.580     5801.580     5801.580     5801.590
   435:     5801.590     5801.590     5801.590     5801.590     5801.590
   440:     5805.590     5806.400     5806.590     5806.590     5807.110
   445:     5811.580     5811.590     5822.100     5823.160     5823.770
   450:     5823.850     5823.870     5825.920     5826.940     5827.000
   455:     5827.210     5827.300     5827.550     6022.040     6326.360
   460:     6327.510     6354.610     6357.560     6357.600     6389.410
   465:     6390.730     6393.550     6393.860     6393.970     6394.090
   470:     6394.130     6394.150     6395.290     6471.400     6493.760
   475:     6494.250     6606.380     6611.550     6613.420     6645.390
   480:     6668.840     6697.210     6700.450     6706.310     6706.430
   485:     6747.240     6777.600     6777.760     6802.100     6852.630
   490:     6863.310     7061.030     7084.750     7100.670     7126.250
   495:     7164.370     7178.550     7235.250     7235.510     7236.130
   500:     7273.890     7282.900     7378.500     7442.990     7443.100
   505:     7495.860     7496.980     7498.210     7498.260     7498.370
   510:     7498.480     7498.530     7498.610     7553.590     7555.230
   515:     7563.420     7564.570     7600.960     7613.720     7683.410
   520:     7729.160     7729.880     7732.780     7735.160     7735.620
   525:     7738.070     7738.360     7739.450     7824.020     7824.930
   530:     7825.660     7825.730     7830.490     7830.900     7869.950
   535:     7870.590     7887.730     7996.660     8233.260     8286.060
   540:     8286.580     8306.560     8325.640     8326.260     8359.670
   545:     8407.010     8408.850     8415.710     8415.990     8417.440
   550:     8417.640     8756.450     8802.120     8808.170     8809.150
   555:     8848.220     8867.640     8915.290     8915.930     8971.620
   560:     8971.830     8972.190     8987.140     8987.830     9092.180
   565:     9092.440     9092.770     9093.040     9093.240     9105.100
   570:     9132.460     9278.130     9281.010     9281.390     9340.420
   575:     9417.960     9418.900     9419.040     9419.670     9420.710
   580:     9420.930     9462.980     9463.360     9463.690     9464.220
   585:     9493.990     9494.010     9494.460     9509.120     9509.980
   590:     9510.580     9510.800     9515.840     9519.560     9626.480
   595:     9627.290     9627.400     9657.970     9660.020     9675.020
   600:     9676.180     9787.230     9787.710     9803.130     9822.810
   605:     9823.640     9823.710     9823.750     9864.040     9902.050
   610:     9902.160     9902.240     9903.380     9911.020     9911.020
   615:     9911.020     9911.030     9911.030     9911.030     9911.030
   620:     9911.030     9911.030     9911.450     9912.050     9915.000
   625:     9915.030     9916.030     9916.030     9921.020     9921.030
   630:     9925.880     9925.880     9925.880     9925.890     9925.890
   635:     9925.890     9925.890     9925.890     9925.890     9926.150
   640:     9926.150     9927.250     9927.350     9929.890     9930.890
   645:     9930.890     9935.880     9935.890     9952.610     9988.960
   650:     9988.960     9988.960     9988.970     9988.970     9988.970
   655:     9988.970     9988.970     9988.970     9989.500     9992.970
   660:     9993.970     9993.970     9998.960     9998.970    10011.800
   665:    10011.900    10013.300    10013.590    10029.650    10094.160
   670:    10116.310    10119.680    10170.600    10170.860    10172.400
   675:    10257.070    10259.740    10260.180    10261.220    10262.050
   680:    10262.150    10262.850    10263.020    10263.130    10263.160
   685:    10263.230    10263.450    10263.490    10263.550    10263.800
   690:    10267.140    10267.700    10520.320    10522.050    10522.190
   695:    10522.660    10522.690    10577.790    10580.420    10582.610
   700:    10583.150    10584.000    10584.550    10636.460    10649.940
   705:    10678.600    10762.180    10762.990    10800.000
