File: C:\MED-PC\Data\2025-03-28_12h09m_Subject 92.txt


Start Date: 03/28/25
End Date: 03/28/25
Subject: 92
Experiment: OralFentSA
Group: One
Box: 9
Start Time: 12:09:30
End Time: 15:10:02
MSN: Golden_Liq_SelfAdmin_EXT
F:       0.000
G:    1164.000
H:   10800.000
I:       0.000
J:       0.000
K:       0.000
L:       0.000
M:       0.000
N:       0.000
O:       0.000
P:       0.000
Q:       0.000
R:       0.000
S:       0.000
U:       0.000
V:       0.000
W:       0.000
X:       0.000
Y:       0.000
Z:       0.000
A:
     0:        0.000        0.000      180.000        4.000        0.000
     5:        5.000        0.000        5.000        0.000        0.000
    10:        1.000        0.000       10.000   100000.000       22.000
    15:       20.000      600.000        0.000        0.000        0.000
    20:        0.000
B:
     0:        0.000        0.000        0.000        0.000        0.000
     5:        0.000        0.000        0.000        0.000        0.000
    10:        0.000        0.000     1000.000 10000000.000        0.000
    15:        0.000        0.000        0.000        0.000        0.000
    20:        0.000
C:
     0:        0.000       85.000      106.000      194.000      246.000
     5:    10626.280      118.730       50.000     2318.330       46.367
    10:      194.000      106.000        0.000        0.000        0.000
    15:        0.000        0.000        0.000        0.000        0.000
    20:        0.000
D:
     0:       54.060        5.220       99.440        5.460       71.230
     5:      152.150        2.130       40.000        0.960        6.810
    10:       11.100       86.270        1.700        1.280        4.390
    15:       26.850       31.190       11.440      106.450        2.300
    20:        1.430      157.350        1.120      256.780        9.260
    25:       11.290      117.710      103.100        7.900       57.240
    30:       57.430       27.790      145.410        1.150      164.600
    35:       17.270        4.330      231.270        1.010        1.660
    40:        1.980        9.000       58.360        8.530        2.690
    45:        0.710        5.060        1.810       15.930      118.730
E:
     0:       19.000       11.000       26.000       27.000        6.000
     5:        2.000        4.000       22.000       24.000       12.000
    10:       21.000       22.000       19.000       11.000        2.000
    15:        4.000       22.000       24.000       12.000       19.000
    20:       11.000        2.000        4.000       22.000       24.000
    25:       12.000       19.000       11.000        2.000        4.000
    30:       22.000       24.000       12.000       21.000       22.000
    35:       21.000       22.000       19.000       11.000        1.000
    40:        2.000        4.000       22.000       24.000       12.000
    45:       19.000       11.000        1.000        1.000        2.000
    50:        4.000       22.000       24.000       12.000       19.000
    55:       11.000        6.000        6.000        6.000        6.000
    60:        2.000        4.000       22.000       24.000       12.000
    65:       21.000       22.000        6.000       21.000       22.000
    70:        6.000       19.000       11.000        1.000        2.000
    75:        4.000       22.000       24.000       12.000       19.000
    80:       11.000        2.000        4.000       22.000       24.000
    85:       12.000       19.000       11.000        2.000        4.000
    90:       22.000       24.000       12.000       21.000       22.000
    95:       21.000       22.000       19.000       11.000        2.000
   100:        4.000       22.000       24.000       12.000       20.000
   105:       19.000       11.000        1.000        2.000        4.000
   110:       22.000       24.000       12.000       19.000       11.000
   115:        6.000        2.000        4.000       22.000       24.000
   120:       12.000       21.000       22.000       21.000       22.000
   125:       21.000       22.000        6.000        6.000       21.000
   130:       22.000       21.000       22.000       21.000       22.000
   135:       21.000       22.000       19.000       11.000        2.000
   140:        4.000       22.000       24.000       12.000       21.000
   145:       22.000       19.000       11.000        2.000        4.000
   150:       22.000       24.000       12.000       20.000       19.000
   155:       11.000        1.000        6.000        6.000        1.000
   160:        6.000        2.000        4.000       22.000       24.000
   165:       12.000       19.000       11.000        1.000        1.000
   170:        1.000        1.000        2.000        4.000       22.000
   175:       24.000       12.000       21.000       22.000       21.000
   180:       22.000       21.000       22.000       19.000       11.000
   185:        2.000        4.000       22.000       24.000       12.000
   190:       21.000       22.000       21.000       22.000       21.000
   195:       22.000       21.000       22.000       21.000       22.000
   200:       19.000       11.000        6.000        1.000        2.000
   205:        4.000       22.000       24.000       12.000       21.000
   210:       22.000        6.000       21.000       22.000       21.000
   215:       22.000       21.000       22.000       21.000       22.000
   220:       19.000       11.000        2.000        4.000       22.000
   225:       24.000       12.000       19.000       11.000        6.000
   230:        6.000        6.000        6.000        6.000        6.000
   235:        6.000        6.000        6.000        6.000        1.000
   240:        2.000        4.000       22.000       24.000       12.000
   245:        6.000       21.000       22.000       21.000       22.000
   250:       21.000       22.000       21.000       22.000       21.000
   255:       22.000       19.000       11.000        1.000        1.000
   260:        6.000        2.000        4.000       22.000       24.000
   265:       12.000       21.000       22.000       21.000       22.000
   270:        6.000        6.000       21.000       22.000        6.000
   275:        6.000       19.000       11.000        6.000        6.000
   280:        2.000        4.000       22.000       24.000       12.000
   285:       21.000       22.000       19.000       11.000        6.000
   290:        2.000        4.000       22.000       24.000       12.000
   295:       19.000       11.000        6.000        2.000        4.000
   300:       22.000       24.000       12.000       19.000       11.000
   305:        1.000        2.000        4.000       22.000       24.000
   310:       12.000       21.000       22.000       21.000       22.000
   315:       21.000       22.000       19.000       11.000        2.000
   320:        4.000       22.000       24.000       12.000        6.000
   325:       21.000       22.000       21.000       22.000       21.000
   330:       22.000       19.000       11.000        2.000        4.000
   335:       22.000       24.000       12.000       19.000       11.000
   340:        2.000        4.000       22.000       24.000       12.000
   345:       19.000       11.000        2.000        4.000       22.000
   350:       24.000       12.000        6.000       21.000       22.000
   355:       21.000       22.000       21.000       22.000       21.000
   360:       22.000       19.000       11.000        2.000        4.000
   365:       22.000       24.000       12.000       21.000       22.000
   370:        6.000       19.000       11.000        1.000        2.000
   375:        4.000       22.000       24.000       12.000       19.000
   380:       11.000        6.000        2.000        4.000       22.000
   385:       24.000       12.000       19.000       11.000        6.000
   390:        6.000        6.000        6.000        6.000        2.000
   395:        4.000       22.000       24.000       12.000       20.000
   400:       19.000       11.000        1.000        1.000        1.000
   405:        2.000        4.000       22.000       24.000       12.000
   410:       19.000       11.000        6.000        1.000        1.000
   415:        1.000        1.000        1.000        1.000        1.000
   420:        2.000        4.000       22.000       24.000       12.000
   425:       21.000       22.000       21.000       22.000       21.000
   430:       22.000       21.000       22.000       21.000       22.000
   435:       21.000       22.000       21.000       22.000       19.000
   440:       11.000        2.000        4.000       22.000       24.000
   445:       12.000       21.000       22.000       21.000       22.000
   450:       20.000       19.000       11.000        1.000        6.000
   455:        6.000        2.000        4.000       22.000       24.000
   460:       12.000        6.000       19.000       11.000        6.000
   465:        1.000        1.000        1.000        1.000        2.000
   470:        4.000       22.000       24.000       12.000       21.000
   475:       22.000       19.000       11.000        2.000        4.000
   480:       22.000       24.000       12.000        6.000       19.000
   485:       11.000        6.000        6.000        6.000        1.000
   490:        1.000        1.000        2.000        4.000       22.000
   495:       24.000       12.000       21.000       22.000       21.000
   500:       22.000       19.000       11.000        1.000        1.000
   505:        6.000        2.000        4.000       22.000       24.000
   510:       12.000        6.000        6.000        6.000       21.000
   515:       22.000        6.000       21.000       22.000       21.000
   520:       22.000       19.000       11.000        1.000        1.000
   525:        1.000        1.000        1.000        1.000        2.000
   530:        4.000       22.000       24.000       12.000       19.000
   535:       11.000        6.000        6.000        6.000        6.000
   540:        6.000        6.000        6.000        6.000        6.000
   545:        6.000        6.000        6.000        2.000        4.000
   550:       22.000       24.000       12.000       21.000       22.000
   555:       21.000       22.000       21.000       22.000        6.000
   560:       19.000       11.000        2.000        4.000       22.000
   565:       24.000       12.000       19.000       11.000        1.000
   570:        2.000        4.000       22.000       24.000       12.000
   575:       21.000       22.000       19.000       11.000        6.000
   580:        6.000        6.000        6.000        2.000        4.000
   585:       22.000       24.000       12.000       21.000       22.000
   590:       21.000       22.000       21.000       22.000       19.000
   595:       11.000        2.000        4.000       22.000       24.000
   600:       12.000       21.000       22.000       21.000       22.000
   605:       21.000       22.000       21.000       22.000       19.000
   610:       11.000        2.000        4.000       22.000       24.000
   615:       12.000       21.000       22.000       21.000       22.000
   620:       19.000       11.000        1.000        6.000        1.000
   625:        2.000        4.000       22.000       24.000       12.000
   630:       19.000       11.000        6.000        6.000        6.000
   635:        2.000        4.000       22.000       24.000       12.000
   640:       21.000       22.000       21.000       22.000        6.000
   645:        6.000       21.000       22.000       19.000       11.000
   650:        6.000        6.000        6.000        6.000        6.000
   655:        6.000        6.000        6.000        1.000        1.000
   660:        1.000        2.000        4.000       22.000       24.000
   665:       12.000       21.000       22.000       21.000       22.000
   670:       19.000       11.000        1.000        1.000        1.000
   675:        2.000        4.000       22.000       24.000       12.000
   680:       21.000       22.000       19.000       11.000        6.000
   685:        2.000        4.000       22.000       24.000       12.000
   690:       21.000       22.000       19.000       11.000        6.000
   695:        6.000        6.000        6.000        1.000        1.000
   700:        1.000        1.000        1.000        1.000        1.000
   705:        1.000        1.000        1.000        1.000        1.000
   710:        2.000        4.000       22.000       24.000       12.000
   715:       21.000       22.000       19.000       11.000        1.000
   720:        1.000        2.000        4.000       22.000       24.000
   725:       12.000       19.000       11.000        2.000        4.000
   730:       22.000       24.000       12.000       21.000       22.000
   735:       19.000       11.000        6.000        2.000        4.000
   740:       22.000       24.000       12.000       21.000       22.000
   745:       21.000       22.000       21.000       22.000       19.000
   750:       11.000        2.000        4.000       22.000       24.000
   755:       12.000       21.000       22.000       19.000       11.000
   760:        1.000        6.000        6.000        1.000        1.000
   765:        1.000        1.000        2.000        4.000       22.000
   770:       24.000       12.000        6.000       21.000       22.000
   775:        6.000       19.000       11.000        2.000        4.000
   780:       22.000       24.000       12.000       19.000       11.000
   785:        1.000        1.000        6.000        6.000        6.000
   790:        2.000        4.000       22.000       24.000       12.000
   795:       21.000       22.000       19.000       11.000        6.000
   800:        6.000        6.000        6.000        6.000        6.000
   805:        6.000        2.000        4.000       22.000       24.000
   810:       12.000       19.000       11.000        2.000        4.000
   815:       22.000       24.000       12.000       21.000       22.000
   820:       21.000       22.000       21.000       22.000       19.000
   825:       11.000        2.000        4.000       22.000       24.000
   830:       12.000       19.000       11.000        2.000        4.000
   835:       22.000       24.000       12.000       21.000       22.000
   840:        6.000       21.000       22.000       19.000       11.000
   845:        6.000        1.000        1.000        1.000        1.000
   850:        1.000        1.000        1.000        1.000        2.000
   855:        4.000       22.000       24.000       12.000       19.000
   860:       11.000        2.000        4.000       22.000       24.000
   865:       12.000       21.000       22.000       19.000       11.000
   870:        2.000        4.000       22.000       24.000       12.000
   875:       19.000       11.000        1.000        6.000        6.000
   880:        6.000        6.000        6.000        6.000        2.000
   885:        4.000       22.000       24.000       12.000        6.000
   890:       21.000       22.000       19.000       11.000        1.000
   895:        1.000        1.000        6.000        1.000        1.000
   900:        2.000        4.000       22.000       24.000       12.000
   905:        6.000        6.000        6.000       21.000       22.000
   910:       21.000       22.000       19.000       11.000        1.000
   915:        1.000        1.000        1.000        2.000        4.000
   920:       22.000       24.000       12.000       19.000       11.000
   925:        2.000        4.000       22.000       24.000       12.000
   930:        6.000        6.000        6.000        6.000       21.000
   935:       22.000       19.000       11.000        6.000        6.000
   940:        6.000        6.000        6.000        6.000        6.000
   945:        6.000        6.000        6.000        6.000        6.000
   950:        6.000        6.000        6.000        6.000        6.000
   955:        6.000        6.000        6.000        6.000        6.000
   960:        6.000        6.000        6.000        6.000        6.000
   965:        1.000        1.000        6.000        6.000        6.000
   970:        2.000        4.000       22.000       24.000       12.000
   975:       19.000       11.000        2.000        4.000       22.000
   980:       24.000       12.000       21.000       22.000       21.000
   985:       22.000        6.000       19.000       11.000        1.000
   990:        1.000        1.000        6.000        6.000        6.000
   995:        6.000        6.000        6.000        6.000        2.000
  1000:        4.000       22.000       24.000       12.000       19.000
  1005:       11.000        6.000        6.000        6.000        6.000
  1010:        6.000        6.000        1.000        1.000        1.000
  1015:        1.000        2.000        4.000       22.000       24.000
  1020:       12.000       19.000       11.000        2.000        4.000
  1025:       22.000       24.000       12.000       21.000       22.000
  1030:       21.000       22.000        6.000        6.000        6.000
  1035:        6.000        6.000       19.000       11.000        2.000
  1040:        4.000       22.000       24.000       12.000       21.000
  1045:       22.000        6.000        6.000       19.000       11.000
  1050:        2.000        4.000       22.000       24.000       12.000
  1055:        6.000        6.000        6.000        6.000        6.000
  1060:        6.000        6.000        6.000       21.000       22.000
  1065:        6.000        6.000        6.000       19.000       11.000
  1070:        6.000        6.000        6.000        6.000        2.000
  1075:        4.000       22.000       24.000       12.000       21.000
  1080:       22.000       21.000       22.000       21.000       22.000
  1085:        6.000        6.000       19.000       11.000        6.000
  1090:        6.000        6.000        6.000        1.000        1.000
  1095:        6.000        6.000        6.000        6.000        6.000
  1100:        6.000        2.000        4.000       22.000       24.000
  1105:       12.000        6.000        6.000        6.000        6.000
  1110:        6.000        6.000        6.000        6.000        6.000
  1115:        6.000       19.000       11.000        6.000        6.000
  1120:        6.000        6.000        6.000        6.000        6.000
  1125:        6.000        6.000        6.000        6.000        6.000
  1130:        6.000        6.000        6.000        6.000        6.000
  1135:        6.000        6.000        6.000        6.000        6.000
  1140:        6.000        6.000        6.000        6.000        6.000
  1145:        2.000        4.000       22.000       24.000       12.000
  1150:       19.000       11.000        6.000        6.000        6.000
  1155:        6.000        2.000        4.000       22.000       24.000
  1160:       12.000       19.000       11.000        6.000      100.000
T:
     0:        0.000        0.000        0.000        0.000       49.520
     5:       50.620       50.620       50.620       50.630       50.630
    10:       56.260       56.260       60.620       60.630       60.930
    15:       60.930       60.930       60.940       60.940       70.930
    20:       70.940       95.660       95.660       95.660       95.670
    25:       95.670      105.660      105.670      225.020      225.020
    30:      225.020      225.030      225.030      227.590      227.590
    35:      231.950      231.950      235.020      235.030      248.470
    40:      333.640      333.640      333.640      333.650      333.650
    45:      343.640      343.650      366.580      368.570      385.470
    50:      385.470      385.470      385.480      385.480      395.470
    55:      395.480      439.540      439.600      562.320      562.630
    60:      565.330      565.330      565.330      565.340      565.340
    65:      567.410      567.410      570.560      572.510      572.510
    70:      574.780      575.330      575.340      580.740      753.740
    75:      753.740      753.740      753.750      753.750      763.740
    80:      763.750      809.820      809.820      809.820      809.830
    85:      809.830      819.820      819.830      882.250      882.250
    90:      882.250      882.260      882.260      886.420      886.420
    95:      891.030      891.030      892.250      892.260      893.050
   100:      893.050      893.050      893.060      893.060      902.150
   105:      903.050      903.060      922.940      936.810      936.810
   110:      936.810      936.820      936.820      946.810      946.820
   115:     1036.260     1127.510     1127.510     1127.510     1127.520
   120:     1127.520     1128.760     1128.760     1131.250     1131.250
   125:     1131.810     1131.810     1132.980     1133.160     1134.020
   130:     1134.020     1134.240     1134.240     1135.020     1135.020
   135:     1136.970     1136.970     1137.510     1137.520     1138.280
   140:     1138.280     1138.280     1138.290     1138.290     1141.310
   145:     1141.310     1148.280     1148.290     1282.120     1282.120
   150:     1282.120     1282.130     1282.130     1290.240     1292.120
   155:     1292.130     1310.130     1353.360     1353.600     1383.830
   160:     1481.940     1487.640     1487.640     1487.640     1487.650
   165:     1487.650     1497.640     1497.650     1503.940     1507.690
   170:     1511.150     1518.680     1531.040     1531.040     1531.040
   175:     1531.050     1531.050     1533.020     1533.020     1534.530
   180:     1534.530     1537.660     1537.660     1541.040     1541.050
   185:     1543.150     1543.150     1543.150     1543.160     1543.160
   190:     1546.520     1546.520     1547.920     1547.920     1551.620
   195:     1551.620     1552.570     1552.570     1552.710     1552.710
   200:     1553.150     1553.160     1695.310     1746.580     1796.370
   205:     1796.370     1796.370     1796.380     1796.380     1797.520
   210:     1797.520     1798.510     1799.190     1799.190     1799.410
   215:     1799.410     1801.130     1801.130     1803.050     1803.050
   220:     1806.370     1806.380     1807.000     1807.000     1807.000
   225:     1807.010     1807.010     1817.000     1817.010     1847.010
   230:     1848.170     1849.400     1849.820     1850.120     1850.840
   235:     1851.110     1851.920     1853.060     1853.180     2119.840
   240:     2136.650     2136.650     2136.650     2136.660     2136.660
   245:     2137.620     2139.080     2139.080     2139.430     2139.430
   250:     2141.370     2141.370     2143.620     2143.620     2146.180
   255:     2146.180     2146.650     2146.660     2157.630     2204.550
   260:     2256.010     2353.240     2353.240     2353.240     2353.250
   265:     2353.250     2356.570     2356.570     2358.150     2358.150
   270:     2360.060     2360.300     2361.380     2361.380     2363.100
   275:     2363.120     2363.240     2363.250     2363.380     2364.270
   280:     2365.850     2365.850     2365.850     2365.860     2365.860
   285:     2369.690     2369.690     2375.850     2375.860     2376.960
   290:     2529.560     2529.560     2529.560     2529.570     2529.570
   295:     2539.560     2539.570     2615.840     2651.640     2651.640
   300:     2651.640     2651.650     2651.650     2661.640     2661.650
   305:     2686.080     2703.730     2703.730     2703.730     2703.740
   310:     2703.740     2704.700     2704.700     2705.960     2705.960
   315:     2712.760     2712.760     2713.730     2713.740     2714.190
   320:     2714.190     2714.190     2714.200     2714.200     2715.900
   325:     2718.160     2718.160     2720.240     2720.240     2723.070
   330:     2723.070     2724.190     2724.200     2725.070     2725.070
   335:     2725.070     2725.080     2725.080     2735.070     2735.080
   340:     3018.960     3018.960     3018.960     3018.970     3018.970
   345:     3028.960     3028.970     3034.940     3034.940     3034.940
   350:     3034.950     3034.950     3036.230     3037.740     3037.740
   355:     3038.860     3038.860     3039.630     3039.630     3042.820
   360:     3042.820     3044.940     3044.950     3045.450     3045.450
   365:     3045.450     3045.460     3045.460     3045.640     3045.640
   370:     3049.850     3055.450     3055.460     3154.610     3176.240
   375:     3176.240     3176.240     3176.250     3176.250     3186.240
   380:     3186.250     3203.100     3318.500     3318.500     3318.500
   385:     3318.510     3318.510     3328.500     3328.510     3349.700
   390:     3350.880     3351.590     3353.320     3353.670     3389.980
   395:     3389.980     3389.980     3389.990     3389.990     3398.860
   400:     3399.980     3399.990     3400.700     3405.120     3499.030
   405:     3781.790     3781.790     3781.790     3781.800     3781.800
   410:     3791.790     3791.800     3793.240     3840.750     3911.040
   415:     3913.290     3915.000     3920.770     3927.430     3929.320
   420:     3943.960     3943.960     3943.960     3943.970     3943.970
   425:     3945.940     3945.940     3946.170     3946.170     3949.120
   430:     3949.120     3949.270     3949.270     3950.630     3950.630
   435:     3952.300     3952.300     3953.180     3953.180     3953.960
   440:     3953.970     3955.270     3955.270     3955.270     3955.280
   445:     3955.280     3955.920     3955.920     3958.160     3958.160
   450:     3963.540     3965.270     3965.280     3978.260     4061.730
   455:     4116.750     4126.450     4126.450     4126.450     4126.460
   460:     4126.460     4128.760     4136.450     4136.460     4204.060
   465:     4231.770     4237.830     4238.390     4255.120     4263.480
   470:     4263.480     4263.480     4263.490     4263.490     4263.870
   475:     4263.870     4273.480     4273.490     4322.270     4322.270
   480:     4322.270     4322.280     4322.280     4323.710     4332.270
   485:     4332.280     4337.880     4338.360     4360.050     4557.420
   490:     4559.780     4565.230     4585.170     4585.170     4585.170
   495:     4585.180     4585.180     4589.840     4589.840     4590.710
   500:     4590.710     4595.170     4595.180     4709.370     4714.450
   505:     4742.530     4745.500     4745.500     4745.500     4745.510
   510:     4745.510     4746.630     4748.130     4748.170     4749.170
   515:     4749.170     4750.830     4752.100     4752.100     4754.590
   520:     4754.590     4755.500     4755.510     4874.960     4877.450
   525:     5014.440     5020.500     5045.130     5047.910     5138.120
   530:     5138.120     5138.120     5138.130     5138.130     5148.120
   535:     5148.130     5394.910     5395.340     5395.970     5399.140
   540:     5399.510     5427.600     5427.890     5428.250     5430.050
   545:     5431.710     5431.910     5434.290     5468.220     5468.220
   550:     5468.220     5468.230     5468.230     5471.230     5471.230
   555:     5474.790     5474.790     5475.560     5475.560     5477.490
   560:     5478.220     5478.230     5478.860     5478.860     5478.860
   565:     5478.870     5478.870     5488.860     5488.870     5510.660
   570:     5525.780     5525.780     5525.780     5525.790     5525.790
   575:     5532.680     5532.680     5535.780     5535.790     5537.080
   580:     5537.160     5537.260     5537.360     5538.060     5538.060
   585:     5538.060     5538.070     5538.070     5538.180     5538.180
   590:     5538.920     5538.920     5542.820     5542.820     5548.060
   595:     5548.070     5549.150     5549.150     5549.150     5549.160
   600:     5549.160     5551.380     5551.380     5551.580     5551.580
   605:     5552.640     5552.640     5557.100     5557.100     5559.150
   610:     5559.160     5559.700     5559.700     5559.700     5559.710
   615:     5559.710     5561.660     5561.660     5561.860     5561.860
   620:     5569.700     5569.710     5597.190     5677.420     5715.060
   625:     5745.220     5745.220     5745.220     5745.230     5745.230
   630:     5755.220     5755.230     5848.330     5848.560     5875.440
   635:     5877.420     5877.420     5877.420     5877.430     5877.430
   640:     5879.960     5879.960     5884.020     5884.020     5885.330
   645:     5885.420     5887.040     5887.040     5887.420     5887.430
   650:     5888.160     5888.270     5888.560     5888.730     5888.810
   655:     5889.750     5889.900     5890.780     6171.610     6184.320
   660:     6195.200     6230.130     6230.130     6230.130     6230.140
   665:     6230.140     6234.230     6234.230     6234.620     6234.620
   670:     6240.130     6240.140     6292.700     6355.810     6370.440
   675:     6387.120     6387.120     6387.120     6387.130     6387.130
   680:     6396.530     6396.530     6397.120     6397.130     6444.370
   685:     6446.150     6446.150     6446.150     6446.160     6446.160
   690:     6447.710     6447.710     6456.150     6456.160     6503.590
   695:     6512.590     6521.120     6524.630     6575.700     6576.240
   700:     6576.490     6581.850     6582.750     6583.200     6586.910
   705:     6587.930     6588.420     6588.700     6589.880     6590.560
   710:     6626.350     6626.350     6626.350     6626.360     6626.360
   715:     6629.880     6629.880     6636.350     6636.360     6667.710
   720:     6668.220     6723.840     6723.840     6723.840     6723.850
   725:     6723.850     6733.840     6733.850     6743.310     6743.310
   730:     6743.310     6743.320     6743.320     6743.620     6743.620
   735:     6753.310     6753.320     6771.110     6925.760     6925.760
   740:     6925.760     6925.770     6925.770     6927.200     6927.200
   745:     6931.230     6931.230     6933.470     6933.470     6935.760
   750:     6935.770     6936.290     6936.290     6936.290     6936.300
   755:     6936.300     6940.670     6940.670     6946.290     6946.300
   760:     7030.530     7081.710     7082.000     7147.180     7150.800
   765:     7152.790     7153.120     7307.390     7307.390     7307.390
   770:     7307.400     7307.400     7308.550     7313.080     7313.080
   775:     7315.020     7317.390     7317.400     7319.290     7319.290
   780:     7319.290     7319.300     7319.300     7329.290     7329.300
   785:     7363.070     7375.180     7483.900     7493.210     7493.380
   790:     7542.190     7542.190     7542.190     7542.200     7542.200
   795:     7544.910     7544.910     7552.190     7552.200     7559.470
   800:     7559.750     7560.130     7560.610     7561.190     7561.870
   805:     7562.650     7594.810     7594.810     7594.810     7594.820
   810:     7594.820     7604.810     7604.820     7618.360     7618.360
   815:     7618.360     7618.370     7618.370     7619.790     7619.790
   820:     7624.810     7624.810     7627.460     7627.460     7628.360
   825:     7628.370     7630.560     7630.560     7630.560     7630.570
   830:     7630.570     7640.560     7640.570     7839.480     7839.480
   835:     7839.480     7839.490     7839.490     7842.000     7842.000
   840:     7843.820     7845.420     7845.420     7849.480     7849.490
   845:     7874.760     8016.660     8017.410     8021.010     8021.340
   850:     8021.420     8028.740     8036.530     8036.970     8068.790
   855:     8068.790     8068.790     8068.800     8068.800     8078.790
   860:     8078.800     8081.040     8081.040     8081.040     8081.050
   865:     8081.050     8083.580     8083.580     8091.040     8091.050
   870:     8093.320     8093.320     8093.320     8093.330     8093.330
   875:     8103.320     8103.330     8280.550     8324.600     8324.930
   880:     8327.780     8328.380     8345.520     8457.450     8619.670
   885:     8619.670     8619.670     8619.680     8619.680     8620.690
   890:     8625.140     8625.140     8629.670     8629.680     8655.460
   895:     8659.910     8660.560     8816.970     8881.670     8946.430
   900:     9008.950     9008.950     9008.950     9008.960     9008.960
   905:     9010.620     9010.910     9011.250     9013.170     9013.170
   910:     9015.450     9015.450     9018.950     9018.960     9110.500
   915:     9113.840     9114.390     9324.400     9329.710     9329.710
   920:     9329.710     9329.720     9329.720     9339.710     9339.720
   925:     9341.110     9341.110     9341.110     9341.120     9341.120
   930:     9343.100     9344.900     9345.500     9345.870     9348.830
   935:     9348.830     9351.110     9351.120     9424.300     9425.460
   940:     9425.500     9425.750     9434.480     9438.960     9441.590
   945:     9466.030     9466.110     9469.140     9476.330     9531.270
   950:     9586.210     9594.940     9607.790     9607.850     9608.390
   955:     9621.290     9621.750     9622.910     9624.060     9624.330
   960:     9624.530     9624.620     9624.660     9624.740     9624.810
   965:     9635.480     9637.150     9661.870     9681.880     9682.110
   970:     9690.070     9690.070     9690.070     9690.080     9690.080
   975:     9700.070     9700.080     9710.660     9710.660     9710.660
   980:     9710.670     9710.670     9710.940     9710.940     9711.630
   985:     9711.630     9719.670     9720.660     9720.670     9738.460
   990:     9746.100     9751.190     9796.960     9800.620     9800.890
   995:     9803.920     9804.560     9810.240     9818.770     9824.080
  1000:     9824.080     9824.080     9824.090     9824.090     9834.080
  1005:     9834.090     9882.450     9888.960     9889.470     9890.150
  1010:     9891.160    10168.460    10194.050    10200.690    10203.770
  1015:    10240.300    10264.770    10264.770    10264.770    10264.780
  1020:    10264.780    10274.770    10274.780    10307.080    10307.080
  1025:    10307.080    10307.090    10307.090    10312.030    10312.030
  1030:    10314.620    10314.620    10315.620    10315.750    10316.230
  1035:    10316.260    10316.360    10317.080    10317.090    10320.580
  1040:    10320.580    10320.580    10320.590    10320.590    10320.870
  1045:    10320.870    10323.280    10323.480    10330.580    10330.590
  1050:    10330.930    10330.930    10330.930    10330.940    10330.940
  1055:    10331.650    10332.390    10332.500    10333.460    10333.730
  1060:    10337.200    10337.500    10337.710    10338.780    10338.780
  1065:    10339.690    10340.440    10340.740    10340.930    10340.940
  1070:    10341.100    10344.420    10344.600    10345.110    10346.420
  1075:    10346.420    10346.420    10346.430    10346.430    10349.560
  1080:    10349.560    10349.810    10349.810    10350.270    10350.270
  1085:    10351.490    10351.700    10356.420    10356.430    10356.660
  1090:    10358.130    10363.130    10367.990    10373.660    10380.730
  1095:    10396.380    10458.520    10472.150    10472.880    10474.680
  1100:    10475.250    10477.710    10477.710    10477.710    10477.720
  1105:    10477.720    10479.530    10482.220    10482.670    10483.300
  1110:    10484.130    10484.620    10484.690    10485.530    10486.440
  1115:    10486.780    10487.710    10487.720    10517.640    10525.410
  1120:    10525.880    10526.520    10527.570    10527.590    10527.790
  1125:    10529.510    10530.020    10530.250    10530.770    10531.130
  1130:    10531.530    10538.680    10542.750    10550.300    10566.410
  1135:    10570.940    10577.470    10577.900    10581.970    10585.490
  1140:    10585.580    10590.600    10590.920    10590.970    10592.300
  1145:    10599.380    10599.380    10599.380    10599.390    10599.390
  1150:    10609.380    10609.390    10615.320    10615.670    10617.900
  1155:    10620.830    10626.270    10626.270    10626.270    10626.280
  1160:    10626.280    10636.270    10636.280    10745.010    10800.000
