File: C:\MED-PC\Data\2025-03-24_12h44m_Subject 87.txt


Start Date: 03/24/25
End Date: 03/24/25
Subject: 87
Experiment: OralFentSA
Group: One
Box: 3
Start Time: 12:44:56
End Time: 15:48:57
MSN: Golden_Liq_SelfAdmin_EXT
F:       0.000
G:     577.000
H:   10800.000
I:       0.000
J:       0.000
K:       0.000
L:       0.000
M:       0.000
N:       0.000
O:       0.000
P:       0.000
Q:       0.000
R:       0.000
S:       0.000
U:       0.000
V:       0.000
W:       0.000
X:       0.000
Y:       0.000
Z:       0.000
A:
     0:        0.000        0.000      180.000        4.000        0.000
     5:        5.000        0.000        5.000        0.000        0.000
    10:        1.000        0.000       10.000   100000.000       20.000
    15:       16.000      600.000        0.000        0.000        0.000
    20:        0.000
B:
     0:        0.000        0.000        0.000        0.000        0.000
     5:        0.000        0.000        0.000        0.000        0.000
    10:        0.000        0.000     1000.000 10000000.000        0.000
    15:        0.000        0.000        0.000        0.000        0.000
    20:        0.000
C:
     0:        0.000       46.000      100.000       61.000      126.000
     5:     8318.310      208.670       22.000     1875.260       85.239
    10:       61.000      100.000        0.000        0.000        0.000
    15:        0.000        0.000        0.000        0.000        0.000
    20:        0.000
D:
     0:        5.850       62.690       31.730      141.110        7.890
     5:        3.990       29.250       33.340      161.360       17.650
    10:        8.060      129.840        3.940       28.050      192.750
    15:      143.760      365.820        1.640      118.390       15.610
    20:      163.870      208.670
E:
     0:       19.000       11.000       26.000       27.000        1.000
     5:        1.000        1.000        6.000        6.000        6.000
    10:        2.000        4.000       22.000       24.000       12.000
    15:        6.000       19.000       11.000        6.000        2.000
    20:        4.000       22.000       24.000       12.000       21.000
    25:       22.000       19.000       11.000        6.000        6.000
    30:        6.000        2.000        4.000       22.000       24.000
    35:       12.000       19.000       11.000        6.000        1.000
    40:        2.000        4.000       22.000       24.000       12.000
    45:       21.000       22.000       19.000       11.000        1.000
    50:        1.000        2.000        4.000       22.000       24.000
    55:       12.000       19.000       11.000        2.000        4.000
    60:       22.000       24.000       12.000       19.000       11.000
    65:        1.000        1.000        1.000        1.000        1.000
    70:        6.000        6.000        6.000        6.000        1.000
    75:        1.000        2.000        4.000       22.000       24.000
    80:       12.000       19.000       11.000        2.000        4.000
    85:       22.000       24.000       12.000       21.000       22.000
    90:       19.000       11.000        2.000        4.000       22.000
    95:       24.000       12.000       19.000       11.000        2.000
   100:        4.000       22.000       24.000       12.000       21.000
   105:       22.000       19.000       11.000        2.000        4.000
   110:       22.000       24.000       12.000        6.000       19.000
   115:       11.000        6.000        6.000        6.000        6.000
   120:        6.000        2.000        4.000       22.000       24.000
   125:       12.000        6.000        6.000        6.000       19.000
   130:       11.000        2.000        4.000       22.000       24.000
   135:       12.000       19.000       11.000        2.000        4.000
   140:       22.000       24.000       12.000       19.000       11.000
   145:        2.000        4.000       22.000       24.000       12.000
   150:       19.000       11.000        2.000        4.000       22.000
   155:       24.000       12.000       19.000       11.000        6.000
   160:        6.000        6.000        6.000        6.000        6.000
   165:        1.000        1.000        1.000        2.000        4.000
   170:       22.000       24.000       12.000       19.000       11.000
   175:        2.000        4.000       22.000       24.000       12.000
   180:       19.000       11.000        6.000        2.000        4.000
   185:       22.000       24.000       12.000       19.000       11.000
   190:        2.000        4.000       22.000       24.000       12.000
   195:       21.000       22.000       21.000       22.000       21.000
   200:       22.000       21.000       22.000       21.000       22.000
   205:       19.000       11.000        2.000        4.000       22.000
   210:       24.000       12.000       21.000       22.000       19.000
   215:       11.000        1.000        1.000        1.000        1.000
   220:        1.000        1.000        1.000        2.000        4.000
   225:       22.000       24.000       12.000       21.000       22.000
   230:       19.000       11.000        1.000        1.000        2.000
   235:        4.000       22.000       24.000       12.000       19.000
   240:       11.000        1.000        1.000        1.000        1.000
   245:        1.000        6.000        6.000        1.000        1.000
   250:        1.000        1.000        1.000        1.000        2.000
   255:        4.000       22.000       24.000       12.000       19.000
   260:       11.000        2.000        4.000       22.000       24.000
   265:       12.000       21.000       22.000       19.000       11.000
   270:        2.000        4.000       22.000       24.000       12.000
   275:       19.000       11.000        2.000        4.000       22.000
   280:       24.000       12.000       19.000       11.000        6.000
   285:        2.000        4.000       22.000       24.000       12.000
   290:       21.000       22.000        6.000        6.000       19.000
   295:       11.000        6.000        6.000        6.000        2.000
   300:        4.000       22.000       24.000       12.000       19.000
   305:       11.000        1.000        1.000        1.000        1.000
   310:        2.000        4.000       22.000       24.000       12.000
   315:       19.000       11.000        2.000        4.000       22.000
   320:       24.000       12.000       19.000       11.000        2.000
   325:        4.000       22.000       24.000       12.000       19.000
   330:       11.000        1.000        1.000        2.000        4.000
   335:       22.000       24.000       12.000       19.000       11.000
   340:        2.000        4.000       22.000       24.000       12.000
   345:       19.000       11.000        1.000        1.000        6.000
   350:        6.000        6.000        6.000        6.000        6.000
   355:        6.000        6.000        2.000        4.000       22.000
   360:       24.000       12.000        6.000       21.000       22.000
   365:       19.000       11.000        6.000        1.000        1.000
   370:        1.000        2.000        4.000       22.000       24.000
   375:       12.000       19.000       11.000        2.000        4.000
   380:       22.000       24.000       12.000       19.000       11.000
   385:        6.000        6.000        6.000        6.000        1.000
   390:        2.000        4.000       22.000       24.000       12.000
   395:       19.000       11.000        1.000        6.000        6.000
   400:        6.000        6.000        6.000        6.000        6.000
   405:        6.000        6.000        6.000        6.000        2.000
   410:        4.000       22.000       24.000       12.000       19.000
   415:       11.000        1.000        1.000        6.000        6.000
   420:        6.000        1.000        1.000        1.000        1.000
   425:        1.000        1.000        6.000        6.000        6.000
   430:        6.000        6.000        2.000        4.000       22.000
   435:       24.000       12.000       21.000       22.000       19.000
   440:       11.000        1.000        1.000        6.000        6.000
   445:        6.000        6.000        6.000        1.000        1.000
   450:        2.000        4.000       22.000       24.000       12.000
   455:        6.000       19.000       11.000        6.000        6.000
   460:        6.000        6.000        6.000        6.000        1.000
   465:        6.000        6.000        1.000        1.000        6.000
   470:        2.000        4.000       22.000       24.000       12.000
   475:       19.000       11.000        1.000        6.000        6.000
   480:        6.000        6.000        6.000        6.000        6.000
   485:        6.000        6.000        1.000        1.000        1.000
   490:        6.000        6.000        6.000        6.000        6.000
   495:        6.000        6.000        6.000        1.000        1.000
   500:        6.000        6.000        6.000        2.000        4.000
   505:       22.000       24.000       12.000       21.000       22.000
   510:       19.000       11.000        6.000        6.000        6.000
   515:        1.000        1.000        1.000        1.000        1.000
   520:        1.000        1.000        1.000        1.000        1.000
   525:        1.000        1.000        1.000        1.000        2.000
   530:        4.000       22.000       24.000       12.000       19.000
   535:       11.000        6.000        6.000        6.000        6.000
   540:        6.000        6.000        2.000        4.000       22.000
   545:       24.000       12.000       19.000       11.000        6.000
   550:        1.000        1.000        6.000        6.000        1.000
   555:        1.000        1.000        1.000        1.000        6.000
   560:        1.000        1.000        1.000        6.000        6.000
   565:        6.000        6.000        6.000        6.000        6.000
   570:        1.000        1.000        1.000        1.000        6.000
   575:        1.000        1.000      100.000
T:
     0:        0.000        0.000        0.000        0.000       14.120
     5:       15.100       34.290      104.060      106.140      131.540
    10:      154.100      154.100      154.100      154.110      154.110
    15:      159.960      164.100      164.110      181.780      268.940
    20:      268.940      268.940      268.950      268.950      273.060
    25:      273.060      278.940      278.950      331.640      332.970
    30:      333.600      339.760      339.760      339.760      339.770
    35:      339.770      349.760      349.770      371.500      488.970
    40:      592.210      592.210      592.210      592.220      592.220
    45:      593.290      593.290      602.210      602.220      605.240
    50:      605.800      650.210      650.210      650.210      650.220
    55:      650.220      660.210      660.220      739.630      739.630
    60:      739.630      739.640      739.640      749.630      749.640
    65:      754.170      759.320      763.660      763.730      859.740
    70:      880.750      881.090      882.370      882.910     1029.850
    75:     1029.950     1087.480     1087.480     1087.480     1087.490
    80:     1087.490     1097.480     1097.490     1139.030     1139.030
    85:     1139.030     1139.040     1139.040     1139.630     1139.630
    90:     1149.030     1149.040     1159.270     1159.270     1159.270
    95:     1159.280     1159.280     1169.270     1169.280     1240.950
   100:     1240.950     1240.950     1240.960     1240.960     1246.800
   105:     1246.800     1250.950     1250.960     1261.600     1261.600
   110:     1261.600     1261.610     1261.610     1269.500     1271.600
   115:     1271.610     1279.380     1282.030     1282.770     1287.880
   120:     1288.060     1323.680     1323.680     1323.680     1323.690
   125:     1323.690     1327.680     1329.060     1329.520     1333.680
   130:     1333.690     1348.940     1348.940     1348.940     1348.950
   135:     1348.950     1358.940     1358.950     1361.000     1361.000
   140:     1361.000     1361.010     1361.010     1371.000     1371.010
   145:     1374.520     1374.520     1374.520     1374.530     1374.530
   150:     1384.520     1384.530     1391.340     1391.340     1391.340
   155:     1391.350     1391.350     1401.340     1401.350     1420.600
   160:     1421.270     1422.000     1477.850     1477.890     1506.880
   165:     1513.310     1513.590     1539.110     1719.720     1719.720
   170:     1719.720     1719.730     1719.730     1729.720     1729.730
   175:     1743.050     1743.050     1743.050     1743.060     1743.060
   180:     1753.050     1753.060     1776.400     1808.600     1808.600
   185:     1808.600     1808.610     1808.610     1818.600     1818.610
   190:     1827.430     1827.430     1827.430     1827.440     1827.440
   195:     1827.510     1827.510     1828.700     1828.700     1831.540
   200:     1831.540     1835.360     1835.360     1837.300     1837.300
   205:     1837.430     1837.440     1841.790     1841.790     1841.790
   210:     1841.800     1841.800     1842.420     1842.420     1851.790
   215:     1851.800     2232.940     2233.200     2233.710     2233.930
   220:     2233.980     2234.740     2235.370     2265.630     2265.630
   225:     2265.630     2265.640     2265.640     2271.650     2271.650
   230:     2275.630     2275.640     2306.600     2307.010     2380.660
   235:     2380.660     2380.660     2380.670     2380.670     2390.660
   240:     2390.670     2493.720     2509.570     2509.920     2510.560
   245:     2511.010     2542.030     2542.620     2600.260     2600.670
   250:     2600.750     2601.300     2755.630     2755.680     2759.270
   255:     2759.270     2759.270     2759.280     2759.280     2769.270
   260:     2769.280     2769.290     2769.290     2769.290     2769.300
   265:     2769.300     2776.850     2776.850     2779.290     2779.300
   270:     2806.000     2806.000     2806.000     2806.010     2806.010
   275:     2816.000     2816.010     2818.240     2818.240     2818.240
   280:     2818.250     2818.250     2828.240     2828.250     2835.900
   285:     3006.940     3006.940     3006.940     3006.950     3006.950
   290:     3007.410     3007.410     3015.010     3015.700     3016.940
   295:     3016.950     3050.020     3105.290     3116.140     3128.290
   300:     3128.290     3128.290     3128.300     3128.300     3138.290
   305:     3138.300     3151.920     3547.480     3550.100     3550.160
   310:     3604.640     3604.640     3604.640     3604.650     3604.650
   315:     3614.640     3614.650     3698.300     3698.300     3698.300
   320:     3698.310     3698.310     3708.300     3708.310     3728.930
   325:     3728.930     3728.930     3728.940     3728.940     3738.930
   330:     3738.940     3848.750     3850.900     3964.470     3964.470
   335:     3964.470     3964.480     3964.480     3974.470     3974.480
   340:     3988.570     3988.570     3988.570     3988.580     3988.580
   345:     3998.570     3998.580     4092.380     4092.960     4118.420
   350:     4158.260     4158.570     4159.350     4159.390     4365.420
   355:     4365.540     4473.360     4511.860     4511.860     4511.860
   360:     4511.870     4511.870     4515.810     4520.330     4520.330
   365:     4521.860     4521.870     4522.200     4560.170     4654.010
   370:     4654.680     4722.440     4722.440     4722.440     4722.450
   375:     4722.450     4732.440     4732.450     4819.120     4819.120
   380:     4819.120     4819.130     4819.130     4829.120     4829.130
   385:     4847.180     4854.210     4860.060     4918.620     4956.830
   390:     5031.220     5031.220     5031.220     5031.230     5031.230
   395:     5041.220     5041.230     5201.320     5223.980     5225.820
   400:     5226.220     5226.750     5230.300     5230.950     5244.900
   405:     5248.390     5256.620     5257.010     5259.970     5266.700
   410:     5266.700     5266.700     5266.710     5266.710     5276.700
   415:     5276.710     5296.130     5296.860     5410.470     5411.050
   420:     5411.670     5460.140     5460.410     5505.650     5505.720
   425:     5518.550     5542.400     5693.180     5693.410     5693.620
   430:     5696.910     5698.190     5721.860     5721.860     5721.860
   435:     5721.870     5721.870     5725.040     5725.040     5731.860
   440:     5731.870     5929.940     5941.210     6087.690     6092.400
   445:     6096.200     6098.000     6173.120     6240.040     6240.110
   450:     6349.300     6349.300     6349.300     6349.310     6349.310
   455:     6350.950     6359.300     6359.310     6427.110     6427.250
   460:     6476.590     6536.710     6539.880     6649.990     6692.230
   465:     7034.340     7065.540     7076.570     7181.830     7278.570
   470:     7290.130     7290.130     7290.130     7290.140     7290.140
   475:     7300.130     7300.140     7305.580     7408.530     7417.430
   480:     7418.520     7546.020     7546.290     7548.160     7552.260
   485:     7555.160     7558.850     7619.500     7620.040     7620.260
   490:     7665.130     7871.050     7871.560     7871.770     7871.850
   495:     7871.930     7872.190     7872.660     7882.880     7882.930
   500:     7899.140     7899.410     8015.580     8018.300     8018.300
   505:     8018.300     8018.310     8018.310     8022.060     8022.060
   510:     8028.300     8028.310     8033.920     8034.730     8044.810
   515:     8080.230     8084.620     8084.670     8084.880     8085.440
   520:     8085.800     8085.850     8085.960     8086.970     8090.130
   525:     8090.180     8090.430     8090.500     8090.560     8141.390
   530:     8141.390     8141.390     8141.400     8141.400     8151.390
   535:     8151.400     8305.270     8306.050     8308.300     8311.790
   540:     8314.070     8314.330     8318.300     8318.300     8318.300
   545:     8318.310     8318.310     8328.300     8328.310     8526.980
   550:     8864.020     8864.110     8940.340     8940.650     9108.950
   555:     9109.420     9109.470     9110.120     9110.410     9757.420
   560:     9800.460     9801.070     9801.140    10089.980    10091.010
   565:    10091.030    10091.210    10229.010    10229.090    10240.240
   570:    10331.980    10333.090    10333.200    10333.740    10396.070
   575:    10471.460    10471.520    10800.000
