File: C:\MED-PC IV\DATA\!2025-03-21_09h14m.Subject 58



Start Date: 03/21/25
End Date: 03/21/25
Subject: 58
Experiment: OralFentSA
Group: One
Box: 2
Start Time:  9:14:40
End Time: 12:15:02
MSN: Golden_Liq_SelfAdmin_EXT
F:       0.000
G:    1488.000
H:   10800.010
I:       0.000
J:       0.000
K:       0.000
L:       0.000
M:       0.000
N:       0.000
O:       0.000
P:       0.000
Q:       0.000
R:       0.000
S:       0.000
U:       0.000
V:       0.000
W:       0.000
X:       0.000
Y:       0.000
Z:       0.000
A:
     0:        0.000        0.000      180.000        4.000        0.000
     5:        5.000        0.000        5.000        0.000        0.000
    10:        1.000        0.000       10.000 100000000.00       24.000
    15:       30.000      640.000        0.000        0.000        0.000
    20:        0.000
B:
     0:        0.000        0.000        0.000        0.000        0.000
     5:        0.000        0.000        0.000        0.000        0.000
    10:        0.000        0.000     1000.000 10000000000.        0.000
    15:        0.000        0.000        0.000        0.000        0.000
    20:        0.000
C:
     0:        0.000      131.000        0.000      223.000      433.000
     5:    10749.620        1.140       51.000     2933.160       57.513
    10:      223.000       85.000        0.000        0.000        0.000
    15:        0.000        0.000        0.000        0.000        0.000
    20:        0.000
D:
     0:       77.920      424.660        4.470       18.140       91.510
     5:        1.240        4.260      160.270       52.200       32.980
    10:       76.970      181.050       16.030        2.320      389.390
    15:       83.050       96.250       33.160       12.050      150.330
    20:        4.130       18.400       87.010       30.830        4.360
    25:       49.820       55.640      213.580       17.390        7.050
    30:        8.690        0.470        7.710       49.010       24.880
    35:       51.800       34.950      112.220        9.640       79.430
    40:        7.630        0.420       89.940        2.270       31.100
    45:        3.990        3.860        5.340        9.290        2.920
    50:        1.140
E:
     0:       19.000       11.000       26.000       27.000       23.000
     5:        2.000        4.000       22.000       24.000       21.000
    10:       22.000       21.000       22.000       19.000       11.000
    15:       23.000       23.000        6.000        6.000        6.000
    20:       23.000       23.000       23.000       23.000        2.000
    25:        4.000       22.000       24.000       21.000       22.000
    30:       21.000       22.000       19.000       11.000       23.000
    35:       23.000        2.000        4.000       22.000       24.000
    40:       21.000       22.000       21.000       22.000       21.000
    45:       22.000       19.000       11.000        2.000        4.000
    50:       22.000       24.000       19.000       11.000       23.000
    55:        2.000        4.000       22.000       24.000       19.000
    60:       11.000        6.000        2.000        4.000       22.000
    65:       24.000       19.000       11.000        2.000        4.000
    70:       22.000       24.000       19.000       11.000        2.000
    75:        4.000       22.000       24.000        6.000       19.000
    80:       11.000        2.000        4.000       22.000       24.000
    85:       21.000       22.000       19.000       11.000       23.000
    90:        2.000        4.000       22.000       24.000       19.000
    95:       11.000        2.000        4.000       22.000       24.000
   100:       19.000       11.000       23.000       23.000        2.000
   105:        4.000       22.000       24.000       21.000       22.000
   110:       21.000       22.000       19.000       11.000        2.000
   115:        4.000       22.000       24.000       19.000       11.000
   120:        6.000        6.000        6.000        6.000        6.000
   125:        6.000        6.000        6.000        6.000        6.000
   130:        6.000       23.000        2.000        4.000       22.000
   135:       24.000       19.000       11.000        2.000        4.000
   140:       22.000       24.000       19.000       11.000        2.000
   145:        4.000       22.000       24.000       21.000       22.000
   150:       19.000       11.000       23.000        2.000        4.000
   155:       22.000       24.000       19.000       11.000        6.000
   160:        6.000        6.000        6.000        6.000        6.000
   165:        6.000        6.000        6.000        6.000        6.000
   170:        6.000        6.000        6.000       23.000        2.000
   175:        4.000       22.000       24.000       21.000       22.000
   180:       21.000       22.000       21.000       22.000       21.000
   185:       22.000       19.000       11.000       23.000        2.000
   190:        4.000       22.000       24.000       19.000       11.000
   195:        2.000        4.000       22.000       24.000       21.000
   200:       22.000       21.000       22.000        6.000        6.000
   205:        6.000        6.000        6.000        6.000        6.000
   210:        6.000        6.000        6.000        6.000       19.000
   215:       11.000        6.000        6.000        6.000        6.000
   220:        6.000        6.000        6.000        6.000        6.000
   225:        6.000        6.000        6.000        6.000        6.000
   230:        6.000        6.000        6.000        6.000        6.000
   235:        6.000        6.000        6.000        6.000       23.000
   240:       23.000       23.000        2.000        4.000       22.000
   245:       24.000       19.000       11.000        2.000        4.000
   250:       22.000       24.000       19.000       11.000        2.000
   255:        4.000       22.000       24.000       21.000       22.000
   260:       21.000       22.000       19.000       11.000        2.000
   265:        4.000       22.000       24.000       21.000       22.000
   270:       19.000       11.000        2.000        4.000       22.000
   275:       24.000       19.000       11.000        2.000        4.000
   280:       22.000       24.000       21.000       22.000       19.000
   285:       11.000        2.000        4.000       22.000       24.000
   290:       21.000       22.000       19.000       11.000        2.000
   295:        4.000       22.000       24.000       19.000       11.000
   300:        2.000        4.000       22.000       24.000       19.000
   305:       11.000        2.000        4.000       22.000       24.000
   310:       21.000       22.000       19.000       11.000        2.000
   315:        4.000       22.000       24.000       19.000       11.000
   320:        2.000        4.000       22.000       24.000       21.000
   325:       22.000       19.000       11.000        2.000        4.000
   330:       22.000       24.000        6.000        6.000        6.000
   335:        6.000       19.000       11.000        6.000        2.000
   340:        4.000       22.000       24.000       19.000       11.000
   345:        2.000        4.000       22.000       24.000       19.000
   350:       11.000       23.000        6.000        6.000        6.000
   355:        2.000        4.000       22.000       24.000       19.000
   360:       11.000       23.000        2.000        4.000       22.000
   365:       24.000       19.000       11.000        2.000        4.000
   370:       22.000       24.000       21.000       22.000       19.000
   375:       11.000       23.000       23.000       23.000       23.000
   380:        6.000        6.000        6.000        6.000        6.000
   385:        6.000        6.000        2.000        4.000       22.000
   390:       24.000       21.000       22.000       21.000       22.000
   395:       19.000       11.000        6.000        2.000        4.000
   400:       22.000       24.000       21.000       22.000       19.000
   405:       11.000        6.000        2.000        4.000       22.000
   410:       24.000       19.000       11.000       23.000        6.000
   415:        2.000        4.000       22.000       24.000       19.000
   420:       11.000        2.000        4.000       22.000       24.000
   425:       19.000       11.000       23.000        2.000        4.000
   430:       22.000       24.000       19.000       11.000        2.000
   435:        4.000       22.000       24.000       19.000       11.000
   440:        2.000        4.000       22.000       24.000       19.000
   445:       11.000        2.000        4.000       22.000       24.000
   450:       19.000       11.000        2.000        4.000       22.000
   455:       24.000       19.000       11.000        2.000        4.000
   460:       22.000       24.000       21.000       22.000       21.000
   465:       22.000       19.000       11.000        6.000        6.000
   470:        6.000        6.000        6.000        6.000        6.000
   475:        6.000        6.000        6.000        6.000        2.000
   480:        4.000       22.000       24.000       21.000       22.000
   485:        6.000        6.000       19.000       11.000        6.000
   490:        6.000        6.000        2.000        4.000       22.000
   495:       24.000       19.000       11.000        6.000        2.000
   500:        4.000       22.000       24.000       19.000       11.000
   505:       23.000        6.000        2.000        4.000       22.000
   510:       24.000       19.000       11.000       23.000       23.000
   515:       23.000       23.000        2.000        4.000       22.000
   520:       24.000       19.000       11.000        2.000        4.000
   525:       22.000       24.000       19.000       11.000        6.000
   530:        6.000        6.000        6.000        6.000        6.000
   535:        6.000        6.000        6.000        6.000        6.000
   540:        6.000        6.000        6.000        2.000        4.000
   545:       22.000       24.000       19.000       11.000        2.000
   550:        4.000       22.000       24.000       21.000       22.000
   555:       19.000       11.000        6.000        2.000        4.000
   560:       22.000       24.000       21.000       22.000       19.000
   565:       11.000        6.000        6.000        6.000        6.000
   570:        6.000        6.000        6.000        6.000        6.000
   575:        6.000        6.000        6.000        6.000        6.000
   580:        6.000        6.000        6.000        6.000        6.000
   585:        6.000        6.000        6.000        6.000        6.000
   590:        6.000        6.000       23.000       23.000       23.000
   595:       23.000       23.000       23.000       23.000        2.000
   600:        4.000       22.000       24.000       19.000       11.000
   605:        2.000        4.000       22.000       24.000       21.000
   610:       22.000       19.000       11.000       23.000        2.000
   615:        4.000       22.000       24.000       21.000       22.000
   620:       19.000       11.000        6.000        2.000        4.000
   625:       22.000       24.000        6.000        6.000        6.000
   630:       19.000       11.000        6.000        2.000        4.000
   635:       22.000       24.000       23.000       19.000       11.000
   640:        6.000        2.000        4.000       22.000       24.000
   645:       21.000       22.000       19.000       11.000        2.000
   650:        4.000       22.000       24.000       19.000       11.000
   655:        2.000        4.000       22.000       24.000       21.000
   660:       22.000       19.000       11.000        2.000        4.000
   665:       22.000       24.000       21.000       22.000       19.000
   670:       11.000        2.000        4.000       22.000       24.000
   675:       21.000       22.000       19.000       11.000       23.000
   680:       23.000       23.000       23.000        6.000        6.000
   685:        6.000        6.000        6.000        6.000        6.000
   690:        6.000        6.000        6.000        6.000        6.000
   695:        6.000        6.000        6.000        6.000        6.000
   700:        6.000        6.000        6.000        6.000       23.000
   705:       23.000       23.000       23.000       23.000       23.000
   710:       23.000       23.000       23.000       23.000       23.000
   715:       23.000       23.000        6.000        6.000        6.000
   720:        6.000        6.000        2.000        4.000       22.000
   725:       24.000       19.000       11.000        6.000        6.000
   730:        2.000        4.000       22.000       24.000       21.000
   735:       22.000       21.000       22.000        6.000        6.000
   740:        6.000        6.000        6.000        6.000       19.000
   745:       11.000        6.000        6.000        6.000        6.000
   750:        2.000        4.000       22.000       24.000       21.000
   755:       22.000       19.000       11.000        2.000        4.000
   760:       22.000       24.000       21.000       22.000       19.000
   765:       11.000        6.000        6.000        6.000        6.000
   770:        2.000        4.000       22.000       24.000       21.000
   775:       22.000       19.000       11.000        2.000        4.000
   780:       22.000       24.000       21.000       22.000       19.000
   785:       11.000        6.000        2.000        4.000       22.000
   790:       24.000       21.000       22.000       21.000       22.000
   795:       19.000       11.000        2.000        4.000       22.000
   800:       24.000       19.000       11.000        6.000        6.000
   805:        6.000        6.000        6.000        6.000        6.000
   810:        2.000        4.000       22.000       24.000       21.000
   815:       22.000       19.000       11.000        2.000        4.000
   820:       22.000       24.000       21.000       22.000       21.000
   825:       22.000       19.000       11.000        2.000        4.000
   830:       22.000       24.000       19.000       11.000        2.000
   835:        4.000       22.000       24.000       21.000       22.000
   840:       21.000       22.000       19.000       11.000        2.000
   845:        4.000       22.000       24.000       19.000       11.000
   850:        6.000        6.000        6.000        6.000        6.000
   855:        6.000        6.000        6.000        6.000        6.000
   860:        6.000        6.000        6.000        6.000        6.000
   865:        6.000        6.000        6.000        6.000        6.000
   870:        6.000        6.000        6.000        6.000        6.000
   875:        6.000        6.000        6.000        6.000        6.000
   880:        6.000        6.000        6.000        6.000        6.000
   885:        6.000        6.000        6.000        2.000        4.000
   890:       22.000       24.000       19.000       11.000        2.000
   895:        4.000       22.000       24.000        6.000        6.000
   900:        6.000        6.000        6.000       19.000       11.000
   905:        6.000        6.000        6.000        6.000        6.000
   910:        6.000        6.000        6.000        6.000        6.000
   915:        6.000        6.000        6.000        6.000        6.000
   920:        6.000        6.000        6.000        6.000        6.000
   925:        6.000        2.000        4.000       22.000       24.000
   930:       21.000       22.000       21.000       22.000       19.000
   935:       11.000        2.000        4.000       22.000       24.000
   940:       21.000       22.000       21.000       22.000       21.000
   945:       22.000       19.000       11.000        2.000        4.000
   950:       22.000       24.000       21.000       22.000       19.000
   955:       11.000       23.000       23.000       23.000       23.000
   960:       23.000       23.000        2.000        4.000       22.000
   965:       24.000       21.000       22.000       21.000       22.000
   970:        6.000       19.000       11.000        2.000        4.000
   975:       22.000       24.000        6.000        6.000       19.000
   980:       11.000        6.000        6.000        6.000        6.000
   985:        6.000        6.000        6.000        6.000        6.000
   990:        6.000        6.000        6.000        6.000        6.000
   995:        6.000        6.000        6.000        6.000        6.000
  1000:        6.000       23.000        2.000        4.000       22.000
  1005:       24.000       19.000       11.000        2.000        4.000
  1010:       22.000       24.000       21.000       22.000       19.000
  1015:       11.000       23.000       23.000        2.000        4.000
  1020:       22.000       24.000       19.000       11.000        2.000
  1025:        4.000       22.000       24.000       19.000       11.000
  1030:        2.000        4.000       22.000       24.000       21.000
  1035:       22.000        6.000        6.000        6.000        6.000
  1040:       19.000       11.000        2.000        4.000       22.000
  1045:       24.000       19.000       11.000        6.000        6.000
  1050:        6.000        6.000        6.000        6.000        2.000
  1055:        4.000       22.000       24.000       19.000       11.000
  1060:        2.000        4.000       22.000       24.000       19.000
  1065:       11.000        6.000        6.000        6.000        2.000
  1070:        4.000       22.000       24.000       19.000       11.000
  1075:        6.000        6.000        6.000        6.000       23.000
  1080:       23.000       23.000       23.000       23.000       23.000
  1085:       23.000        2.000        4.000       22.000       24.000
  1090:       19.000       11.000        2.000        4.000       22.000
  1095:       24.000       21.000       22.000       19.000       11.000
  1100:        2.000        4.000       22.000       24.000       21.000
  1105:       22.000       19.000       11.000        2.000        4.000
  1110:       22.000       24.000       19.000       11.000        2.000
  1115:        4.000       22.000       24.000       19.000       11.000
  1120:        2.000        4.000       22.000       24.000       19.000
  1125:       11.000        2.000        4.000       22.000       24.000
  1130:       21.000       22.000       19.000       11.000        2.000
  1135:        4.000       22.000       24.000       21.000       22.000
  1140:       19.000       11.000        6.000        6.000        6.000
  1145:        6.000        6.000        6.000        6.000        6.000
  1150:        6.000        6.000        6.000        6.000        6.000
  1155:        6.000        6.000        6.000        6.000        6.000
  1160:        6.000        6.000        6.000        2.000        4.000
  1165:       22.000       24.000       21.000       22.000       21.000
  1170:       22.000       21.000       22.000       19.000       11.000
  1175:        2.000        4.000       22.000       24.000       19.000
  1180:       11.000        2.000        4.000       22.000       24.000
  1185:       21.000       22.000       21.000       22.000       19.000
  1190:       11.000       23.000        6.000        6.000        6.000
  1195:        6.000        2.000        4.000       22.000       24.000
  1200:        6.000       19.000       11.000        2.000        4.000
  1205:       22.000       24.000       19.000       11.000       23.000
  1210:        2.000        4.000       22.000       24.000       23.000
  1215:       23.000       19.000       11.000       23.000        6.000
  1220:        6.000        2.000        4.000       22.000       24.000
  1225:        6.000        6.000        6.000       21.000       22.000
  1230:       19.000       11.000        6.000        6.000        6.000
  1235:        6.000        6.000        6.000        6.000        2.000
  1240:        4.000       22.000       24.000        6.000        6.000
  1245:        6.000       21.000       22.000       21.000       22.000
  1250:       21.000       22.000       21.000       22.000       19.000
  1255:       11.000        2.000        4.000       22.000       24.000
  1260:       21.000       22.000       21.000       22.000       19.000
  1265:       11.000        6.000        6.000        6.000        6.000
  1270:        6.000        6.000        6.000        6.000        6.000
  1275:        6.000        6.000        6.000        6.000        6.000
  1280:        6.000        6.000        6.000        6.000        6.000
  1285:        6.000        6.000        6.000       23.000        6.000
  1290:        6.000        6.000        6.000        6.000        6.000
  1295:        6.000        6.000        6.000        6.000        2.000
  1300:        4.000       22.000       24.000       21.000       22.000
  1305:        6.000        6.000        6.000        6.000        6.000
  1310:        6.000        6.000        6.000        6.000       19.000
  1315:       11.000        6.000        6.000        6.000        6.000
  1320:        6.000        6.000        2.000        4.000       22.000
  1325:       24.000       21.000       22.000       21.000       22.000
  1330:       19.000       11.000        2.000        4.000       22.000
  1335:       24.000       19.000       11.000        6.000        6.000
  1340:        6.000        6.000        6.000        6.000        6.000
  1345:        6.000        2.000        4.000       22.000       24.000
  1350:       19.000       11.000        2.000        4.000       22.000
  1355:       24.000        6.000        6.000       19.000       11.000
  1360:        6.000        6.000        2.000        4.000       22.000
  1365:       24.000       21.000       22.000       19.000       11.000
  1370:        2.000        4.000       22.000       24.000       21.000
  1375:       22.000       19.000       11.000        2.000        4.000
  1380:       22.000       24.000       21.000       22.000       23.000
  1385:       19.000       11.000       23.000        2.000        4.000
  1390:       22.000       24.000        6.000       19.000       11.000
  1395:        2.000        4.000       22.000       24.000       21.000
  1400:       22.000       21.000       22.000        6.000        6.000
  1405:        6.000        6.000        6.000       21.000       22.000
  1410:       19.000       11.000        2.000        4.000       22.000
  1415:       24.000       21.000       22.000        6.000        6.000
  1420:       19.000       11.000        6.000        6.000        6.000
  1425:        2.000        4.000       22.000       24.000       21.000
  1430:       22.000       19.000       11.000        2.000        4.000
  1435:       22.000       24.000       19.000       11.000        2.000
  1440:        4.000       22.000       24.000       21.000       22.000
  1445:       21.000       22.000       19.000       11.000       23.000
  1450:        2.000        4.000       22.000       24.000        6.000
  1455:        6.000        6.000        6.000        6.000        6.000
  1460:       19.000       11.000        6.000        6.000        6.000
  1465:        6.000        6.000        6.000       23.000        6.000
  1470:        6.000        6.000        2.000        4.000       22.000
  1475:       24.000        6.000        6.000       21.000       22.000
  1480:        6.000        6.000        6.000        6.000       21.000
  1485:       22.000       19.000       11.000      100.000
T:
     0:        0.000        0.000        0.000        0.000        4.310
     5:       17.340       17.340       17.340       17.350       17.870
    10:       17.870       18.020       18.020       27.340       27.350
    15:       45.710       54.900       95.270       95.980      100.730
    20:      107.920      108.100      112.010      284.320      293.090
    25:      293.090      293.090      293.100      293.490      293.490
    30:      297.570      297.570      303.090      303.100      396.120
    35:      397.770      622.760      622.760      622.760      622.770
    40:      628.640      628.640      628.950      628.950      629.210
    45:      629.210      632.760      632.770      673.290      673.290
    50:      673.290      673.300      683.290      683.300      718.010
    55:      763.870      763.870      763.870      763.880      773.870
    60:      773.880     1188.540     1272.450     1272.450     1272.450
    65:     1272.460     1282.450     1282.460     1295.120     1295.120
    70:     1295.120     1295.130     1305.120     1305.130     1345.020
    75:     1345.020     1345.020     1345.030     1349.500     1355.020
    80:     1355.030     1367.710     1367.710     1367.710     1367.720
    85:     1367.990     1367.990     1377.710     1377.720     1495.480
    90:     1505.970     1505.970     1505.970     1505.980     1515.970
    95:     1515.980     1571.630     1571.630     1571.630     1571.640
   100:     1581.630     1581.640     1640.670     1643.250     1665.100
   105:     1665.100     1665.100     1665.110     1665.520     1665.520
   110:     1674.800     1674.800     1675.100     1675.110     1677.420
   115:     1677.420     1677.420     1677.430     1687.420     1687.430
   120:     1695.570     1696.380     1696.520     1696.550     1696.960
   125:     1697.700     1699.600     1700.520     1700.630     1700.850
   130:     1703.780     1813.580     1832.260     1832.260     1832.260
   135:     1832.270     1842.260     1842.270     1850.940     1850.940
   140:     1850.940     1850.950     1860.940     1860.950     1905.800
   145:     1905.800     1905.800     1905.810     1906.140     1906.140
   150:     1915.800     1915.810     2316.270     2373.360     2373.360
   155:     2373.360     2373.370     2383.360     2383.370     2464.880
   160:     2485.320     2489.210     2491.220     2494.850     2569.190
   165:     2569.610     2569.640     2572.220     2572.310     2572.370
   170:     2572.430     2575.420     2575.500     2602.140     2607.770
   175:     2607.770     2607.770     2607.780     2608.540     2608.540
   180:     2611.310     2611.310     2611.860     2611.860     2613.500
   185:     2613.500     2617.770     2617.780     2634.900     2982.900
   190:     2982.900     2982.900     2982.910     2992.900     2992.910
   195:     3015.500     3015.500     3015.500     3015.510     3015.730
   200:     3015.730     3016.210     3016.210     3016.750     3017.130
   205:     3018.220     3018.680     3018.800     3020.080     3020.870
   210:     3021.030     3021.260     3021.480     3025.170     3025.500
   215:     3025.510     3025.630     3025.670     3029.570     3030.540
   220:     3030.590     3031.020     3031.280     3031.530     3031.560
   225:     3032.620     3032.690     3032.720     3032.930     3033.090
   230:     3034.520     3036.480     3036.920     3036.940     3037.050
   235:     3039.170     3039.710     3041.670     3042.920     3053.310
   240:     3102.870     3115.750     3187.760     3187.760     3187.760
   245:     3187.770     3197.760     3197.770     3330.900     3330.900
   250:     3330.900     3330.910     3340.900     3340.910     3538.420
   255:     3538.420     3538.420     3538.430     3538.770     3538.770
   260:     3544.270     3544.270     3548.420     3548.430     3592.860
   265:     3592.860     3592.860     3592.870     3593.290     3593.290
   270:     3602.860     3602.870     3613.180     3613.180     3613.180
   275:     3613.190     3623.180     3623.190     3629.400     3629.400
   280:     3629.400     3629.410     3638.180     3638.180     3639.400
   285:     3639.410     3646.450     3646.450     3646.450     3646.460
   290:     3654.540     3654.540     3656.450     3656.460     3675.250
   295:     3675.250     3675.250     3675.260     3685.250     3685.260
   300:     3701.950     3701.950     3701.950     3701.960     3711.950
   305:     3711.960     3715.400     3715.400     3715.400     3715.410
   310:     3715.600     3715.600     3725.400     3725.410     3744.590
   315:     3744.590     3744.590     3744.600     3754.590     3754.600
   320:     3857.980     3857.980     3857.980     3857.990     3858.250
   325:     3858.250     3867.980     3867.990     3903.570     3903.570
   330:     3903.570     3903.580     3907.840     3908.330     3909.080
   335:     3912.050     3913.570     3913.580     3933.640     3945.900
   340:     3945.900     3945.900     3945.910     3955.900     3955.910
   345:     3960.520     3960.520     3960.520     3960.530     3970.520
   350:     3970.530     3977.640     4120.800     4120.890     4121.030
   355:     4257.380     4257.380     4257.380     4257.390     4267.380
   360:     4267.390     4293.090     4329.960     4329.960     4329.960
   365:     4329.970     4339.960     4339.970     4346.010     4346.010
   370:     4346.010     4346.020     4346.220     4346.220     4356.010
   375:     4356.020     4368.870     4374.470     4376.610     4377.370
   380:     4398.220     4398.690     4398.780     4398.940     4399.050
   385:     4399.270     4399.450     4403.650     4403.650     4403.650
   390:     4403.660     4403.800     4403.800     4404.250     4404.250
   395:     4413.650     4413.660     4436.640     4480.190     4480.190
   400:     4480.190     4480.200     4480.770     4480.770     4490.190
   405:     4490.200     4557.170     4583.770     4583.770     4583.770
   410:     4583.780     4593.770     4593.780     4738.280     4764.830
   415:     4780.400     4780.400     4780.400     4780.410     4790.400
   420:     4790.410     4797.610     4797.610     4797.610     4797.620
   425:     4807.610     4807.620     4836.580     4859.630     4859.630
   430:     4859.630     4859.640     4869.630     4869.640     4899.970
   435:     4899.970     4899.970     4899.980     4909.970     4909.980
   440:     4931.300     4931.300     4931.300     4931.310     4941.300
   445:     4941.310     4957.000     4957.000     4957.000     4957.010
   450:     4967.000     4967.010     4967.940     4967.940     4967.940
   455:     4967.950     4977.940     4977.950     4996.730     4996.730
   460:     4996.730     4996.740     4998.410     4998.410     4998.830
   465:     4998.830     5006.730     5006.740     5012.770     5015.760
   470:     5015.970     5024.220     5025.240     5027.000     5033.880
   475:     5034.300     5037.510     5058.110     5058.190     5063.550
   480:     5063.550     5063.550     5063.560     5063.750     5063.750
   485:     5065.880     5066.260     5073.550     5073.560     5088.760
   490:     5089.400     5089.470     5148.730     5148.730     5148.730
   495:     5148.740     5158.730     5158.740     5538.130     5563.680
   500:     5563.680     5563.680     5563.690     5573.680     5573.690
   505:     5600.870     5646.740     5648.320     5648.320     5648.320
   510:     5648.330     5658.320     5658.330     5830.510     5831.060
   515:     5834.740     5868.290     5884.850     5884.850     5884.850
   520:     5884.860     5894.850     5894.860     5912.990     5912.990
   525:     5912.990     5913.000     5922.990     5923.000     6009.250
   530:     6011.820     6015.200     6015.730     6016.410     6016.490
   535:     6016.810     6016.870     6016.930     6017.000     6018.950
   540:     6019.250     6019.410     6020.110     6033.390     6033.390
   545:     6033.390     6033.400     6043.390     6043.400     6049.920
   550:     6049.920     6049.920     6049.930     6055.040     6055.040
   555:     6059.920     6059.930     6083.090     6084.810     6084.810
   560:     6084.810     6084.820     6088.240     6088.240     6094.810
   565:     6094.820     6096.870     6097.310     6103.420     6103.750
   570:     6103.890     6103.920     6104.000     6104.110     6104.330
   575:     6104.850     6105.170     6105.390     6105.890     6105.970
   580:     6106.240     6106.390     6106.450     6106.890     6110.280
   585:     6115.130     6115.520     6115.710     6115.860     6116.080
   590:     6118.790     6119.030     6127.200     6128.660     6130.880
   595:     6188.390     6190.750     6220.370     6228.500     6269.700
   600:     6269.700     6269.700     6269.710     6279.700     6279.710
   605:     6295.530     6295.530     6295.530     6295.540     6295.940
   610:     6295.940     6305.530     6305.540     6383.980     6408.090
   615:     6408.090     6408.090     6408.100     6408.280     6408.280
   620:     6418.090     6418.100     6558.430     6571.030     6571.030
   625:     6571.030     6571.040     6575.170     6578.290     6578.840
   630:     6581.030     6581.040     6583.810     6591.600     6591.600
   635:     6591.600     6591.610     6600.580     6601.600     6601.610
   640:     6610.010     6633.350     6633.350     6633.350     6633.360
   645:     6633.950     6633.950     6643.350     6643.360     6669.510
   650:     6669.510     6669.510     6669.520     6679.510     6679.520
   655:     6808.170     6808.170     6808.170     6808.180     6815.200
   660:     6815.200     6818.170     6818.180     6850.030     6850.030
   665:     6850.030     6850.040     6853.800     6853.800     6860.030
   670:     6860.040     6860.730     6860.730     6860.730     6860.740
   675:     6861.110     6861.110     6870.730     6870.740     6896.430
   680:     6919.090     6919.340     6923.800     6947.750     6963.110
   685:     6963.140     6963.330     6965.940     6966.310     6966.560
   690:     6966.790     6967.760     6970.240     6970.290     6970.560
   695:     6970.700     6970.750     6970.920     6971.590     6973.590
   700:     6983.430     6985.980     6986.100     6987.890     7080.060
   705:     7147.470     7148.820     7150.370     7152.540     7155.220
   710:     7158.090     7158.560     7217.810     7281.490     7287.680
   715:     7288.240     7289.010     7307.510     7311.790     7312.520
   720:     7320.640     7323.570     7343.860     7343.860     7343.860
   725:     7343.870     7353.860     7353.870     7374.700     7374.740
   730:     7380.960     7380.960     7380.960     7380.970     7381.450
   735:     7381.450     7382.120     7382.120     7385.330     7385.680
   740:     7385.780     7389.740     7390.320     7390.360     7390.960
   745:     7390.970     7392.180     7393.300     7393.970     7393.990
   750:     7402.500     7402.500     7402.500     7402.510     7403.040
   755:     7403.040     7412.500     7412.510     7426.680     7426.680
   760:     7426.680     7426.690     7427.930     7427.930     7436.680
   765:     7436.690     7476.510     7476.980     7477.020     7497.510
   770:     7505.720     7505.720     7505.720     7505.730     7512.160
   775:     7512.160     7515.720     7515.730     7518.330     7518.330
   780:     7518.330     7518.340     7524.520     7524.520     7528.330
   785:     7528.340     7573.980     7577.020     7577.020     7577.020
   790:     7577.030     7579.110     7579.110     7579.420     7579.420
   795:     7587.020     7587.030     7590.590     7590.590     7590.590
   800:     7590.600     7600.590     7600.600     7804.180     7816.740
   805:     7819.730     7820.680     7820.780     7820.850     7821.100
   810:     7826.360     7826.360     7826.360     7826.370     7826.710
   815:     7826.710     7836.360     7836.370     7868.440     7868.440
   820:     7868.440     7868.450     7869.170     7869.170     7869.300
   825:     7869.300     7878.440     7878.450     7920.060     7920.060
   830:     7920.060     7920.070     7930.060     7930.070     7962.370
   835:     7962.370     7962.370     7962.380     7962.950     7962.950
   840:     7964.850     7964.850     7972.370     7972.380     8072.340
   845:     8072.340     8072.340     8072.350     8082.340     8082.350
   850:     8089.740     8096.730     8115.270     8115.670     8116.130
   855:     8116.170     8119.080     8120.080     8120.290     8123.240
   860:     8123.400     8123.940     8125.370     8125.580     8129.570
   865:     8129.820     8129.880     8130.260     8130.660     8130.670
   870:     8131.300     8131.430     8142.840     8142.900     8143.080
   875:     8143.460     8143.530     8146.640     8147.040     8151.350
   880:     8151.380     8151.620     8151.810     8151.840     8151.980
   885:     8152.050     8152.090     8152.310     8159.900     8159.900
   890:     8159.900     8159.910     8169.900     8169.910     8179.200
   895:     8179.200     8179.200     8179.210     8186.260     8186.420
   900:     8188.670     8188.840     8188.870     8189.200     8189.210
   905:     8193.520     8193.940     8194.100     8194.350     8194.430
   910:     8194.770     8194.950     8199.930     8200.000     8200.120
   915:     8202.440     8205.150     8205.230     8205.290     8205.560
   920:     8205.750     8208.180     8211.520     8211.550     8211.660
   925:     8212.140     8236.860     8236.860     8236.860     8236.870
   930:     8237.210     8237.210     8241.400     8241.400     8246.860
   935:     8246.870     8273.060     8273.060     8273.060     8273.070
   940:     8273.450     8273.450     8275.670     8275.670     8277.660
   945:     8277.660     8283.060     8283.070     8283.240     8283.240
   950:     8283.240     8283.250     8283.490     8283.490     8293.240
   955:     8293.250     8334.460     8341.900     8342.170     8398.420
   960:     8400.480     8402.800     8424.210     8424.210     8424.210
   965:     8424.220     8424.590     8424.590     8429.550     8429.550
   970:     8432.910     8434.210     8434.220     8434.640     8434.640
   975:     8434.640     8434.650     8435.120     8436.960     8444.640
   980:     8444.650     8445.110     8445.220     8445.600     8451.940
   985:     8452.370     8452.400     8452.550     8452.740     8453.100
   990:     8455.380     8455.660     8456.310     8456.410     8456.910
   995:     8457.340     8462.630     8462.820     8463.240     8463.320
  1000:     8491.430     8658.140     8696.070     8696.070     8696.070
  1005:     8696.080     8706.070     8706.080     8708.920     8708.920
  1010:     8708.920     8708.930     8709.300     8709.300     8718.920
  1015:     8718.930     8806.630     8815.510     8846.700     8846.700
  1020:     8846.700     8846.710     8856.700     8856.710     8925.430
  1025:     8925.430     8925.430     8925.440     8935.430     8935.440
  1030:     8964.850     8964.850     8964.850     8964.860     8967.690
  1035:     8967.690     8972.570     8972.640     8973.000     8973.210
  1040:     8974.850     8974.860     8984.820     8984.820     8984.820
  1045:     8984.830     8994.820     8994.830     9033.840     9033.940
  1050:     9034.210     9034.310     9037.240     9041.260     9090.550
  1055:     9090.550     9090.550     9090.560     9100.550     9100.560
  1060:     9116.490     9116.490     9116.490     9116.500     9126.490
  1065:     9126.500     9141.380     9141.630     9141.680     9174.450
  1070:     9174.450     9174.450     9174.460     9184.450     9184.460
  1075:     9226.260     9228.200     9240.110     9243.590     9286.210
  1080:     9287.110     9291.740     9292.070     9292.770     9302.280
  1085:     9302.920     9315.800     9315.800     9315.800     9315.810
  1090:     9325.800     9325.810     9340.460     9340.460     9340.460
  1095:     9340.470     9346.590     9346.590     9350.460     9350.470
  1100:     9431.000     9431.000     9431.000     9431.010     9431.680
  1105:     9431.680     9441.000     9441.010     9449.390     9449.390
  1110:     9449.390     9449.400     9459.390     9459.400     9461.330
  1115:     9461.330     9461.330     9461.340     9471.330     9471.340
  1120:     9509.560     9509.560     9509.560     9509.570     9519.560
  1125:     9519.570     9526.310     9526.310     9526.310     9526.320
  1130:     9526.760     9526.760     9536.310     9536.320     9538.580
  1135:     9538.580     9538.580     9538.590     9538.720     9538.720
  1140:     9548.580     9548.590     9573.540     9585.320     9585.750
  1145:     9585.760     9585.800     9585.860     9585.940     9586.050
  1150:     9587.100     9590.330     9590.730     9590.800     9590.860
  1155:     9590.940     9591.020     9591.120     9591.220     9591.260
  1160:     9595.160     9596.030     9600.490     9601.980     9601.980
  1165:     9601.980     9601.990     9606.080     9606.080     9607.390
  1170:     9607.390     9608.490     9608.490     9611.980     9611.990
  1175:     9614.300     9614.300     9614.300     9614.310     9624.300
  1180:     9624.310     9633.270     9633.270     9633.270     9633.280
  1185:     9637.210     9637.210     9640.800     9640.800     9643.270
  1190:     9643.280     9668.860     9745.500     9771.650     9773.450
  1195:     9799.690     9801.480     9801.480     9801.480     9801.490
  1200:     9811.130     9811.480     9811.490     9831.000     9831.000
  1205:     9831.000     9831.010     9841.000     9841.010     9876.680
  1210:     9885.610     9885.610     9885.610     9885.620     9892.270
  1215:     9892.880     9895.610     9895.620     9954.490     9965.050
  1220:     9965.440     9989.330     9989.330     9989.330     9989.340
  1225:     9996.970     9997.070     9997.210     9998.390     9998.390
  1230:     9999.330     9999.340    10004.150    10004.180    10004.870
  1235:    10004.940    10006.510    10006.770    10007.230    10008.520
  1240:    10008.520    10008.520    10008.530    10008.950    10009.120
  1245:    10013.290    10016.230    10016.230    10017.770    10017.770
  1250:    10018.320    10018.320    10018.450    10018.450    10018.520
  1255:    10018.530    10025.800    10025.800    10025.800    10025.810
  1260:    10029.090    10029.090    10035.100    10035.100    10035.800
  1265:    10035.810    10115.750    10119.200    10124.370    10125.350
  1270:    10126.550    10128.190    10128.220    10128.260    10128.390
  1275:    10132.800    10137.230    10145.650    10147.410    10149.430
  1280:    10151.260    10152.850    10153.820    10153.900    10156.280
  1285:    10156.740    10156.820    10157.310    10191.940    10213.230
  1290:    10214.350    10214.510    10223.580    10223.920    10223.970
  1295:    10224.030    10224.100    10224.120    10233.620    10247.720
  1300:    10247.720    10247.720    10247.730    10248.140    10248.140
  1305:    10250.000    10250.200    10250.260    10254.420    10254.460
  1310:    10254.640    10254.710    10255.350    10257.350    10257.720
  1315:    10257.730    10261.920    10262.190    10262.400    10262.500
  1320:    10262.590    10268.520    10269.290    10269.290    10269.290
  1325:    10269.300    10275.690    10275.690    10278.780    10278.780
  1330:    10279.290    10279.300    10280.280    10280.280    10280.280
  1335:    10280.290    10290.280    10290.290    10311.390    10317.940
  1340:    10324.090    10324.810    10324.970    10325.070    10325.170
  1345:    10325.680    10349.790    10349.790    10349.790    10349.800
  1350:    10359.790    10359.800    10368.860    10368.860    10368.860
  1355:    10368.870    10372.860    10373.370    10378.860    10378.870
  1360:    10398.250    10399.040    10400.310    10400.310    10400.310
  1365:    10400.320    10410.070    10410.070    10410.310    10410.320
  1370:    10416.780    10416.780    10416.780    10416.790    10424.180
  1375:    10424.180    10426.780    10426.790    10427.350    10427.350
  1380:    10427.350    10427.360    10427.770    10427.770    10437.330
  1385:    10437.350    10437.360    10440.160    10452.550    10452.550
  1390:    10452.550    10452.560    10456.420    10462.550    10462.560
  1395:    10466.610    10466.610    10466.610    10466.620    10467.050
  1400:    10467.050    10470.230    10470.230    10471.960    10472.440
  1405:    10472.790    10472.800    10472.840    10474.070    10474.070
  1410:    10476.610    10476.620    10488.410    10488.410    10488.410
  1415:    10488.420    10493.050    10493.050    10497.710    10497.750
  1420:    10498.410    10498.420    10498.510    10498.530    10498.730
  1425:    10503.240    10503.240    10503.240    10503.250    10508.970
  1430:    10508.970    10513.240    10513.250    10525.870    10525.870
  1435:    10525.870    10525.880    10535.870    10535.880    10541.020
  1440:    10541.020    10541.020    10541.030    10547.580    10547.580
  1445:    10550.900    10550.900    10551.020    10551.030    10592.440
  1450:    10608.000    10608.000    10608.000    10608.010    10610.930
  1455:    10611.380    10616.720    10616.760    10616.780    10617.150
  1460:    10618.000    10618.010    10618.380    10618.630    10619.670
  1465:    10619.810    10619.830    10622.020    10715.890    10742.180
  1470:    10742.780    10742.850    10749.610    10749.610    10749.610
  1475:    10749.620    10750.760    10751.050    10752.600    10752.600
  1480:    10753.830    10754.100    10754.140    10754.350    10755.970
  1485:    10755.970    10759.610    10759.620    10800.010
