File: C:\MED-PC\Data\2025-03-17_08h54m_Subject 78.txt


Start Date: 03/17/25
End Date: 03/17/25
Subject: 78
Experiment: OralFentSA
Group: One
Box: 6
Start Time: 08:54:10
End Time: 11:54:32
MSN: 20241014_Golden_Liq_SelfAdmin
F:       0.000
G:    1272.000
H:   10800.000
I:       0.000
J:       0.000
K:       0.000
L:       0.000
M:       0.000
N:       0.000
O:       0.000
P:       0.000
Q:       0.000
R:       0.000
S:       0.000
U:       0.000
V:       0.000
W:       0.000
X:       0.000
Y:       0.000
Z:       0.000
A:
     0:        0.000        0.000      180.000        4.000        0.000
     5:        5.000        0.000        5.000        0.000        0.000
    10:        1.000        0.000       10.000  3000000.000       18.000
    15:       15.000      640.000        0.000        0.000        0.000
    20:        0.000
B:
     0:        0.000        0.000        0.000      400.000        0.000
     5:      500.000        0.000      500.000        0.000        0.000
    10:        0.000        0.000     1000.000 300000000.000        0.000
    15:        0.000        0.000        0.000        0.000        0.000
    20:        0.000
C:
     0:       67.000       68.000       54.000      123.000      164.000
     5:    10704.790        5.280       47.000     1939.280       41.261
    10:      123.000       54.000        0.000        0.000        0.000
    15:        0.000        0.000        0.000        0.000        0.000
    20:        0.000
D:
     0:       97.670      275.220        5.330       20.690        6.000
     5:        2.710        3.230        5.100      375.180        4.670
    10:      522.130        1.840       12.630        3.080      104.140
    15:       12.460        3.500       14.440        2.040        4.950
    20:       25.050       10.640       56.590       25.040        8.180
    25:        3.610        5.040       16.900        5.030        3.060
    30:        6.270        9.100       17.030       39.830        3.250
    35:        8.720        1.730        1.530        8.230       13.730
    40:        6.210       94.370        2.140       77.150        5.360
    45:        3.200        5.280
E:
     0:       19.000       11.000       26.000       27.000        2.000
     5:        4.000       22.000       24.000       12.000       13.000
    10:        8.000        5.000       17.000       18.000       14.000
    15:       10.000       19.000       11.000        2.000        4.000
    20:       22.000       24.000       12.000       13.000        8.000
    25:        5.000       17.000       18.000       14.000       10.000
    30:       19.000       11.000        6.000        2.000        4.000
    35:       22.000       24.000       12.000       13.000        8.000
    40:        5.000       17.000       21.000       22.000       21.000
    45:       22.000       18.000       14.000       10.000       21.000
    50:       22.000       21.000       22.000       19.000       11.000
    55:        1.000        6.000        6.000        6.000        6.000
    60:        6.000        2.000        4.000       22.000       24.000
    65:       12.000       13.000        8.000        5.000       17.000
    70:       18.000       14.000       10.000        6.000        6.000
    75:       19.000       11.000        6.000        6.000        6.000
    80:        6.000        2.000        4.000       22.000       24.000
    85:       12.000       13.000        8.000        5.000       17.000
    90:       18.000       14.000       10.000       19.000       11.000
    95:        6.000        6.000        6.000        2.000        4.000
   100:       22.000       24.000       12.000       13.000        8.000
   105:        5.000       17.000       21.000       22.000       21.000
   110:       22.000       18.000       14.000       10.000        6.000
   115:       19.000       11.000        1.000        1.000        6.000
   120:        6.000        6.000        6.000        6.000        6.000
   125:        2.000        4.000       22.000       24.000       12.000
   130:       13.000        8.000        5.000       17.000        6.000
   135:       18.000       14.000       10.000       19.000       11.000
   140:        6.000        2.000        4.000       22.000       24.000
   145:       12.000       13.000        8.000        5.000       17.000
   150:        6.000       18.000       14.000       10.000       19.000
   155:       11.000        6.000        6.000        2.000        4.000
   160:       22.000       24.000       12.000       13.000        8.000
   165:        5.000       17.000       18.000       14.000       10.000
   170:        6.000       21.000       22.000       21.000       22.000
   175:       19.000       11.000        6.000        1.000        6.000
   180:        6.000        6.000        2.000        4.000       22.000
   185:       24.000       12.000       13.000        8.000        5.000
   190:       17.000       18.000       14.000       10.000       21.000
   195:       22.000       19.000       11.000        6.000        2.000
   200:        4.000       22.000       24.000       12.000       13.000
   205:        8.000        5.000       17.000       18.000        6.000
   210:       14.000       10.000        6.000       19.000       11.000
   215:        2.000        4.000       22.000       24.000       12.000
   220:       13.000        8.000        5.000       17.000       18.000
   225:       14.000       10.000       19.000       11.000        6.000
   230:        6.000        2.000        4.000       22.000       24.000
   235:       12.000       13.000        8.000        5.000       17.000
   240:        6.000       18.000       14.000       10.000       19.000
   245:       11.000        6.000        6.000        6.000        2.000
   250:        4.000       22.000       24.000       12.000       13.000
   255:        8.000        5.000       17.000       18.000       14.000
   260:       10.000       21.000       22.000       19.000       11.000
   265:        6.000        2.000        4.000       22.000       24.000
   270:       12.000       13.000        8.000        5.000       17.000
   275:        6.000        6.000       18.000       14.000       10.000
   280:       21.000       22.000       19.000       11.000        1.000
   285:        6.000        1.000        1.000        6.000        2.000
   290:        4.000       22.000       24.000       12.000       13.000
   295:        8.000        5.000       17.000       18.000       14.000
   300:       10.000       19.000       11.000        6.000        6.000
   305:        6.000        1.000        1.000        2.000        4.000
   310:       22.000       24.000       12.000       13.000        8.000
   315:        5.000       17.000       18.000       14.000       10.000
   320:       19.000       11.000        1.000        2.000        4.000
   325:       22.000       24.000       12.000       13.000        8.000
   330:        5.000       17.000       18.000       14.000       10.000
   335:       19.000       11.000        6.000        6.000        6.000
   340:        2.000        4.000       22.000       24.000       12.000
   345:       13.000        8.000        5.000       17.000       18.000
   350:       14.000       10.000       19.000       11.000        2.000
   355:        4.000       22.000       24.000       12.000       13.000
   360:        8.000        5.000       17.000        6.000       18.000
   365:        6.000       14.000       10.000       19.000       11.000
   370:        6.000        6.000        6.000        6.000        6.000
   375:        2.000        4.000       22.000       24.000       12.000
   380:       13.000        8.000        5.000       17.000       21.000
   385:       22.000       21.000       22.000       18.000       14.000
   390:       10.000       19.000       11.000        2.000        4.000
   395:       22.000       24.000       12.000       13.000        8.000
   400:        5.000       17.000       18.000       14.000       10.000
   405:       21.000       22.000       20.000       19.000       11.000
   410:        1.000        1.000        1.000        2.000        4.000
   415:       22.000       24.000       12.000       13.000        8.000
   420:        5.000       17.000       21.000       22.000       18.000
   425:       14.000       10.000       19.000       11.000        2.000
   430:        4.000       22.000       24.000       12.000       13.000
   435:        8.000        5.000       17.000       21.000       22.000
   440:       18.000       14.000       10.000       19.000       11.000
   445:        2.000        4.000       22.000       24.000       12.000
   450:       13.000        8.000        5.000       17.000       18.000
   455:       20.000       20.000       14.000       10.000       19.000
   460:       11.000        6.000        2.000        4.000       22.000
   465:       24.000       12.000       13.000        8.000        5.000
   470:       17.000        6.000       18.000       14.000       10.000
   475:       19.000       11.000        1.000        1.000        1.000
   480:        1.000        6.000        6.000        6.000        6.000
   485:        2.000        4.000       22.000       24.000       12.000
   490:       13.000        8.000        5.000       17.000       21.000
   495:       22.000       18.000        6.000       14.000       10.000
   500:       20.000       19.000       11.000        6.000        2.000
   505:        4.000       22.000       24.000       12.000       13.000
   510:        8.000        5.000       17.000       21.000       22.000
   515:       18.000       14.000       10.000       19.000       11.000
   520:        6.000        2.000        4.000       22.000       24.000
   525:       12.000       13.000        8.000        5.000       17.000
   530:       18.000       14.000       10.000       19.000       11.000
   535:        2.000        4.000       22.000       24.000       12.000
   540:       13.000        8.000        5.000       17.000       18.000
   545:       14.000       10.000       19.000       11.000        6.000
   550:        6.000        2.000        4.000       22.000       24.000
   555:       12.000       13.000        8.000        5.000       17.000
   560:       18.000       14.000       10.000       19.000       11.000
   565:        6.000        1.000        1.000        1.000        2.000
   570:        4.000       22.000       24.000       12.000       13.000
   575:        8.000        5.000       17.000       18.000       14.000
   580:       10.000       19.000       11.000        6.000        2.000
   585:        4.000       22.000       24.000       12.000       13.000
   590:        8.000        5.000       17.000       21.000       22.000
   595:       18.000       14.000       10.000        6.000       19.000
   600:       11.000        2.000        4.000       22.000       24.000
   605:       12.000       13.000        8.000        5.000       17.000
   610:       21.000       22.000        6.000       18.000        6.000
   615:       14.000       10.000       19.000       11.000        2.000
   620:        4.000       22.000       24.000       12.000       13.000
   625:        8.000        5.000       17.000       18.000       14.000
   630:       10.000        6.000       19.000       11.000        2.000
   635:        4.000       22.000       24.000       12.000       13.000
   640:        8.000        5.000       17.000       18.000       14.000
   645:       10.000       19.000       11.000        6.000        6.000
   650:        6.000        6.000        6.000        6.000        6.000
   655:        6.000        6.000        6.000        6.000        2.000
   660:        4.000       22.000       24.000       12.000       13.000
   665:        8.000        5.000       17.000       18.000       14.000
   670:       10.000        6.000        6.000       19.000       11.000
   675:        2.000        4.000       22.000       24.000       12.000
   680:       13.000        8.000        5.000       17.000       21.000
   685:       22.000       21.000       22.000       18.000       14.000
   690:       10.000       19.000       11.000        2.000        4.000
   695:       22.000       24.000       12.000       13.000        8.000
   700:        5.000       17.000        6.000       18.000       14.000
   705:       10.000        6.000        6.000       21.000       22.000
   710:       19.000       11.000        6.000        6.000        6.000
   715:        6.000        6.000        6.000        1.000        1.000
   720:        2.000        4.000       22.000       24.000       12.000
   725:       13.000        8.000        5.000       17.000       18.000
   730:       14.000       10.000        6.000       19.000       11.000
   735:        6.000        6.000        1.000        1.000        1.000
   740:        1.000        2.000        4.000       22.000       24.000
   745:       12.000       13.000        8.000        5.000       17.000
   750:       21.000       22.000       18.000       14.000       10.000
   755:       21.000       22.000       21.000       22.000       21.000
   760:       22.000        6.000       19.000       11.000        6.000
   765:        6.000        6.000        6.000        6.000        6.000
   770:        2.000        4.000       22.000       24.000       12.000
   775:       13.000        8.000        5.000       17.000       21.000
   780:       22.000       18.000       14.000       10.000       21.000
   785:       22.000       21.000       22.000       19.000       11.000
   790:        6.000        6.000        1.000        1.000        1.000
   795:        1.000        1.000        1.000        1.000        1.000
   800:        1.000        2.000        4.000       22.000       24.000
   805:       12.000       13.000        8.000        5.000       17.000
   810:       21.000       22.000       21.000       22.000       18.000
   815:       14.000       10.000       21.000       22.000       19.000
   820:       11.000        6.000        2.000        4.000       22.000
   825:       24.000       12.000       13.000        8.000        5.000
   830:       17.000       21.000       22.000        6.000       18.000
   835:       14.000       10.000       19.000       11.000        1.000
   840:        6.000        2.000        4.000       22.000       24.000
   845:       12.000       13.000        8.000        5.000       17.000
   850:       21.000       22.000       21.000       22.000       18.000
   855:       14.000       10.000       21.000       22.000       19.000
   860:       11.000        1.000        2.000        4.000       22.000
   865:       24.000       12.000       13.000        8.000        5.000
   870:       17.000       18.000       14.000       10.000        6.000
   875:       21.000       22.000       19.000       11.000        6.000
   880:        6.000        6.000        2.000        4.000       22.000
   885:       24.000       12.000       13.000        8.000        5.000
   890:       17.000       18.000       14.000       10.000       20.000
   895:       19.000       11.000        1.000        1.000        2.000
   900:        4.000       22.000       24.000       12.000       13.000
   905:        8.000        5.000       17.000        6.000        6.000
   910:       18.000       14.000       10.000        6.000        6.000
   915:        6.000        6.000        6.000       19.000       11.000
   920:        6.000        6.000        6.000        6.000        6.000
   925:        6.000        6.000        6.000        6.000        6.000
   930:        6.000        6.000        6.000        6.000        6.000
   935:        6.000        6.000        6.000        6.000        6.000
   940:        6.000        2.000        4.000       22.000       24.000
   945:       12.000       13.000        8.000        5.000       17.000
   950:        6.000        6.000        6.000        6.000        6.000
   955:       18.000       14.000       10.000       19.000       11.000
   960:        2.000        4.000       22.000       24.000       12.000
   965:       13.000        8.000        5.000       17.000       18.000
   970:       14.000       10.000        6.000       19.000       11.000
   975:        2.000        4.000       22.000       24.000       12.000
   980:       13.000        8.000        5.000       17.000       18.000
   985:       14.000       10.000       21.000       22.000       21.000
   990:       22.000       19.000       11.000        1.000        2.000
   995:        4.000       22.000       24.000       12.000       13.000
  1000:        8.000        5.000       17.000       21.000       22.000
  1005:       18.000       14.000       10.000       19.000       11.000
  1010:        2.000        4.000       22.000       24.000       12.000
  1015:       13.000        8.000        5.000       17.000       18.000
  1020:       14.000       10.000       19.000       11.000        6.000
  1025:        2.000        4.000       22.000       24.000       12.000
  1030:       13.000        8.000        5.000       17.000       21.000
  1035:       22.000       18.000       14.000       10.000       21.000
  1040:       22.000       21.000       22.000       21.000       22.000
  1045:       19.000       11.000        2.000        4.000       22.000
  1050:       24.000       12.000       13.000        8.000        5.000
  1055:       17.000       18.000       14.000       10.000       21.000
  1060:       22.000       21.000       22.000       19.000       11.000
  1065:        2.000        4.000       22.000       24.000       12.000
  1070:       13.000        8.000        5.000       17.000       18.000
  1075:       14.000       10.000        6.000        6.000       19.000
  1080:       11.000        2.000        4.000       22.000       24.000
  1085:       12.000       13.000        8.000        5.000       17.000
  1090:       21.000       22.000       18.000       14.000       10.000
  1095:       21.000       22.000       19.000       11.000        2.000
  1100:        4.000       22.000       24.000       12.000       13.000
  1105:        8.000        5.000       17.000       18.000       14.000
  1110:       10.000       19.000       11.000        6.000        2.000
  1115:        4.000       22.000       24.000       12.000       13.000
  1120:        8.000        5.000       17.000       21.000       22.000
  1125:       18.000       14.000       10.000       19.000       11.000
  1130:        2.000        4.000       22.000       24.000       12.000
  1135:       13.000        8.000        5.000       17.000        6.000
  1140:        6.000       21.000       22.000       18.000       21.000
  1145:       22.000       14.000       10.000       19.000       11.000
  1150:        2.000        4.000       22.000       24.000       12.000
  1155:       13.000        8.000        5.000       17.000       21.000
  1160:       22.000       21.000       22.000       18.000       14.000
  1165:       10.000       21.000       22.000       19.000       11.000
  1170:        1.000        1.000        1.000        6.000        6.000
  1175:        1.000        1.000        1.000        2.000        4.000
  1180:       22.000       24.000       12.000       13.000        8.000
  1185:        5.000       17.000       18.000       14.000       10.000
  1190:       19.000       11.000        2.000        4.000       22.000
  1195:       24.000       12.000       13.000        8.000        5.000
  1200:       17.000       18.000       14.000       10.000       19.000
  1205:       11.000        2.000        4.000       22.000       24.000
  1210:       12.000       13.000        8.000        5.000       17.000
  1215:       18.000       14.000       10.000        6.000       20.000
  1220:       19.000       11.000        1.000        2.000        4.000
  1225:       22.000       24.000       12.000       13.000        8.000
  1230:        5.000       17.000       18.000       14.000       10.000
  1235:       19.000       11.000        1.000        2.000        4.000
  1240:       22.000       24.000       12.000       13.000        8.000
  1245:        5.000       17.000       21.000       22.000        6.000
  1250:        6.000       18.000       14.000       10.000       19.000
  1255:       11.000        6.000        2.000        4.000       22.000
  1260:       24.000       12.000       13.000        8.000        5.000
  1265:       17.000       18.000       14.000       10.000        6.000
  1270:       19.000       11.000      100.000
T:
     0:        0.000        0.000        0.000        0.000        7.780
     5:        7.780        7.780        7.790        7.790        7.790
    10:        7.790        7.790        7.790       11.790       12.790
    15:       12.790       17.780       17.790       18.910       18.910
    20:       18.910       18.920       18.920       18.920       18.920
    25:       18.920       18.920       22.920       23.920       23.920
    30:       28.910       28.920      116.590      188.890      188.890
    35:      188.890      188.900      188.900      188.900      188.900
    40:      188.900      188.900      189.080      189.080      189.510
    45:      189.510      192.900      193.900      193.900      197.680
    50:      197.680      197.820      197.820      198.890      198.900
    55:      256.810      464.120      490.020      493.810      767.590
    60:      833.850      869.510      869.510      869.510      869.520
    65:      869.520      869.520      869.520      869.520      869.520
    70:      873.520      874.520      874.520      874.850      878.920
    75:      879.510      879.520      883.930      884.080      885.660
    80:      885.780      898.190      898.190      898.190      898.200
    85:      898.200      898.200      898.200      898.200      898.200
    90:      902.200      903.200      903.200      908.190      908.200
    95:      918.890      924.310      924.510      929.040      929.040
   100:      929.040      929.050      929.050      929.050      929.050
   105:      929.050      929.050      929.610      929.610      930.170
   110:      930.170      933.050      934.050      934.050      935.050
   115:      939.040      939.050      951.960      983.460     1060.180
   120:     1070.490     1074.620     1074.800     1076.310     1278.140
   125:     1294.840     1294.840     1294.840     1294.850     1294.850
   130:     1294.850     1294.850     1294.850     1294.850     1297.560
   135:     1298.850     1299.850     1299.850     1304.840     1304.850
   140:     1472.040     1537.390     1537.390     1537.390     1537.400
   145:     1537.400     1537.400     1537.400     1537.400     1537.400
   150:     1540.630     1541.400     1542.400     1542.400     1547.390
   155:     1547.400     1590.970     1831.590     1835.770     1835.770
   160:     1835.770     1835.780     1835.780     1835.780     1835.780
   165:     1835.780     1835.780     1839.780     1840.780     1840.780
   170:     1840.880     1842.600     1842.600     1843.620     1843.620
   175:     1845.770     1845.780     1845.980     2017.930     2029.260
   180:     2029.860     2031.270     2040.230     2040.230     2040.230
   185:     2040.240     2040.240     2040.240     2040.240     2040.240
   190:     2040.240     2044.240     2045.240     2045.240     2049.580
   195:     2049.580     2050.230     2050.240     2415.420     2667.650
   200:     2667.650     2667.650     2667.660     2667.660     2667.660
   205:     2667.660     2667.660     2667.660     2671.660     2672.330
   210:     2672.660     2672.660     2677.390     2677.650     2677.660
   215:     2681.000     2681.000     2681.000     2681.010     2681.010
   220:     2681.010     2681.010     2681.010     2681.010     2685.010
   225:     2686.010     2686.010     2691.000     2691.010     3203.140
   230:     3203.270     3679.960     3679.960     3679.960     3679.970
   235:     3679.970     3679.970     3679.970     3679.970     3679.970
   240:     3681.810     3683.970     3684.970     3684.970     3689.960
   245:     3689.970     3690.670     3718.070     3724.850     3736.230
   250:     3736.230     3736.230     3736.240     3736.240     3736.240
   255:     3736.240     3736.240     3736.240     3740.240     3741.240
   260:     3741.240     3746.060     3746.060     3746.230     3746.240
   265:     3748.870     3757.750     3757.750     3757.750     3757.760
   270:     3757.760     3757.760     3757.760     3757.760     3757.760
   275:     3760.840     3761.160     3761.760     3762.760     3762.760
   280:     3762.850     3762.850     3767.750     3767.760     3886.450
   285:     3934.820     3937.580     3938.860     3975.990     4380.790
   290:     4380.790     4380.790     4380.800     4380.800     4380.800
   295:     4380.800     4380.800     4380.800     4384.800     4385.800
   300:     4385.800     4390.790     4390.800     4484.940     4485.800
   305:     4536.260     4541.620     4542.420     4550.890     4550.890
   310:     4550.890     4550.900     4550.900     4550.900     4550.900
   315:     4550.900     4550.900     4554.900     4555.900     4555.900
   320:     4560.890     4560.900     4562.270     4567.310     4567.310
   325:     4567.310     4567.320     4567.320     4567.320     4567.320
   330:     4567.320     4567.320     4571.320     4572.320     4572.320
   335:     4577.310     4577.320     4579.780     4604.490     4613.690
   340:     4615.280     4615.280     4615.280     4615.290     4615.290
   345:     4615.290     4615.290     4615.290     4615.290     4619.290
   350:     4620.290     4620.290     4625.280     4625.290     4655.320
   355:     4655.320     4655.320     4655.330     4655.330     4655.330
   360:     4655.330     4655.330     4655.330     4658.830     4659.330
   365:     4659.470     4660.330     4660.330     4665.320     4665.330
   370:     4669.250     4701.000     4702.030     4702.820     5253.770
   375:     5323.410     5323.410     5323.410     5323.420     5323.420
   380:     5323.420     5323.420     5323.420     5323.420     5323.640
   385:     5323.640     5324.250     5324.250     5327.420     5328.420
   390:     5328.420     5333.410     5333.420     5403.870     5403.870
   395:     5403.870     5403.880     5403.880     5403.880     5403.880
   400:     5403.880     5403.880     5407.880     5408.880     5408.880
   405:     5408.950     5408.950     5412.250     5413.870     5413.880
   410:     5429.740     5456.520     5456.940     5465.160     5465.160
   415:     5465.160     5465.170     5465.170     5465.170     5465.170
   420:     5465.170     5465.170     5468.510     5468.510     5469.170
   425:     5470.170     5470.170     5475.160     5475.170     5507.480
   430:     5507.480     5507.480     5507.490     5507.490     5507.490
   435:     5507.490     5507.490     5507.490     5507.720     5507.720
   440:     5511.490     5512.490     5512.490     5517.480     5517.490
   445:     5517.870     5517.870     5517.870     5517.880     5517.880
   450:     5517.880     5517.880     5517.880     5517.880     5521.880
   455:     5521.880     5522.240     5522.880     5522.880     5527.870
   460:     5527.880     5532.320     5541.970     5541.970     5541.970
   465:     5541.980     5541.980     5541.980     5541.980     5541.980
   470:     5541.980     5544.020     5545.980     5546.980     5546.980
   475:     5551.970     5551.980     5565.320     5565.520     5565.760
   480:     5572.010     5624.300     5631.500     5631.740     5632.460
   485:     5677.950     5677.950     5677.950     5677.960     5677.960
   490:     5677.960     5677.960     5677.960     5677.960     5678.190
   495:     5678.190     5681.960     5682.910     5682.960     5682.960
   500:     5687.590     5687.950     5687.960     5696.230     5725.090
   505:     5725.090     5725.090     5725.100     5725.100     5725.100
   510:     5725.100     5725.100     5725.100     5727.400     5727.400
   515:     5729.100     5730.100     5730.100     5735.090     5735.100
   520:     5750.150     5763.320     5763.320     5763.320     5763.330
   525:     5763.330     5763.330     5763.330     5763.330     5763.330
   530:     5767.330     5768.330     5768.330     5773.320     5773.330
   535:     5783.420     5783.420     5783.420     5783.430     5783.430
   540:     5783.430     5783.430     5783.430     5783.430     5787.430
   545:     5788.430     5788.430     5793.420     5793.430     5794.070
   550:     6287.820     6308.780     6308.780     6308.780     6308.790
   555:     6308.790     6308.790     6308.790     6308.790     6308.790
   560:     6312.790     6313.790     6313.790     6318.780     6318.790
   565:     6365.380     6389.470     6389.860     6394.190     6413.010
   570:     6413.010     6413.010     6413.020     6413.020     6413.020
   575:     6413.020     6413.020     6413.020     6417.020     6418.020
   580:     6418.020     6423.010     6423.020     6438.060     6512.230
   585:     6512.230     6512.230     6512.240     6512.240     6512.240
   590:     6512.240     6512.240     6512.240     6516.160     6516.160
   595:     6516.240     6517.240     6517.240     6520.420     6522.230
   600:     6522.240     6527.590     6527.590     6527.590     6527.600
   605:     6527.600     6527.600     6527.600     6527.600     6527.600
   610:     6528.820     6528.820     6531.210     6531.600     6532.500
   615:     6532.600     6532.600     6537.590     6537.600     6619.020
   620:     6619.020     6619.020     6619.030     6619.030     6619.030
   625:     6619.030     6619.030     6619.030     6623.030     6624.030
   630:     6624.030     6624.070     6629.020     6629.030     6661.560
   635:     6661.560     6661.560     6661.570     6661.570     6661.570
   640:     6661.570     6661.570     6661.570     6665.570     6666.570
   645:     6666.570     6671.560     6671.570     6678.470     6694.110
   650:     6704.910     6705.310     6705.490     6705.920     6714.320
   655:     6715.680     6715.760     6715.990     6728.220     6731.310
   660:     6731.310     6731.310     6731.320     6731.320     6731.320
   665:     6731.320     6731.320     6731.320     6735.320     6736.320
   670:     6736.320     6736.350     6736.700     6741.310     6741.320
   675:     6775.950     6775.950     6775.950     6775.960     6775.960
   680:     6775.960     6775.960     6775.960     6775.960     6779.310
   685:     6779.310     6779.440     6779.440     6779.960     6780.960
   690:     6780.960     6785.950     6785.960     6801.630     6801.630
   695:     6801.630     6801.640     6801.640     6801.640     6801.640
   700:     6801.640     6801.640     6804.700     6805.640     6806.640
   705:     6806.640     6808.520     6808.630     6810.490     6810.490
   710:     6811.630     6811.640     6820.200     6846.540     6846.860
   715:     6847.160     7255.290     7264.910     7344.470     7375.030
   720:     7387.730     7387.730     7387.730     7387.740     7387.740
   725:     7387.740     7387.740     7387.740     7387.740     7391.740
   730:     7392.740     7392.740     7394.010     7397.730     7397.740
   735:     7399.710     7400.790     7430.960     7431.370     7459.100
   740:     7497.730     7523.990     7523.990     7523.990     7524.000
   745:     7524.000     7524.000     7524.000     7524.000     7524.000
   750:     7526.850     7526.850     7528.000     7529.000     7529.000
   755:     7530.930     7530.930     7531.140     7531.140     7531.480
   760:     7531.480     7533.100     7533.990     7534.000     7534.600
   765:     7535.100     7536.050     7552.200     7553.820     7554.450
   770:     8268.290     8268.290     8268.290     8268.300     8268.300
   775:     8268.300     8268.300     8268.300     8268.300     8271.480
   780:     8271.480     8272.300     8273.300     8273.300     8276.610
   785:     8276.610     8277.650     8277.650     8278.290     8278.300
   790:     8285.330     8285.470     8324.050     8337.430     8343.890
   795:     8345.850     8352.610     8353.370     8360.480     8361.110
   800:     8362.930     8412.450     8412.450     8412.450     8412.460
   805:     8412.460     8412.460     8412.460     8412.460     8412.460
   810:     8414.530     8414.530     8415.790     8415.790     8416.460
   815:     8417.460     8417.460     8418.250     8418.250     8422.450
   820:     8422.460     8452.290     8453.240     8453.240     8453.240
   825:     8453.250     8453.250     8453.250     8453.250     8453.250
   830:     8453.250     8454.170     8454.170     8456.500     8457.250
   835:     8458.250     8458.250     8463.240     8463.250     8930.810
   840:     8938.270     8950.760     8950.760     8950.760     8950.770
   845:     8950.770     8950.770     8950.770     8950.770     8950.770
   850:     8953.210     8953.210     8953.590     8953.590     8954.770
   855:     8955.770     8955.770     8959.040     8959.040     8960.760
   860:     8960.770     8969.500     8974.450     8974.450     8974.450
   865:     8974.460     8974.460     8974.460     8974.460     8974.460
   870:     8974.460     8978.460     8979.460     8979.460     8983.180
   875:     8984.200     8984.200     8984.450     8984.460     8986.540
   880:     8986.950     8988.080     8991.300     8991.300     8991.300
   885:     8991.310     8991.310     8991.310     8991.310     8991.310
   890:     8991.310     8995.310     8996.310     8996.310     9000.650
   895:     9001.300     9001.310     9025.930     9036.710     9059.040
   900:     9059.040     9059.040     9059.050     9059.050     9059.050
   905:     9059.050     9059.050     9059.050     9060.780     9061.880
   910:     9063.050     9064.050     9064.050     9065.040     9065.930
   915:     9067.840     9068.060     9068.660     9069.040     9069.050
   920:     9070.460     9072.070     9073.250     9073.970     9074.890
   925:     9076.210     9077.850     9078.020     9078.070     9078.230
   930:     9078.800     9079.330     9080.840     9081.850     9093.510
   935:     9095.620     9100.300     9100.970     9102.060     9117.940
   940:     9144.030     9147.750     9147.750     9147.750     9147.760
   945:     9147.760     9147.760     9147.760     9147.760     9147.760
   950:     9149.290     9149.710     9149.980     9151.050     9151.340
   955:     9151.760     9152.760     9152.760     9157.750     9157.760
   960:     9164.980     9164.980     9164.980     9164.990     9164.990
   965:     9164.990     9164.990     9164.990     9164.990     9168.990
   970:     9169.990     9169.990     9173.220     9174.980     9174.990
   975:     9175.780     9175.780     9175.780     9175.790     9175.790
   980:     9175.790     9175.790     9175.790     9175.790     9179.790
   985:     9180.790     9180.790     9180.840     9180.840     9181.260
   990:     9181.260     9185.780     9185.790     9196.840     9207.570
   995:     9207.570     9207.570     9207.580     9207.580     9207.580
  1000:     9207.580     9207.580     9207.580     9207.880     9207.880
  1005:     9211.580     9212.580     9212.580     9217.570     9217.580
  1010:     9222.110     9222.110     9222.110     9222.120     9222.120
  1015:     9222.120     9222.120     9222.120     9222.120     9226.120
  1020:     9227.120     9227.120     9232.110     9232.120     9235.850
  1025:     9236.900     9236.900     9236.900     9236.910     9236.910
  1030:     9236.910     9236.910     9236.910     9236.910     9238.850
  1035:     9238.850     9240.910     9241.910     9241.910     9242.600
  1040:     9242.600     9242.910     9242.910     9243.710     9243.710
  1045:     9246.900     9246.910     9319.610     9319.610     9319.610
  1050:     9319.620     9319.620     9319.620     9319.620     9319.620
  1055:     9319.620     9323.620     9324.620     9324.620     9326.200
  1060:     9326.200     9326.760     9326.760     9329.610     9329.620
  1065:     9804.280     9804.280     9804.280     9804.290     9804.290
  1070:     9804.290     9804.290     9804.290     9804.290     9808.290
  1075:     9809.290     9809.290     9810.500     9811.120     9814.280
  1080:     9814.290     9917.530     9917.530     9917.530     9917.540
  1085:     9917.540     9917.540     9917.540     9917.540     9917.540
  1090:     9918.040     9918.040     9921.540     9922.540     9922.540
  1095:     9927.240     9927.240     9927.530     9927.540     9929.310
  1100:     9929.310     9929.310     9929.320     9929.320     9929.320
  1105:     9929.320     9929.320     9929.320     9933.320     9934.320
  1110:     9934.320     9939.310     9939.320    10023.690    10221.220
  1115:    10221.220    10221.220    10221.230    10221.230    10221.230
  1120:    10221.230    10221.230    10221.230    10224.760    10224.760
  1125:    10225.230    10226.230    10226.230    10231.220    10231.230
  1130:    10314.710    10314.710    10314.710    10314.720    10314.720
  1135:    10314.720    10314.720    10314.720    10314.720    10316.860
  1140:    10317.220    10318.330    10318.330    10318.720    10318.880
  1145:    10318.880    10319.720    10319.720    10324.710    10324.720
  1150:    10325.890    10325.890    10325.890    10325.900    10325.900
  1155:    10325.900    10325.900    10325.900    10325.900    10326.170
  1160:    10326.170    10328.540    10328.540    10329.900    10330.900
  1165:    10330.900    10331.530    10331.530    10335.890    10335.900
  1170:    10360.930    10374.430    10377.600    10403.050    10427.740
  1175:    10437.790    10440.910    10465.710    10468.970    10468.970
  1180:    10468.970    10468.980    10468.980    10468.980    10468.980
  1185:    10468.980    10468.980    10472.980    10473.980    10473.980
  1190:    10478.970    10478.980    10492.580    10492.580    10492.580
  1195:    10492.590    10492.590    10492.590    10492.590    10492.590
  1200:    10492.590    10496.590    10497.590    10497.590    10502.580
  1205:    10502.590    10511.830    10511.830    10511.830    10511.840
  1210:    10511.840    10511.840    10511.840    10511.840    10511.840
  1215:    10515.840    10516.840    10516.840    10517.200    10521.130
  1220:    10521.830    10521.840    10524.790    10536.470    10536.470
  1225:    10536.470    10536.480    10536.480    10536.480    10536.480
  1230:    10536.480    10536.480    10540.480    10541.480    10541.480
  1235:    10546.470    10546.480    10661.640    10671.730    10671.730
  1240:    10671.730    10671.740    10671.740    10671.740    10671.740
  1245:    10671.740    10671.740    10672.960    10672.960    10674.940
  1250:    10675.140    10675.740    10676.740    10676.740    10681.730
  1255:    10681.740    10695.270    10704.780    10704.780    10704.780
  1260:    10704.790    10704.790    10704.790    10704.790    10704.790
  1265:    10704.790    10708.790    10709.790    10709.790    10710.070
  1270:    10714.780    10714.790    10800.000
