File: C:\MED-PC\Data\2025-03-26_10h13m_Subject 78.txt


Start Date: 03/26/25
End Date: 03/26/25
Subject: 78
Experiment: OralFentSA
Group: One
Box: 6
Start Time: 10:13:18
End Time: 13:13:39
MSN: Golden_Liq_SelfAdmin_EXT
F:       0.000
G:     503.000
H:   10800.000
I:       0.000
J:       0.000
K:       0.000
L:       0.000
M:       0.000
N:       0.000
O:       0.000
P:       0.000
Q:       0.000
R:       0.000
S:       0.000
U:       0.000
V:       0.000
W:       0.000
X:       0.000
Y:       0.000
Z:       0.000
A:
     0:        0.000        0.000      180.000        4.000        0.000
     5:        5.000        0.000        5.000        0.000        0.000
    10:        1.000        0.000       10.000   100000.000       19.000
    15:       18.000      600.000        0.000        0.000        0.000
    20:        0.000
B:
     0:        0.000        0.000        0.000        0.000        0.000
     5:        0.000        0.000        0.000        0.000        0.000
    10:        0.000        0.000     1000.000 10000000.000        0.000
    15:        0.000        0.000        0.000        0.000        0.000
    20:        0.000
C:
     0:        0.000       43.000       17.000       65.000      142.000
     5:    10643.530        6.410       31.000     3489.510      112.565
    10:       65.000       17.000        0.000        0.000        0.000
    15:        0.000        0.000        0.000        0.000        0.000
    20:        0.000
D:
     0:      133.390       84.250       63.260      218.330      456.700
     5:        2.250       26.480      382.700       15.350      131.350
    10:        4.400      223.950       49.900      438.590        3.080
    15:       17.330        2.770      572.840        3.740       36.200
    20:       35.490       27.110        2.020       47.340        4.550
    25:       19.120      281.490      184.970        2.350       11.800
    30:        6.410
E:
     0:       19.000       11.000       26.000       27.000        6.000
     5:        6.000        6.000        6.000        6.000        6.000
    10:        2.000        4.000       22.000       24.000       12.000
    15:       19.000       11.000        6.000        6.000        6.000
    20:        6.000        2.000        4.000       22.000       24.000
    25:       12.000       19.000       11.000        6.000        6.000
    30:        6.000        6.000        6.000        6.000        1.000
    35:        2.000        4.000       22.000       24.000       12.000
    40:       19.000       11.000        6.000        2.000        4.000
    45:       22.000       24.000       12.000       20.000       19.000
    50:       11.000        6.000        6.000        6.000        6.000
    55:        2.000        4.000       22.000       24.000       12.000
    60:       19.000       11.000        1.000        1.000        6.000
    65:        6.000        2.000        4.000       22.000       24.000
    70:       12.000        6.000       19.000       11.000        6.000
    75:        6.000        6.000        1.000        1.000        2.000
    80:        4.000       22.000       24.000       12.000       19.000
    85:       11.000        2.000        4.000       22.000       24.000
    90:       12.000       21.000       22.000       19.000       11.000
    95:        6.000        6.000        6.000        2.000        4.000
   100:       22.000       24.000       12.000       19.000       11.000
   105:        6.000        6.000        6.000        6.000        2.000
   110:        4.000       22.000       24.000       12.000       21.000
   115:       22.000       19.000       11.000        6.000        6.000
   120:        1.000        1.000        2.000        4.000       22.000
   125:       24.000       12.000       19.000       11.000        6.000
   130:        2.000        4.000       22.000       24.000       12.000
   135:        6.000        6.000       19.000       11.000        2.000
   140:        4.000       22.000       24.000       12.000       21.000
   145:       22.000       19.000       11.000        6.000        6.000
   150:        6.000        6.000        1.000        6.000        6.000
   155:        6.000        6.000        6.000        2.000        4.000
   160:       22.000       24.000       12.000       21.000       22.000
   165:       19.000       11.000        6.000        6.000        6.000
   170:        6.000        6.000        6.000        6.000        6.000
   175:        6.000        6.000        6.000        6.000        6.000
   180:        6.000        6.000        6.000        6.000        6.000
   185:        2.000        4.000       22.000       24.000       12.000
   190:       19.000       11.000        6.000        6.000        6.000
   195:        1.000        6.000        6.000        2.000        4.000
   200:       22.000       24.000       12.000        6.000        6.000
   205:       21.000       22.000       21.000       22.000       19.000
   210:       11.000        6.000        6.000        6.000        6.000
   215:        2.000        4.000       22.000       24.000       12.000
   220:       19.000       11.000        6.000        6.000        6.000
   225:        2.000        4.000       22.000       24.000       12.000
   230:        6.000        6.000        6.000       21.000       22.000
   235:       21.000       22.000       21.000       22.000       21.000
   240:       22.000       19.000       11.000        6.000        6.000
   245:        2.000        4.000       22.000       24.000       12.000
   250:       19.000       11.000        2.000        4.000       22.000
   255:       24.000       12.000       19.000       11.000        6.000
   260:        2.000        4.000       22.000       24.000       12.000
   265:        6.000       19.000       11.000        2.000        4.000
   270:       22.000       24.000       12.000       21.000       22.000
   275:       19.000       11.000        1.000        2.000        4.000
   280:       22.000       24.000       12.000       19.000       11.000
   285:        2.000        4.000       22.000       24.000       12.000
   290:       21.000       22.000       19.000       11.000        2.000
   295:        4.000       22.000       24.000       12.000       21.000
   300:       22.000       19.000       11.000        6.000        6.000
   305:        2.000        4.000       22.000       24.000       12.000
   310:       19.000       11.000        2.000        4.000       22.000
   315:       24.000       12.000       19.000       11.000        6.000
   320:        6.000        6.000        6.000        6.000        2.000
   325:        4.000       22.000       24.000       12.000       19.000
   330:       11.000        2.000        4.000       22.000       24.000
   335:       12.000       21.000       22.000       21.000       22.000
   340:       21.000       22.000       19.000       11.000        6.000
   345:        6.000        6.000        6.000        6.000        6.000
   350:        6.000        6.000        6.000        2.000        4.000
   355:       22.000       24.000       12.000        6.000        6.000
   360:        6.000       19.000       11.000        1.000        1.000
   365:        2.000        4.000       22.000       24.000       12.000
   370:       19.000       11.000        6.000        6.000        6.000
   375:        6.000        6.000        6.000        2.000        4.000
   380:       22.000       24.000       12.000       21.000       22.000
   385:       21.000       22.000        6.000        6.000        6.000
   390:        6.000       19.000       11.000        6.000        6.000
   395:        2.000        4.000       22.000       24.000       12.000
   400:       21.000       22.000       19.000       11.000        2.000
   405:        4.000       22.000       24.000       12.000       19.000
   410:       11.000        2.000        4.000       22.000       24.000
   415:       12.000       21.000       22.000       19.000       11.000
   420:        2.000        4.000       22.000       24.000       12.000
   425:       21.000       22.000       19.000       11.000        6.000
   430:        2.000        4.000       22.000       24.000       12.000
   435:       21.000       22.000       19.000       11.000        6.000
   440:        6.000        6.000        6.000        6.000        6.000
   445:        6.000        1.000        1.000        1.000        6.000
   450:        6.000        6.000        6.000        1.000        6.000
   455:        2.000        4.000       22.000       24.000       12.000
   460:       19.000       11.000        6.000        6.000        6.000
   465:        2.000        4.000       22.000       24.000       12.000
   470:        6.000        6.000       19.000       11.000        6.000
   475:        6.000        6.000        2.000        4.000       22.000
   480:       24.000       12.000       19.000       11.000        6.000
   485:        2.000        4.000       22.000       24.000       12.000
   490:       19.000       11.000        2.000        4.000       22.000
   495:       24.000       12.000       21.000       22.000        6.000
   500:        6.000       19.000       11.000      100.000
T:
     0:        0.000        0.000        0.000        0.000       36.950
     5:       37.350       40.270       41.050       41.520       41.730
    10:      221.670      221.670      221.670      221.680      221.680
    15:      231.670      231.680      355.070      355.450      369.470
    20:      369.530      369.560      369.560      369.560      369.570
    25:      369.570      379.560      379.570      453.820      454.500
    30:      455.330      455.690      463.100      464.370      569.650
    35:      575.510      575.510      575.510      575.520      575.520
    40:      585.510      585.520      638.780      679.000      679.000
    45:      679.000      679.010      679.010      687.170      689.000
    50:      689.010      897.340      899.440      904.230      905.560
    55:      952.570      952.570      952.570      952.580      952.580
    60:      962.570      962.580      965.800      993.460     1409.280
    65:     1409.690     1435.150     1435.150     1435.150     1435.160
    70:     1435.160     1437.410     1445.150     1445.160     1574.230
    75:     1574.610     1577.730     1759.330     1759.690     1939.340
    80:     1939.340     1939.340     1939.350     1939.350     1949.340
    85:     1949.350     2109.320     2109.320     2109.320     2109.330
    90:     2109.330     2112.640     2112.640     2119.320     2119.330
    95:     2135.810     2136.290     2140.120     2151.510     2151.510
   100:     2151.510     2151.520     2151.520     2161.510     2161.520
   105:     2534.220     2537.920     2543.420     2544.390     2724.810
   110:     2724.810     2724.810     2724.820     2724.820     2726.550
   115:     2726.550     2734.810     2734.820     2740.170     2851.270
   120:     2857.030     2859.530     3218.600     3218.600     3218.600
   125:     3218.610     3218.610     3228.600     3228.610     3349.960
   130:     3371.840     3371.840     3371.840     3371.850     3371.850
   135:     3376.250     3376.360     3381.840     3381.850     3391.100
   140:     3391.100     3391.100     3391.110     3391.110     3397.320
   145:     3397.320     3401.100     3401.110     3615.060     3615.100
   150:     3621.670     3622.230     3913.370     4003.120     4009.220
   155:     4010.390     4013.770     4028.490     4030.250     4030.250
   160:     4030.250     4030.260     4030.260     4034.960     4034.960
   165:     4040.250     4040.260     4080.160     4080.650     4084.000
   170:     4084.590     4086.280     4088.910     4090.270     4090.500
   175:     4111.760     4111.930     4112.040     4113.670     4113.850
   180:     4116.980     4117.610     4169.750     4169.890     4170.270
   185:     4303.760     4303.760     4303.760     4303.770     4303.770
   190:     4313.760     4313.770     4742.360     4749.000     4749.300
   195:     5084.200     5100.500     5101.060     5220.670     5220.670
   200:     5220.670     5220.680     5220.680     5223.760     5224.010
   205:     5228.170     5228.170     5230.090     5230.090     5230.670
   210:     5230.680     5242.540     5244.080     5244.430     5498.880
   215:     5520.500     5520.500     5520.500     5520.510     5520.510
   220:     5530.500     5530.510     5537.840     5538.270     5538.930
   225:     5542.860     5542.860     5542.860     5542.870     5542.870
   230:     5545.640     5546.190     5546.380     5550.040     5550.040
   235:     5550.220     5550.220     5550.970     5550.970     5552.370
   240:     5552.370     5552.860     5552.870     5557.030     5557.360
   245:     5791.810     5791.810     5791.810     5791.820     5791.820
   250:     5801.810     5801.820     5807.380     5807.380     5807.380
   255:     5807.390     5807.390     5817.380     5817.390     6380.230
   260:     6381.960     6381.960     6381.960     6381.970     6381.970
   265:     6385.710     6391.960     6391.970     6441.330     6441.330
   270:     6441.330     6441.340     6441.340     6441.960     6441.960
   275:     6451.330     6451.340     6452.610     6467.400     6467.400
   280:     6467.400     6467.410     6467.410     6477.400     6477.410
   285:     6478.560     6478.560     6478.560     6478.570     6478.570
   290:     6486.530     6486.530     6488.560     6488.570     6495.920
   295:     6495.920     6495.920     6495.930     6495.930     6500.190
   300:     6500.190     6505.920     6505.930     6532.130     6532.360
   305:     6544.930     6544.930     6544.930     6544.940     6544.940
   310:     6554.930     6554.940     6770.600     6770.600     6770.600
   315:     6770.610     6770.610     6780.600     6780.610     6806.100
   320:     7271.230     7271.260     7271.570     7272.590     7278.070
   325:     7278.070     7278.070     7278.080     7278.080     7288.070
   330:     7288.080     7394.280     7394.280     7394.280     7394.290
   335:     7394.290     7395.730     7395.730     7396.030     7396.030
   340:     7396.250     7396.250     7404.280     7404.290     7421.400
   345:     7423.750     7428.440     7428.810     7429.180     7433.920
   350:     7434.030     7436.150     7584.500     7850.720     7850.720
   355:     7850.720     7850.730     7850.730     7852.750     7852.990
   360:     7853.560     7860.720     7860.730     8203.890     8204.690
   365:     8218.990     8218.990     8218.990     8219.000     8219.000
   370:     8228.990     8229.000     8266.340     8266.580     8268.220
   375:     8271.270     8275.470     8280.100     8286.570     8286.570
   380:     8286.570     8286.580     8286.580     8288.690     8288.690
   385:     8290.180     8290.180     8291.130     8291.780     8292.790
   390:     8295.460     8296.570     8296.580     8518.150     8600.300
   395:     8615.870     8615.870     8615.870     8615.880     8615.880
   400:     8618.960     8618.960     8625.870     8625.880     8626.330
   405:     8626.330     8626.330     8626.340     8626.340     8636.330
   410:     8636.340     8644.650     8644.650     8644.650     8644.660
   415:     8644.660     8646.240     8646.240     8654.650     8654.660
   420:     8657.050     8657.050     8657.050     8657.060     8657.060
   425:     8658.020     8658.020     8667.050     8667.060     8676.180
   430:     8716.250     8716.250     8716.250     8716.260     8716.260
   435:     8716.550     8716.550     8726.250     8726.260     8997.750
   440:     8997.840     8998.540     9001.770     9002.240     9007.430
   445:     9074.020     9139.670     9141.770     9165.630     9358.360
   450:     9358.740     9359.600     9361.760     9413.620     9523.690
   455:     9616.210     9616.210     9616.210     9616.220     9616.220
   460:     9626.210     9626.220     9801.190     9801.610     9807.650
   465:     9809.120     9809.120     9809.120     9809.130     9809.130
   470:     9811.480     9812.030     9819.120     9819.130     9820.020
   475:     9950.560     9954.820    10412.660    10412.660    10412.660
   480:    10412.670    10412.670    10422.660    10422.670    10424.470
   485:    10447.970    10447.970    10447.970    10447.980    10447.980
   490:    10457.970    10457.980    10643.520    10643.520    10643.520
   495:    10643.530    10643.530    10646.700    10646.700    10649.940
   500:    10650.350    10653.520    10653.530    10800.000
