File: C:\MED-PC\Data\2025-04-14_11h31m_Subject 90.txt


Start Date: 04/14/25
End Date: 04/14/25
Subject: 90
Experiment: OralFentSA
Group: One
Box: 7
Start Time: 11:31:32
End Time: 11:50:39
MSN: 20241014Golden_Liq_SelfAdmin_REI
F:       0.000
G:    1087.000
H:     804.770
I:       0.000
J:       0.000
K:       0.000
L:       0.000
M:       0.000
N:       0.000
O:       0.000
P:       0.000
Q:       0.000
R:       0.000
S:       0.000
U:       0.000
V:       0.000
W:       0.000
X:       0.000
Y:       0.000
Z:       0.000
A:
     0:        0.000        0.000       60.000        4.000        0.000
     5:        5.000        0.000        5.000        0.000        0.000
    10:        1.000        0.000       10.000        0.000        0.000
    15:        0.000      640.000        0.000        0.000        0.000
    20:        0.000
B:
     0:        0.000        0.000        0.000      400.000        0.000
     5:      500.000        0.000      500.000        0.000        0.000
    10:        0.000        0.000     1000.000        0.000        0.000
    15:        0.000        0.000        0.000        0.000        0.000
    20:        0.000
C:
     0:       81.000       81.000        3.000       14.000       85.000
     5:      800.810        2.330       26.000      106.990        4.115
    10:       14.000        3.000       81.000        0.000        0.000
    15:        0.000        0.000        0.000        0.000        0.000
    20:        0.000
D:
     0:        4.340        4.230        4.640        0.200        7.320
     5:        8.120        7.460        0.050        5.490        5.660
    10:        0.460        6.290        6.880        1.990        8.110
    15:        5.440        1.410        3.420        6.940        0.110
    20:        0.550        4.340        1.310        3.010        6.890
    25:        2.330
E:
     0:       19.000       11.000       26.000       27.000       25.000
     5:       24.000       12.000       13.000        8.000        5.000
    10:       17.000       18.000       14.000       10.000       19.000
    15:       11.000       25.000       24.000       12.000       13.000
    20:        8.000        5.000       17.000       18.000        6.000
    25:       14.000       10.000       21.000       22.000       19.000
    30:       11.000       25.000       24.000       12.000       13.000
    35:        8.000        5.000       17.000       18.000       14.000
    40:       10.000       19.000       11.000       25.000       24.000
    45:       12.000       13.000        8.000        5.000       17.000
    50:       18.000        6.000       14.000       10.000       19.000
    55:       11.000       25.000       24.000       12.000       13.000
    60:        8.000        5.000       17.000       18.000       14.000
    65:       10.000       19.000       11.000       25.000       24.000
    70:       12.000       13.000        8.000        5.000       17.000
    75:       18.000        6.000       14.000       10.000        6.000
    80:        6.000        6.000       19.000       11.000       25.000
    85:       24.000       12.000       13.000        8.000        5.000
    90:       17.000        6.000        6.000        6.000       18.000
    95:       14.000       10.000       20.000       19.000       11.000
   100:       25.000       24.000       12.000       13.000        8.000
   105:        5.000       17.000       18.000       14.000       10.000
   110:       19.000       11.000       25.000       24.000       12.000
   115:       13.000        8.000        5.000       17.000       18.000
   120:       14.000       10.000       19.000       11.000       25.000
   125:       24.000       12.000       13.000        8.000        5.000
   130:       17.000       18.000       14.000       10.000       19.000
   135:       11.000       25.000       24.000       12.000       13.000
   140:        8.000        5.000       17.000       18.000       14.000
   145:       10.000        6.000        6.000       19.000       11.000
   150:       25.000       24.000       12.000       13.000        8.000
   155:        5.000       17.000       18.000       14.000       10.000
   160:       19.000       11.000       25.000       24.000       12.000
   165:       13.000        8.000        5.000       17.000       18.000
   170:       14.000       10.000        6.000        6.000       19.000
   175:       11.000       25.000       24.000       12.000       13.000
   180:        8.000        5.000       17.000       18.000       14.000
   185:       10.000        6.000        6.000        6.000        6.000
   190:        6.000        6.000       19.000       11.000       25.000
   195:       24.000       12.000       13.000        8.000        5.000
   200:       17.000        6.000       18.000       14.000       10.000
   205:       19.000       11.000       25.000       24.000       12.000
   210:       13.000        8.000        5.000       17.000       18.000
   215:       14.000       10.000       19.000       11.000       25.000
   220:       24.000       12.000       13.000        8.000        5.000
   225:       17.000       21.000       22.000       18.000       14.000
   230:       10.000       19.000       11.000       25.000       24.000
   235:       12.000       13.000        8.000        5.000       17.000
   240:       18.000       14.000       10.000       19.000       11.000
   245:       25.000       24.000       12.000       13.000        8.000
   250:        5.000       17.000       18.000       14.000       10.000
   255:       19.000       11.000       25.000       24.000       12.000
   260:       13.000        8.000        5.000       17.000       18.000
   265:       14.000       10.000       19.000       11.000       25.000
   270:       24.000       12.000       13.000        8.000        5.000
   275:       17.000       18.000       14.000       10.000        6.000
   280:       19.000       11.000       25.000       24.000       12.000
   285:       13.000        8.000        5.000       17.000       18.000
   290:       14.000       10.000       19.000       11.000       25.000
   295:       24.000       12.000       13.000        8.000        5.000
   300:       17.000       18.000       14.000       10.000       19.000
   305:       11.000       25.000       24.000       12.000       13.000
   310:        8.000        5.000       17.000       18.000       14.000
   315:       10.000       19.000       11.000       25.000       24.000
   320:       12.000       13.000        8.000        5.000       17.000
   325:       18.000       14.000       10.000       19.000       11.000
   330:       25.000       24.000       12.000       13.000        8.000
   335:        5.000       17.000       18.000       14.000       10.000
   340:       19.000       11.000       25.000       24.000       12.000
   345:       13.000        8.000        5.000       17.000       18.000
   350:       14.000       10.000       20.000       19.000       11.000
   355:       25.000       24.000       12.000       13.000        8.000
   360:        5.000       17.000       18.000       14.000       10.000
   365:       19.000       11.000       25.000       24.000       12.000
   370:       13.000        8.000        5.000       17.000       18.000
   375:       14.000       10.000       19.000       11.000       25.000
   380:       24.000       12.000       13.000        8.000        5.000
   385:       17.000       21.000       22.000       18.000       21.000
   390:       22.000       14.000       10.000        6.000        6.000
   395:        6.000        6.000        6.000        6.000        6.000
   400:        6.000        6.000       19.000       11.000       25.000
   405:        6.000       24.000       12.000       13.000        8.000
   410:        5.000       17.000        6.000       18.000       14.000
   415:       10.000       19.000       11.000       25.000       24.000
   420:       12.000       13.000        8.000        5.000       17.000
   425:       18.000       14.000       10.000       19.000       11.000
   430:       25.000       24.000       12.000       13.000        8.000
   435:        5.000       17.000       18.000       14.000       10.000
   440:       19.000       11.000       25.000       24.000       12.000
   445:       13.000        8.000        5.000       17.000       18.000
   450:       14.000       10.000        6.000        6.000       19.000
   455:       11.000       25.000       24.000       12.000       13.000
   460:        8.000        5.000       17.000       18.000       14.000
   465:       10.000       19.000       11.000       25.000       24.000
   470:       12.000       13.000        8.000        5.000       17.000
   475:       18.000       14.000       10.000       19.000       11.000
   480:       25.000       24.000       12.000       13.000        8.000
   485:        5.000       17.000       18.000       14.000       10.000
   490:       19.000       11.000       25.000       24.000       12.000
   495:       13.000        8.000        5.000       17.000       18.000
   500:       14.000       10.000       19.000       11.000       25.000
   505:       24.000       12.000       13.000        8.000        5.000
   510:       17.000       18.000       14.000       10.000       19.000
   515:       11.000       25.000       24.000       12.000       13.000
   520:        8.000        5.000       17.000       18.000       14.000
   525:       10.000       19.000       11.000       25.000       24.000
   530:       12.000       13.000        8.000        5.000       17.000
   535:       18.000       14.000       10.000        6.000        6.000
   540:        6.000        6.000       19.000       11.000       25.000
   545:       24.000       12.000       13.000        8.000        5.000
   550:       17.000        6.000        6.000        6.000        6.000
   555:       18.000        6.000       14.000       10.000       19.000
   560:       11.000       25.000       24.000       12.000       13.000
   565:        8.000        5.000       17.000       18.000       14.000
   570:       10.000       19.000       11.000       25.000       24.000
   575:       12.000       13.000        8.000        5.000       17.000
   580:       18.000       14.000       10.000       19.000       11.000
   585:       25.000       24.000       12.000       13.000        8.000
   590:        5.000       17.000       18.000       14.000       10.000
   595:        6.000        6.000       19.000       11.000       25.000
   600:       24.000       12.000       13.000        8.000        5.000
   605:       17.000       18.000       14.000       10.000        6.000
   610:        6.000       21.000       22.000        6.000       19.000
   615:       11.000       25.000       24.000       12.000       13.000
   620:        8.000        5.000       17.000        6.000        6.000
   625:       18.000       14.000       10.000        6.000       19.000
   630:       11.000       25.000       24.000       12.000       13.000
   635:        8.000        5.000       17.000       18.000       14.000
   640:       10.000       21.000       22.000       19.000       11.000
   645:       25.000       24.000       12.000       13.000        8.000
   650:        5.000       17.000       18.000       14.000       10.000
   655:       19.000       11.000       25.000       24.000       12.000
   660:       13.000        8.000        5.000       17.000       18.000
   665:       14.000       10.000       19.000       11.000       25.000
   670:       24.000       12.000       13.000        8.000        5.000
   675:       17.000       18.000       14.000       10.000       19.000
   680:       11.000       25.000       24.000       12.000       13.000
   685:        8.000        5.000       17.000       18.000       14.000
   690:       10.000       19.000       11.000       25.000       24.000
   695:       12.000       13.000        8.000        5.000       17.000
   700:       18.000       14.000       10.000       19.000       11.000
   705:       25.000       24.000       12.000       13.000        8.000
   710:        5.000       17.000       21.000       22.000        6.000
   715:       18.000       14.000       10.000       19.000       11.000
   720:       25.000       24.000       12.000       13.000        8.000
   725:        5.000       17.000       18.000       14.000       10.000
   730:        6.000        6.000        6.000       19.000       11.000
   735:       25.000       24.000       12.000       13.000        8.000
   740:        5.000       17.000        6.000        6.000        6.000
   745:        6.000        6.000       18.000        6.000       14.000
   750:       10.000       19.000       11.000       25.000       24.000
   755:       12.000       13.000        8.000        5.000       17.000
   760:       18.000       14.000       10.000       19.000       11.000
   765:       25.000       24.000       12.000       13.000        8.000
   770:        5.000       17.000       18.000       14.000       10.000
   775:       19.000       11.000       25.000       24.000       12.000
   780:       13.000        8.000        5.000       17.000        6.000
   785:       21.000       22.000       18.000       14.000       10.000
   790:       19.000       11.000       25.000       24.000       12.000
   795:       13.000        8.000        5.000       17.000       18.000
   800:       14.000       10.000       19.000       11.000       25.000
   805:       24.000       12.000       13.000        8.000        5.000
   810:       17.000       18.000       14.000       10.000       19.000
   815:       11.000       25.000       24.000       12.000       13.000
   820:        8.000        5.000       17.000       18.000       14.000
   825:       10.000       19.000       11.000       25.000       24.000
   830:       12.000       13.000        8.000        5.000       17.000
   835:       18.000       14.000       10.000       19.000       11.000
   840:       25.000       24.000       12.000       13.000        8.000
   845:        5.000       17.000       18.000       14.000       10.000
   850:       19.000       11.000       25.000       24.000       12.000
   855:       13.000        8.000        5.000       17.000       18.000
   860:       14.000       10.000       19.000       11.000       25.000
   865:       24.000       12.000       13.000        8.000        5.000
   870:       17.000       21.000       22.000       21.000       22.000
   875:       18.000        6.000       14.000       10.000        6.000
   880:        6.000        6.000        6.000        6.000        6.000
   885:        6.000       19.000       11.000       25.000       24.000
   890:       12.000       13.000        8.000        5.000       17.000
   895:        6.000        6.000       18.000        6.000       14.000
   900:       10.000        6.000        6.000        6.000        6.000
   905:        6.000        6.000       19.000       11.000       25.000
   910:       24.000       12.000       13.000        8.000        5.000
   915:       17.000       18.000       14.000       10.000       20.000
   920:       19.000       11.000       25.000       24.000       12.000
   925:       13.000        8.000        5.000       17.000        6.000
   930:       18.000       14.000       10.000       19.000       11.000
   935:       25.000       24.000       12.000       13.000        8.000
   940:        5.000       17.000       18.000       14.000       10.000
   945:       19.000       11.000       25.000       24.000       12.000
   950:       13.000        8.000        5.000       17.000       18.000
   955:       14.000       10.000        6.000        6.000       19.000
   960:       11.000       25.000       24.000       12.000       13.000
   965:        8.000        5.000       17.000        6.000        6.000
   970:        6.000       18.000       14.000       10.000       19.000
   975:       11.000       25.000       24.000       12.000       13.000
   980:        8.000        5.000       17.000       18.000       14.000
   985:       10.000       19.000       11.000       25.000       24.000
   990:       12.000       13.000        8.000        5.000       17.000
   995:       18.000       14.000       10.000       19.000       11.000
  1000:       25.000       24.000       12.000       13.000        8.000
  1005:        5.000       17.000       21.000       22.000       21.000
  1010:       22.000       18.000       14.000       10.000       21.000
  1015:       22.000       19.000       11.000       25.000       24.000
  1020:       12.000       13.000        8.000        5.000       17.000
  1025:       18.000       14.000       10.000       19.000       11.000
  1030:       25.000       24.000       12.000       13.000        8.000
  1035:        5.000       17.000       18.000       14.000       10.000
  1040:       21.000       22.000       19.000       11.000       25.000
  1045:       24.000       12.000       13.000        8.000        5.000
  1050:       17.000       18.000       14.000       10.000       19.000
  1055:       11.000       25.000       24.000       12.000       13.000
  1060:        8.000        5.000       17.000       18.000       14.000
  1065:       10.000       19.000       11.000       25.000       24.000
  1070:       12.000       13.000        8.000        5.000       17.000
  1075:       18.000       14.000       10.000       19.000       11.000
  1080:       25.000       24.000       12.000       13.000        8.000
  1085:        5.000       17.000
T:
     0:        0.000        0.000        0.000        0.000        0.000
     5:        0.010        0.010        0.010        0.010        0.010
    10:        0.010        4.010        5.010        5.010       10.000
    15:       10.010       10.010       10.020       10.020       10.020
    20:       10.020       10.020       10.020       14.020       14.360
    25:       15.020       15.020       15.180       15.180       20.010
    30:       20.020       20.020       20.030       20.030       20.030
    35:       20.030       20.030       20.030       24.030       25.030
    40:       25.030       30.020       30.030       30.030       30.040
    45:       30.040       30.040       30.040       30.040       30.040
    50:       34.040       34.270       35.040       35.040       40.030
    55:       40.040       40.040       40.050       40.050       40.050
    60:       40.050       40.050       40.050       44.050       45.050
    65:       45.050       50.040       50.050       50.050       50.060
    70:       50.060       50.060       50.060       50.060       50.060
    75:       54.060       54.700       55.060       55.060       57.930
    80:       58.770       58.830       60.050       60.060       60.060
    85:       60.070       60.070       60.070       60.070       60.070
    90:       60.070       60.270       60.350       62.340       64.070
    95:       65.070       65.070       67.060       70.060       70.070
   100:       70.070       70.080       70.080       70.080       70.080
   105:       70.080       70.080       74.080       75.080       75.080
   110:       80.070       80.080       80.080       80.090       80.090
   115:       80.090       80.090       80.090       80.090       84.090
   120:       85.090       85.090       90.080       90.090       90.090
   125:       90.100       90.100       90.100       90.100       90.100
   130:       90.100       94.100       95.100       95.100      100.090
   135:      100.100      100.100      100.110      100.110      100.110
   140:      100.110      100.110      100.110      104.110      105.110
   145:      105.110      107.430      109.990      110.100      110.110
   150:      110.110      110.120      110.120      110.120      110.120
   155:      110.120      110.120      114.120      115.120      115.120
   160:      120.110      120.120      120.120      120.130      120.130
   165:      120.130      120.130      120.130      120.130      124.130
   170:      125.130      125.130      128.250      128.460      130.120
   175:      130.130      130.130      130.140      130.140      130.140
   180:      130.140      130.140      130.140      134.140      135.140
   185:      135.140      137.600      139.480      139.530      139.640
   190:      139.860      140.020      140.130      140.140      140.140
   195:      140.150      140.150      140.150      140.150      140.150
   200:      140.150      140.200      144.150      145.150      145.150
   205:      150.140      150.150      150.150      150.160      150.160
   210:      150.160      150.160      150.160      150.160      154.160
   215:      155.160      155.160      160.150      160.160      160.160
   220:      160.170      160.170      160.170      160.170      160.170
   225:      160.170      162.070      162.070      164.170      165.170
   230:      165.170      170.160      170.170      170.170      170.180
   235:      170.180      170.180      170.180      170.180      170.180
   240:      174.180      175.180      175.180      180.170      180.180
   245:      180.180      180.190      180.190      180.190      180.190
   250:      180.190      180.190      184.190      185.190      185.190
   255:      190.180      190.190      190.190      190.200      190.200
   260:      190.200      190.200      190.200      190.200      194.200
   265:      195.200      195.200      200.190      200.200      200.200
   270:      200.210      200.210      200.210      200.210      200.210
   275:      200.210      204.210      205.210      205.210      205.700
   280:      210.200      210.210      210.210      210.220      210.220
   285:      210.220      210.220      210.220      210.220      214.220
   290:      215.220      215.220      220.210      220.220      220.220
   295:      220.230      220.230      220.230      220.230      220.230
   300:      220.230      224.230      225.230      225.230      230.220
   305:      230.230      230.230      230.240      230.240      230.240
   310:      230.240      230.240      230.240      234.240      235.240
   315:      235.240      240.230      240.240      240.240      240.250
   320:      240.250      240.250      240.250      240.250      240.250
   325:      244.250      245.250      245.250      250.240      250.250
   330:      250.250      250.260      250.260      250.260      250.260
   335:      250.260      250.260      254.260      255.260      255.260
   340:      260.250      260.260      260.260      260.270      260.270
   345:      260.270      260.270      260.270      260.270      264.270
   350:      265.270      265.270      268.260      270.260      270.270
   355:      270.270      270.280      270.280      270.280      270.280
   360:      270.280      270.280      274.280      275.280      275.280
   365:      280.270      280.280      280.280      280.290      280.290
   370:      280.290      280.290      280.290      280.290      284.290
   375:      285.290      285.290      290.280      290.290      290.290
   380:      290.300      290.300      290.300      290.300      290.300
   385:      290.300      293.830      293.830      294.300      294.470
   390:      294.470      295.300      295.300      295.960      296.590
   395:      296.850      297.270      298.280      298.670      298.720
   400:      300.040      300.210      300.290      300.300      300.300
   405:      300.300      300.310      300.310      300.310      300.310
   410:      300.310      300.310      300.770      304.310      305.310
   415:      305.310      310.300      310.310      310.310      310.320
   420:      310.320      310.320      310.320      310.320      310.320
   425:      314.320      315.320      315.320      320.310      320.320
   430:      320.320      320.330      320.330      320.330      320.330
   435:      320.330      320.330      324.330      325.330      325.330
   440:      330.320      330.330      330.330      330.340      330.340
   445:      330.340      330.340      330.340      330.340      334.340
   450:      335.340      335.340      336.630      336.990      340.330
   455:      340.340      340.340      340.350      340.350      340.350
   460:      340.350      340.350      340.350      344.350      345.350
   465:      345.350      350.340      350.350      350.350      350.360
   470:      350.360      350.360      350.360      350.360      350.360
   475:      354.360      355.360      355.360      360.350      360.360
   480:      360.360      360.370      360.370      360.370      360.370
   485:      360.370      360.370      364.370      365.370      365.370
   490:      370.360      370.370      370.370      370.380      370.380
   495:      370.380      370.380      370.380      370.380      374.380
   500:      375.380      375.380      380.370      380.380      380.380
   505:      380.390      380.390      380.390      380.390      380.390
   510:      380.390      384.390      385.390      385.390      390.380
   515:      390.390      390.390      390.400      390.400      390.400
   520:      390.400      390.400      390.400      394.400      395.400
   525:      395.400      400.390      400.400      400.400      400.410
   530:      400.410      400.410      400.410      400.410      400.410
   535:      404.410      405.410      405.410      407.290      407.690
   540:      408.030      410.040      410.400      410.410      410.410
   545:      410.420      410.420      410.420      410.420      410.420
   550:      410.420      412.410      412.560      413.910      414.090
   555:      414.420      414.950      415.420      415.420      420.410
   560:      420.420      420.420      420.430      420.430      420.430
   565:      420.430      420.430      420.430      424.430      425.430
   570:      425.430      430.420      430.430      430.430      430.440
   575:      430.440      430.440      430.440      430.440      430.440
   580:      434.440      435.440      435.440      440.430      440.440
   585:      440.440      440.450      440.450      440.450      440.450
   590:      440.450      440.450      444.450      445.450      445.450
   595:      448.560      448.850      450.440      450.450      450.450
   600:      450.460      450.460      450.460      450.460      450.460
   605:      450.460      454.460      455.460      455.460      455.900
   610:      456.140      458.770      458.770      459.640      460.450
   615:      460.460      460.460      460.470      460.470      460.470
   620:      460.470      460.470      460.470      461.880      463.470
   625:      464.470      465.470      465.470      469.100      470.460
   630:      470.470      470.470      470.480      470.480      470.480
   635:      470.480      470.480      470.480      474.480      475.480
   640:      475.480      477.820      477.820      480.470      480.480
   645:      480.480      480.490      480.490      480.490      480.490
   650:      480.490      480.490      484.490      485.490      485.490
   655:      490.480      490.490      490.490      490.500      490.500
   660:      490.500      490.500      490.500      490.500      494.500
   665:      495.500      495.500      500.490      500.500      500.500
   670:      500.510      500.510      500.510      500.510      500.510
   675:      500.510      504.510      505.510      505.510      510.500
   680:      510.510      510.510      510.520      510.520      510.520
   685:      510.520      510.520      510.520      514.520      515.520
   690:      515.520      520.510      520.520      520.520      520.530
   695:      520.530      520.530      520.530      520.530      520.530
   700:      524.530      525.530      525.530      530.520      530.530
   705:      530.530      530.540      530.540      530.540      530.540
   710:      530.540      530.540      533.150      533.150      533.960
   715:      534.540      535.540      535.540      540.530      540.540
   720:      540.540      540.550      540.550      540.550      540.550
   725:      540.550      540.550      544.550      545.550      545.550
   730:      547.490      550.030      550.110      550.540      550.550
   735:      550.550      550.560      550.560      550.560      550.560
   740:      550.560      550.560      550.670      551.390      551.630
   745:      552.020      552.080      554.560      554.730      555.560
   750:      555.560      560.550      560.560      560.560      560.570
   755:      560.570      560.570      560.570      560.570      560.570
   760:      564.570      565.570      565.570      570.560      570.570
   765:      570.570      570.580      570.580      570.580      570.580
   770:      570.580      570.580      574.580      575.580      575.580
   775:      580.570      580.580      580.580      580.590      580.590
   780:      580.590      580.590      580.590      580.590      581.140
   785:      582.300      582.300      584.590      585.590      585.590
   790:      590.580      590.590      590.590      590.600      590.600
   795:      590.600      590.600      590.600      590.600      594.600
   800:      595.600      595.600      600.590      600.600      600.600
   805:      600.610      600.610      600.610      600.610      600.610
   810:      600.610      604.610      605.610      605.610      610.600
   815:      610.610      610.610      610.620      610.620      610.620
   820:      610.620      610.620      610.620      614.620      615.620
   825:      615.620      620.610      620.620      620.620      620.630
   830:      620.630      620.630      620.630      620.630      620.630
   835:      624.630      625.630      625.630      630.620      630.630
   840:      630.630      630.640      630.640      630.640      630.640
   845:      630.640      630.640      634.640      635.640      635.640
   850:      640.630      640.640      640.640      640.650      640.650
   855:      640.650      640.650      640.650      640.650      644.650
   860:      645.650      645.650      650.640      650.650      650.650
   865:      650.660      650.660      650.660      650.660      650.660
   870:      650.660      653.560      653.560      653.940      653.940
   875:      654.660      655.000      655.660      655.660      657.040
   880:      657.260      657.460      657.480      657.590      658.050
   885:      659.410      660.650      660.660      660.660      660.670
   890:      660.670      660.670      660.670      660.670      660.670
   895:      661.980      664.600      664.670      664.690      665.670
   900:      665.670      666.000      666.060      669.010      669.210
   905:      669.300      669.370      670.660      670.670      670.670
   910:      670.680      670.680      670.680      670.680      670.680
   915:      670.680      674.680      675.680      675.680      677.290
   920:      680.670      680.680      680.680      680.690      680.690
   925:      680.690      680.690      680.690      680.690      683.700
   930:      684.690      685.690      685.690      690.680      690.690
   935:      690.690      690.700      690.700      690.700      690.700
   940:      690.700      690.700      694.700      695.700      695.700
   945:      700.690      700.700      700.700      700.710      700.710
   950:      700.710      700.710      700.710      700.710      704.710
   955:      705.710      705.710      707.600      710.000      710.700
   960:      710.710      710.710      710.720      710.720      710.720
   965:      710.720      710.720      710.720      713.050      713.530
   970:      714.040      714.720      715.720      715.720      720.710
   975:      720.720      720.720      720.730      720.730      720.730
   980:      720.730      720.730      720.730      724.730      725.730
   985:      725.730      730.720      730.730      730.730      730.740
   990:      730.740      730.740      730.740      730.740      730.740
   995:      734.740      735.740      735.740      740.730      740.740
  1000:      740.740      740.750      740.750      740.750      740.750
  1005:      740.750      740.750      741.050      741.050      744.010
  1010:      744.010      744.750      745.750      745.750      748.620
  1015:      748.620      750.740      750.750      750.750      750.760
  1020:      750.760      750.760      750.760      750.760      750.760
  1025:      754.760      755.760      755.760      760.750      760.760
  1030:      760.760      760.770      760.770      760.770      760.770
  1035:      760.770      760.770      764.770      765.770      765.770
  1040:      766.270      766.270      770.760      770.770      770.770
  1045:      770.780      770.780      770.780      770.780      770.780
  1050:      770.780      774.780      775.780      775.780      780.770
  1055:      780.780      780.780      780.790      780.790      780.790
  1060:      780.790      780.790      780.790      784.790      785.790
  1065:      785.790      790.780      790.790      790.790      790.800
  1070:      790.800      790.800      790.800      790.800      790.800
  1075:      794.800      795.800      795.800      800.790      800.800
  1080:      800.800      800.810      800.810      800.810      800.810
  1085:      800.810      800.810
