File: C:\MED-PC\Data\2025-03-20_10h05m_Subject 74.txt


Start Date: 03/20/25
End Date: 03/20/25
Subject: 74
Experiment: OralFentSA
Group: One
Box: 2
Start Time: 10:05:23
End Time: 13:05:58
MSN: 20241014_Golden_Liq_SelfAdmin
F:       0.000
G:     896.000
H:   10800.000
I:       0.000
J:       0.000
K:       0.000
L:       0.000
M:       0.000
N:       0.000
O:       0.000
P:       0.000
Q:       0.000
R:       0.000
S:       0.000
U:       0.000
V:       0.000
W:       0.000
X:       0.000
Y:       0.000
Z:       0.000
A:
     0:        0.000        0.000      180.000        4.000        0.000
     5:        5.000        0.000        5.000        0.000        0.000
    10:        1.000        0.000       10.000  3000000.000       24.000
    15:       14.000      640.000        0.000        0.000        0.000
    20:        0.000
B:
     0:        0.000        0.000        0.000      400.000        0.000
     5:      500.000        0.000      500.000        0.000        0.000
    10:        0.000        0.000     1000.000 300000000.000        0.000
    15:        0.000        0.000        0.000        0.000        0.000
    20:        0.000
C:
     0:       20.000       21.000        8.000       37.000      570.000
     5:    10088.100       21.900       17.000      630.560       37.092
    10:       37.000        8.000        0.000        0.000        0.000
    15:        0.000        0.000        0.000        0.000        0.000
    20:        0.000
D:
     0:       52.200       10.370        2.820       50.640       20.160
     5:        4.940       25.250      265.500        3.230      111.190
    10:       26.240        4.760        8.760        9.820        8.920
    15:        3.860       21.900
E:
     0:       19.000       11.000       26.000       27.000        6.000
     5:        2.000        4.000       22.000       24.000       12.000
    10:       13.000        8.000        5.000       17.000       18.000
    15:       14.000       10.000       19.000       11.000        6.000
    20:        6.000        6.000        1.000        6.000        6.000
    25:        2.000        4.000       22.000       24.000       12.000
    30:       13.000        8.000        5.000       17.000       18.000
    35:       14.000       10.000       19.000       11.000        6.000
    40:        6.000        6.000        6.000        6.000        6.000
    45:        6.000        6.000        6.000        6.000        2.000
    50:        4.000       22.000       24.000       12.000       13.000
    55:        8.000        5.000       17.000       21.000       22.000
    60:        6.000        6.000       18.000        6.000        6.000
    65:       14.000       10.000       19.000       11.000        6.000
    70:        6.000        6.000        6.000        6.000        6.000
    75:        6.000        6.000        6.000        6.000        6.000
    80:        6.000        6.000        6.000        6.000        6.000
    85:        2.000        4.000       22.000       24.000       12.000
    90:       13.000        8.000        5.000       17.000       18.000
    95:       14.000       10.000       21.000       22.000       19.000
   100:       11.000        1.000        6.000        6.000        6.000
   105:        6.000        6.000        6.000        6.000        6.000
   110:        6.000        6.000        6.000        6.000        6.000
   115:        6.000        6.000        6.000        6.000        6.000
   120:        6.000        6.000        6.000        6.000        6.000
   125:        6.000        6.000        6.000        6.000        6.000
   130:        6.000        6.000        6.000        6.000        6.000
   135:        6.000        6.000        6.000        6.000        6.000
   140:        6.000        6.000        6.000        6.000        2.000
   145:        4.000       22.000       24.000       12.000       13.000
   150:        8.000        5.000       17.000       18.000       14.000
   155:       10.000       21.000       22.000       19.000       11.000
   160:        2.000        4.000       22.000       24.000       12.000
   165:       13.000        8.000        5.000       17.000       21.000
   170:       22.000       18.000       21.000       22.000       14.000
   175:       10.000       21.000       22.000       19.000       11.000
   180:        6.000        6.000        6.000        6.000        6.000
   185:        6.000        6.000        6.000        6.000        6.000
   190:        6.000        6.000        6.000        6.000        6.000
   195:        6.000        6.000        6.000        6.000        6.000
   200:        6.000        6.000        6.000        6.000        6.000
   205:        6.000        6.000        6.000        6.000        6.000
   210:        6.000        6.000        6.000        6.000        6.000
   215:        6.000        6.000        6.000        6.000        6.000
   220:        6.000        6.000        6.000        6.000        6.000
   225:        6.000        6.000        6.000        6.000        6.000
   230:        6.000        6.000        6.000        6.000        6.000
   235:        6.000        6.000        6.000        6.000        6.000
   240:        6.000        6.000        6.000        6.000        6.000
   245:        6.000        6.000        6.000        6.000        1.000
   250:        1.000        6.000        6.000        6.000        6.000
   255:        6.000        6.000        6.000        6.000        6.000
   260:        6.000        6.000        6.000        6.000        6.000
   265:        6.000        6.000        6.000        6.000        6.000
   270:        6.000        6.000        6.000        6.000        6.000
   275:        6.000        6.000        6.000        1.000        2.000
   280:        4.000       22.000       24.000       12.000       13.000
   285:        8.000        5.000       17.000       18.000        6.000
   290:       14.000       10.000       21.000       22.000       19.000
   295:       11.000        6.000        6.000        6.000        2.000
   300:        4.000       22.000       24.000       12.000       13.000
   305:        8.000        5.000       17.000       18.000       14.000
   310:       10.000       19.000       11.000        6.000        2.000
   315:        4.000       22.000       24.000       12.000       13.000
   320:        8.000        5.000       17.000       18.000       14.000
   325:       10.000       19.000       11.000        1.000        6.000
   330:        6.000        6.000        6.000        6.000        2.000
   335:        4.000       22.000       24.000       12.000       13.000
   340:        8.000        5.000       17.000        6.000        6.000
   345:       18.000       14.000       10.000       21.000       22.000
   350:       21.000       22.000       21.000       22.000       21.000
   355:       22.000       19.000       11.000        6.000        6.000
   360:        6.000        6.000        6.000        6.000        1.000
   365:        1.000        6.000        6.000        6.000        6.000
   370:        2.000        4.000       22.000       24.000       12.000
   375:       13.000        8.000        5.000       17.000       21.000
   380:       22.000       21.000       22.000       21.000       22.000
   385:       18.000       21.000       22.000       14.000       10.000
   390:       19.000       11.000        2.000        4.000       22.000
   395:       24.000       12.000       13.000        8.000        5.000
   400:       17.000       18.000       14.000       10.000       19.000
   405:       11.000        6.000        6.000        6.000        6.000
   410:        6.000        6.000        6.000        6.000        6.000
   415:        6.000        2.000        4.000       22.000       24.000
   420:       12.000       13.000        8.000        5.000       17.000
   425:       18.000       14.000       10.000       19.000       11.000
   430:        6.000        6.000        6.000        6.000        6.000
   435:        6.000        6.000        6.000        6.000        6.000
   440:        6.000        6.000        6.000        6.000        6.000
   445:        6.000        6.000        6.000        6.000        6.000
   450:        6.000        6.000        6.000        6.000        6.000
   455:        6.000        6.000        6.000        6.000        6.000
   460:        6.000        6.000        6.000        6.000        6.000
   465:        6.000        6.000        6.000        6.000        6.000
   470:        6.000        6.000        6.000        6.000        6.000
   475:        6.000        6.000        6.000        6.000        6.000
   480:        6.000        6.000        6.000        6.000        6.000
   485:        6.000        6.000        6.000        6.000        6.000
   490:        6.000        6.000        6.000        6.000        6.000
   495:        6.000        6.000        6.000        6.000        6.000
   500:        6.000        6.000        6.000        6.000        6.000
   505:        6.000        6.000        6.000        6.000        6.000
   510:        6.000        6.000        6.000        6.000        6.000
   515:        6.000        6.000        6.000        6.000        6.000
   520:        6.000        6.000        6.000        6.000        6.000
   525:        6.000        6.000        6.000        6.000        6.000
   530:        6.000        6.000        6.000        6.000        6.000
   535:        6.000        6.000        6.000        6.000        6.000
   540:        6.000        6.000        6.000        6.000        6.000
   545:        6.000        2.000        4.000       22.000       24.000
   550:       12.000       13.000        8.000        5.000       17.000
   555:       18.000        6.000       14.000       10.000       19.000
   560:       11.000        6.000        6.000        6.000        6.000
   565:        6.000        6.000        6.000        6.000        6.000
   570:        6.000        6.000        6.000        6.000        6.000
   575:        6.000        6.000        2.000        4.000       22.000
   580:       24.000       12.000       13.000        8.000        5.000
   585:       17.000       18.000       14.000       10.000        6.000
   590:       19.000       11.000        6.000        6.000        6.000
   595:        2.000        4.000       22.000       24.000       12.000
   600:       13.000        8.000        5.000       17.000       18.000
   605:       14.000       10.000       21.000       22.000       19.000
   610:       11.000        2.000        4.000       22.000       24.000
   615:       12.000       13.000        8.000        5.000       17.000
   620:       18.000       14.000       10.000        6.000       19.000
   625:       11.000        6.000        6.000        6.000        6.000
   630:        6.000        6.000        6.000        6.000        6.000
   635:        6.000        6.000        6.000        6.000        2.000
   640:        4.000       22.000       24.000       12.000       13.000
   645:        8.000        5.000       17.000       21.000       22.000
   650:       18.000       14.000       10.000        6.000       19.000
   655:       11.000        6.000        6.000        6.000        2.000
   660:        4.000       22.000       24.000       12.000       13.000
   665:        8.000        5.000       17.000        6.000       18.000
   670:       14.000       10.000        6.000        6.000       19.000
   675:       11.000        6.000        6.000        6.000        6.000
   680:        6.000        6.000        6.000        6.000        6.000
   685:        6.000        6.000        6.000        6.000        6.000
   690:        6.000        6.000        6.000        6.000        6.000
   695:        6.000        6.000        6.000        6.000        6.000
   700:        6.000        6.000        6.000        6.000        6.000
   705:        6.000        6.000        6.000        6.000        6.000
   710:        6.000        6.000        6.000        6.000        6.000
   715:        6.000        6.000        6.000        6.000        6.000
   720:        6.000        6.000        6.000        6.000        6.000
   725:        6.000        6.000        6.000        6.000        6.000
   730:        6.000        6.000        6.000        6.000        6.000
   735:        6.000        6.000        6.000        6.000        6.000
   740:        6.000        6.000        6.000        6.000        6.000
   745:        6.000        6.000        6.000        6.000        6.000
   750:        6.000        6.000        6.000        6.000        6.000
   755:        6.000        6.000        6.000        6.000        6.000
   760:        6.000        6.000        6.000        6.000        6.000
   765:        2.000        4.000       22.000       24.000       12.000
   770:       13.000        8.000        5.000       17.000       18.000
   775:       14.000       10.000       19.000       11.000        6.000
   780:        6.000        6.000        6.000        6.000        6.000
   785:        6.000        6.000        6.000        6.000        6.000
   790:        6.000        6.000        6.000        6.000        6.000
   795:        6.000        6.000        6.000        6.000        6.000
   800:        6.000        6.000        6.000        6.000        6.000
   805:        6.000        6.000        6.000        6.000        6.000
   810:        6.000        6.000        6.000        6.000        6.000
   815:        6.000        6.000        6.000        6.000        6.000
   820:        6.000        6.000        6.000        6.000        6.000
   825:        6.000        6.000        6.000        6.000        6.000
   830:        6.000        6.000        6.000        6.000        6.000
   835:        6.000        6.000        6.000        6.000        6.000
   840:        6.000        6.000        6.000        6.000        6.000
   845:        6.000        6.000        6.000        6.000        6.000
   850:        6.000        6.000        6.000        6.000        6.000
   855:        6.000        6.000        6.000        6.000        6.000
   860:        6.000        6.000        6.000        6.000        6.000
   865:        6.000        6.000        6.000        6.000        6.000
   870:        6.000        6.000        6.000        6.000        6.000
   875:        6.000        6.000        6.000        6.000        6.000
   880:        6.000        6.000        6.000        6.000        6.000
   885:        6.000        6.000        6.000        6.000        6.000
   890:        6.000        6.000        6.000        6.000        6.000
   895:        6.000      100.000
T:
     0:        0.000        0.000        0.000        0.000       82.820
     5:      103.210      103.210      103.210      103.220      103.220
    10:      103.220      103.220      103.220      103.220      107.220
    15:      108.220      108.220      113.210      113.220      155.420
    20:      156.500      157.440      199.140      210.980      211.070
    25:      212.950      212.950      212.950      212.960      212.960
    30:      212.960      212.960      212.960      212.960      216.960
    35:      217.960      217.960      222.950      222.960      223.330
    40:      225.100      225.390      229.200      230.460      230.920
    45:      243.720      243.750      243.970      245.280      264.520
    50:      264.520      264.520      264.530      264.530      264.530
    55:      264.530      264.530      264.530      265.320      265.320
    60:      267.350      268.310      268.530      268.620      268.720
    65:      269.530      269.530      274.520      274.530      298.010
    70:      298.180      316.960      320.890      422.330      422.770
    75:      502.410      502.640      502.770      503.120      503.360
    80:      504.390      505.390      505.970      510.620      510.950
    85:      515.960      515.960      515.960      515.970      515.970
    90:      515.970      515.970      515.970      515.970      519.970
    95:      520.970      520.970      525.130      525.130      525.960
   100:      525.970      550.430      566.610      657.720      659.430
   105:      660.360      660.510      661.650      664.550      665.840
   110:      666.200      666.360      666.850      674.950      709.660
   115:      712.680      713.880      714.360      715.600      716.820
   120:      718.160      718.310      718.480      718.870      720.230
   125:      720.280      722.930      726.620      727.680      743.670
   130:      743.820      744.160      744.240      746.620      749.700
   135:      750.730      753.540      754.340      754.890      755.030
   140:      757.330      757.520      764.850      765.830      768.010
   145:      768.010      768.010      768.020      768.020      768.020
   150:      768.020      768.020      768.020      772.020      773.020
   155:      773.020      777.970      777.970      778.010      778.020
   160:      781.970      781.970      781.970      781.980      781.980
   165:      781.980      781.980      781.980      781.980      785.560
   170:      785.560      785.980      786.570      786.570      786.980
   175:      786.980      789.350      789.350      791.970      791.980
   180:      802.140      826.070      827.080      828.430      829.730
   185:      833.800      836.270      836.740      837.200      838.240
   190:      840.520      840.680      841.000      843.230      843.640
   195:      850.080     1046.700     1085.240     1085.490     1086.150
   200:     1086.970     1088.670     1088.890     1101.270     1101.370
   205:     1101.450     1123.570     1129.140     1130.180     1134.050
   210:     1134.180     1143.090     1144.550     1146.820     1149.380
   215:     1149.860     1152.730     1153.830     1154.300     1155.260
   220:     1156.130     1157.020     1276.460     1293.690     1344.360
   225:     1345.190     1345.560     1346.880     1348.250     1348.930
   230:     1349.870     1350.120     1350.740     1351.020     1351.820
   235:     1353.940     1368.700     1368.820     1380.170     1380.430
   240:     1380.560     1381.780     1381.860     1382.150     1431.270
   245:     1431.490     1444.140     1458.040     1825.150     1839.480
   250:     1840.430     1851.820     1851.910     1852.350     1853.160
   255:     1853.800     1855.280     1855.880     1855.910     1877.610
   260:     1877.980     1878.040     1879.700     1880.990     1881.200
   265:     1881.420     1881.650     1882.330     1884.120     1884.170
   270:     1889.940     1894.310     1894.330     1898.630     2533.710
   275:     2587.430     2587.540     2587.810     2619.910     2625.470
   280:     2625.470     2625.470     2625.480     2625.480     2625.480
   285:     2625.480     2625.480     2625.480     2629.480     2630.420
   290:     2630.480     2630.480     2631.630     2631.630     2635.470
   295:     2635.480     2647.110     2655.230     2669.310     2673.800
   300:     2673.800     2673.800     2673.810     2673.810     2673.810
   305:     2673.810     2673.810     2673.810     2677.810     2678.810
   310:     2678.810     2683.800     2683.810     2699.060     2728.790
   315:     2728.790     2728.790     2728.800     2728.800     2728.800
   320:     2728.800     2728.800     2728.800     2732.800     2733.800
   325:     2733.800     2738.790     2738.800     2937.040     2994.300
   330:     2994.520     2995.040     2995.340     3037.170     3045.500
   335:     3045.500     3045.500     3045.510     3045.510     3045.510
   340:     3045.510     3045.510     3045.510     3048.740     3048.980
   345:     3049.510     3050.510     3050.510     3051.200     3051.200
   350:     3052.210     3052.210     3052.540     3052.540     3053.690
   355:     3053.690     3055.500     3055.510     3082.070     3116.480
   360:     3306.510     3307.640     3381.730     3457.960     3463.010
   365:     3466.050     4509.850     4559.480     4569.990     4570.400
   370:     4573.780     4573.780     4573.780     4573.790     4573.790
   375:     4573.790     4573.790     4573.790     4573.790     4573.980
   380:     4573.980     4574.740     4574.740     4576.630     4576.630
   385:     4577.790     4577.970     4577.970     4578.790     4578.790
   390:     4583.780     4583.790     4601.140     4601.140     4601.140
   395:     4601.150     4601.150     4601.150     4601.150     4601.150
   400:     4601.150     4605.150     4606.150     4606.150     4611.140
   405:     4611.150     4712.340     4714.150     4715.460     4715.600
   410:     4736.910     4737.710     4739.650     4741.600     4746.520
   415:     4746.930     4750.650     4750.650     4750.650     4750.660
   420:     4750.660     4750.660     4750.660     4750.660     4750.660
   425:     4754.660     4755.660     4755.660     4760.650     4760.660
   430:     4776.900     4879.220     4879.330     4879.880     4895.210
   435:     4895.920     4897.870     4898.170     4918.460     4921.600
   440:     4922.460     4925.670     4928.870     4930.120     4931.310
   445:     4933.330     4934.490     4934.720     4939.390     4942.190
   450:     4944.260     4944.400     4944.560     4944.660     4944.980
   455:     4953.890     4954.280     4954.560     4955.850     4956.830
   460:     4987.010     5019.660     5023.950     5023.990     5025.040
   465:     5034.620     5037.910     5040.090     5047.450     5048.190
   470:     5048.280     5091.770     5095.110     5095.180     5113.580
   475:     5120.820     5120.860     5130.700     5133.190     5139.590
   480:     5142.330     5142.770     5167.320     5168.690     5173.340
   485:     5173.360     5180.830     5181.210     5189.300     5189.360
   490:     5192.680     5230.380     5235.200     5245.190     5246.470
   495:     5246.570     5250.480     5252.020     5257.810     5278.030
   500:     5280.290     5280.780     5282.770     5283.810     5299.040
   505:     5299.260     5299.790     5309.280     5311.850     5315.790
   510:     5316.770     5316.830     5327.760     5328.810     5330.310
   515:     5330.410     5343.050     5343.360     5343.500     5343.680
   520:     5378.360     5386.710     5395.140     5453.730     5454.070
   525:     5455.430     5471.670     5473.520     5484.260     5485.350
   530:     5491.600     5495.660     5498.370     5498.500     5498.810
   535:     5499.320     5501.870     5511.630     5511.840     5517.080
   540:     5517.610     5517.710     5517.860     5707.240     5707.400
   545:     5708.290     5979.470     5979.470     5979.470     5979.480
   550:     5979.480     5979.480     5979.480     5979.480     5979.480
   555:     5983.480     5984.240     5984.480     5984.480     5989.470
   560:     5989.480     5990.350     5990.600     7204.970     7210.470
   565:     7219.330     7219.440     7219.510     7219.550     7219.760
   570:     7223.080     7253.810     7253.850     7261.650     7263.510
   575:     9015.780     9017.550     9053.190     9053.190     9053.190
   580:     9053.200     9053.200     9053.200     9053.200     9053.200
   585:     9053.200     9057.200     9058.200     9058.200     9061.960
   590:     9063.190     9063.200     9064.840     9065.400     9169.280
   595:     9171.290     9171.290     9171.290     9171.300     9171.300
   600:     9171.300     9171.300     9171.300     9171.300     9175.300
   605:     9176.300     9176.300     9176.660     9176.660     9181.290
   610:     9181.300     9183.870     9183.870     9183.870     9183.880
   615:     9183.880     9183.880     9183.880     9183.880     9183.880
   620:     9187.880     9188.880     9188.880     9193.700     9193.870
   625:     9193.880     9362.860     9362.930     9367.380     9367.440
   630:     9367.490     9368.050     9384.680     9387.940     9389.040
   635:     9391.310     9665.650     9665.880     9873.820     9876.190
   640:     9876.190     9876.190     9876.200     9876.200     9876.200
   645:     9876.200     9876.200     9876.200     9877.680     9877.680
   650:     9880.200     9881.200     9881.200     9885.120     9886.190
   655:     9886.200     9887.370     9892.910     9893.600     9897.150
   660:     9897.150     9897.150     9897.160     9897.160     9897.160
   665:     9897.160     9897.160     9897.160     9901.020     9901.160
   670:     9902.160     9902.160     9905.330     9905.970     9907.150
   675:     9907.160     9907.670     9909.490     9910.390     9911.760
   680:     9912.990     9913.820     9915.240     9917.810     9918.370
   685:     9918.820     9931.900     9932.680     9933.390     9934.670
   690:     9935.370     9937.420     9937.520     9938.440     9940.300
   695:     9942.540     9942.770     9942.890     9949.190     9955.880
   700:     9956.410     9956.580     9958.360     9961.360     9961.960
   705:     9962.180     9964.690     9970.300     9973.220     9974.110
   710:     9974.220     9976.100     9977.920     9979.410     9980.660
   715:     9981.520     9983.090     9983.460     9985.610     9986.360
   720:     9986.720     9986.910     9988.210     9988.530     9988.630
   725:     9995.340     9995.440     9997.170    10000.600    10002.950
   730:    10004.540    10007.030    10009.070    10009.120    10009.210
   735:    10012.250    10012.760    10028.670    10031.570    10033.630
   740:    10036.820    10038.590    10039.520    10039.700    10041.850
   745:    10043.330    10044.720    10044.820    10044.930    10045.120
   750:    10045.180    10045.260    10045.540    10046.140    10048.630
   755:    10049.560    10049.960    10052.020    10053.080    10073.690
   760:    10074.120    10074.150    10074.430    10079.110    10079.410
   765:    10088.090    10088.090    10088.090    10088.100    10088.100
   770:    10088.100    10088.100    10088.100    10088.100    10092.100
   775:    10093.100    10093.100    10098.090    10098.100    10110.000
   780:    10110.700    10111.470    10111.820    10115.220    10120.480
   785:    10120.540    10127.540    10131.330    10132.610    10132.730
   790:    10133.140    10148.280    10149.250    10149.600    10150.380
   795:    10162.770    10163.650    10166.830    10167.140    10173.760
   800:    10177.400    10177.750    10177.980    10178.950    10179.150
   805:    10181.220    10181.310    10181.590    10181.890    10181.990
   810:    10182.600    10191.220    10193.330    10235.630    10280.020
   815:    10280.390    10280.700    10285.960    10286.050    10286.130
   820:    10286.960    10287.260    10287.480    10287.700    10295.420
   825:    10300.930    10302.030    10309.490    10310.640    10310.820
   830:    10323.540    10343.320    10345.220    10345.590    10345.770
   835:    10347.170    10347.540    10347.930    10348.140    10348.350
   840:    10398.910    10399.250    10406.870    10426.010    10450.080
   845:    10453.290    10454.000    10454.150    10454.420    10454.990
   850:    10455.210    10455.870    10470.630    10470.750    10491.060
   855:    10491.200    10492.550    10492.670    10492.900    10494.160
   860:    10494.720    10496.340    10497.150    10497.290    10499.360
   865:    10504.410    10602.660    10602.700    10614.600    10614.710
   870:    10614.930    10635.170    10699.790    10702.560    10702.900
   875:    10703.050    10703.350    10703.870    10736.010    10740.580
   880:    10740.650    10740.940    10744.180    10745.330    10748.210
   885:    10748.400    10756.120    10756.970    10757.030    10759.710
   890:    10762.630    10771.250    10782.680    10782.810    10782.870
   895:    10785.930    10800.000
