File: C:\MED-PC IV\DATA\!2025-03-11_12h05m.Subject 67



Start Date: 03/11/25
End Date: 03/11/25
Subject: 67
Experiment: OralFentSA
Group: One
Box: 3
Start Time: 12:05:42
End Time: 15:06:06
MSN: Golden_Liq_SelfAdmin_EXT
F:       0.000
G:    1064.000
H:   10800.010
I:       0.000
J:       0.000
K:       0.000
L:       0.000
M:       0.000
N:       0.000
O:       0.000
P:       0.000
Q:       0.000
R:       0.000
S:       0.000
U:       0.000
V:       0.000
W:       0.000
X:       0.000
Y:       0.000
Z:       0.000
A:
     0:        0.000        0.000      180.000        4.000        0.000
     5:        5.000        0.000        5.000        0.000        0.000
    10:        1.000        0.000       10.000 100000000.00       22.000
    15:       22.000      640.000        0.000        0.000        0.000
    20:        0.000
B:
     0:        0.000        0.000        0.000        0.000        0.000
     5:        0.000        0.000        0.000        0.000        0.000
    10:        0.000        0.000     1000.000 10000000000.        0.000
    15:        0.000        0.000        0.000        0.000        0.000
    20:        0.000
C:
     0:        0.000       54.000        0.000       69.000      601.000
     5:    10784.680        0.610       40.000     1566.450       39.161
    10:       69.000      109.000        0.000        0.000        0.000
    15:        0.000        0.000        0.000        0.000        0.000
    20:        0.000
D:
     0:        0.910       99.310       90.340        5.470        2.080
     5:        0.690       10.780        4.210       99.230      106.710
    10:        7.050        1.310       17.090        8.930       10.560
    15:       44.480        5.710       13.270       58.440        5.420
    20:      282.040      217.230       88.100       11.150        1.080
    25:       31.770       35.730        4.800       14.340       31.900
    30:       54.460       64.590       26.130       17.060       46.030
    35:        5.150        4.090       37.010        1.190        0.610
E:
     0:       19.000       11.000       26.000       27.000        6.000
     5:        6.000        6.000        2.000        4.000       22.000
    10:       24.000        6.000       19.000       11.000       23.000
    15:        6.000        2.000        4.000       22.000       24.000
    20:       19.000       11.000        2.000        4.000       22.000
    25:       24.000       19.000       11.000        6.000        6.000
    30:        2.000        4.000       22.000       24.000       19.000
    35:       11.000       23.000        6.000        2.000        4.000
    40:       22.000       24.000        6.000        6.000       19.000
    45:       11.000        6.000        6.000        6.000        6.000
    50:        6.000        6.000        6.000        2.000        4.000
    55:       22.000       24.000        6.000        6.000        6.000
    60:       21.000       22.000       21.000       22.000       19.000
    65:       11.000        6.000        6.000        6.000        6.000
    70:       23.000        6.000        6.000       23.000        6.000
    75:        6.000        6.000        6.000        6.000        6.000
    80:        2.000        4.000       22.000       24.000        6.000
    85:        6.000        6.000        6.000        6.000        6.000
    90:       19.000       11.000        6.000       23.000        6.000
    95:        2.000        4.000       22.000       24.000       19.000
   100:       11.000        6.000        6.000        6.000        6.000
   105:        6.000        6.000        6.000        6.000        6.000
   110:        6.000        6.000        6.000        6.000        6.000
   115:        6.000        2.000        4.000       22.000       24.000
   120:        6.000        6.000       19.000       11.000        6.000
   125:        2.000        4.000       22.000       24.000       19.000
   130:       11.000       23.000        6.000        6.000       23.000
   135:       23.000        6.000        6.000        6.000        6.000
   140:        6.000        6.000        6.000        6.000        6.000
   145:        6.000        6.000        6.000        6.000        6.000
   150:        6.000        6.000        6.000        6.000        6.000
   155:        6.000        6.000        6.000        6.000        6.000
   160:        6.000        6.000        6.000        6.000        2.000
   165:        4.000       22.000       24.000       19.000       11.000
   170:        2.000        4.000       22.000       24.000       19.000
   175:       11.000       23.000       23.000       23.000       23.000
   180:       23.000       23.000       23.000       23.000       23.000
   185:       23.000       23.000       23.000       23.000       23.000
   190:        6.000        6.000        6.000        2.000        4.000
   195:       22.000       24.000       19.000       11.000        2.000
   200:        4.000       22.000       24.000       21.000       22.000
   205:        6.000        6.000        6.000       21.000       22.000
   210:       19.000       11.000        6.000        6.000        6.000
   215:        6.000        6.000        6.000       23.000        6.000
   220:        6.000        6.000        6.000        6.000        6.000
   225:        6.000        6.000        2.000        4.000       22.000
   230:       24.000        6.000        6.000        6.000        6.000
   235:        6.000        6.000       19.000       11.000        6.000
   240:        6.000        6.000        6.000        6.000        6.000
   245:        6.000        6.000        6.000        2.000        4.000
   250:       22.000       24.000       19.000       11.000        6.000
   255:        6.000        6.000        6.000       23.000        2.000
   260:        4.000       22.000       24.000        6.000       19.000
   265:       11.000        6.000        6.000       23.000        6.000
   270:        6.000        6.000        6.000        6.000        6.000
   275:        6.000        6.000        6.000        6.000        6.000
   280:        6.000        6.000        2.000        4.000       22.000
   285:       24.000       19.000       11.000        6.000        2.000
   290:        4.000       22.000       24.000       19.000       11.000
   295:        6.000       23.000       23.000        6.000        6.000
   300:        6.000        6.000        6.000        6.000        6.000
   305:        6.000        6.000        6.000        6.000        6.000
   310:        6.000        6.000        6.000        6.000        6.000
   315:        6.000        6.000        6.000        6.000        6.000
   320:        6.000        6.000        6.000        6.000        6.000
   325:        6.000        6.000        6.000        6.000        6.000
   330:        6.000        6.000        6.000        6.000        6.000
   335:        6.000        6.000        6.000        6.000        6.000
   340:        6.000        6.000        6.000        6.000        6.000
   345:        6.000        6.000        6.000        6.000        6.000
   350:        6.000        6.000        6.000        6.000        6.000
   355:        6.000        6.000        6.000        6.000        6.000
   360:        6.000        6.000        6.000        6.000        6.000
   365:        6.000        6.000        6.000        6.000        6.000
   370:       23.000       23.000        2.000        4.000       22.000
   375:       24.000       21.000       22.000       21.000       22.000
   380:       21.000       22.000        6.000       19.000       11.000
   385:        6.000        6.000        6.000        6.000        6.000
   390:        6.000        6.000        2.000        4.000       22.000
   395:       24.000       21.000       22.000       21.000       22.000
   400:       19.000       11.000        6.000       23.000       23.000
   405:       23.000        6.000        6.000        6.000        6.000
   410:        6.000        6.000        6.000        6.000        6.000
   415:        6.000        6.000        6.000        6.000        6.000
   420:        6.000        6.000        2.000        4.000       22.000
   425:       24.000       21.000       22.000       19.000       11.000
   430:        6.000        6.000        6.000        6.000        6.000
   435:        6.000        6.000        6.000        6.000        6.000
   440:        6.000        6.000        6.000        6.000        6.000
   445:        6.000        6.000        6.000        6.000        6.000
   450:        6.000        6.000        6.000        6.000        6.000
   455:        6.000        6.000        6.000        6.000        6.000
   460:        6.000        6.000        6.000        6.000        6.000
   465:        6.000        6.000        6.000        6.000        6.000
   470:        6.000        6.000        6.000        6.000        6.000
   475:        6.000        6.000        6.000        6.000        6.000
   480:        6.000        2.000        4.000       22.000       24.000
   485:        6.000        6.000        6.000        6.000        6.000
   490:       19.000       11.000        2.000        4.000       22.000
   495:       24.000       19.000       11.000        2.000        4.000
   500:       22.000       24.000       19.000       11.000        2.000
   505:        4.000       22.000       24.000       19.000       11.000
   510:        2.000        4.000       22.000       24.000       19.000
   515:       11.000       23.000        6.000       23.000        2.000
   520:        4.000       22.000       24.000       19.000       11.000
   525:        6.000        6.000        6.000        6.000        6.000
   530:        6.000        6.000        6.000        6.000        6.000
   535:        6.000        6.000        6.000        6.000        6.000
   540:        6.000        6.000        6.000        6.000        6.000
   545:       23.000       23.000        6.000        6.000        6.000
   550:        6.000        6.000        6.000        6.000       23.000
   555:       23.000       23.000       23.000        6.000        6.000
   560:        6.000        6.000        6.000        6.000        6.000
   565:        6.000        6.000        6.000        6.000        6.000
   570:        6.000        6.000        6.000        6.000        6.000
   575:        6.000        6.000        6.000        6.000        6.000
   580:        6.000        6.000        6.000        6.000        6.000
   585:        6.000        6.000        6.000        6.000        6.000
   590:        6.000        6.000        6.000        6.000        6.000
   595:       23.000        6.000        6.000        6.000        6.000
   600:        6.000        6.000        6.000        6.000        6.000
   605:        6.000       23.000       23.000       23.000       23.000
   610:        6.000        6.000        2.000        4.000       22.000
   615:       24.000       19.000       11.000        6.000        2.000
   620:        4.000       22.000       24.000       21.000       22.000
   625:       19.000       11.000        6.000        6.000        6.000
   630:        6.000        6.000        6.000        6.000        6.000
   635:        6.000        6.000        6.000        6.000        6.000
   640:        6.000        6.000        6.000        6.000        6.000
   645:        6.000        6.000        6.000        6.000       23.000
   650:        6.000        6.000        6.000       23.000        6.000
   655:        6.000        6.000       23.000       23.000        6.000
   660:        6.000        2.000        4.000       22.000       24.000
   665:        6.000        6.000       19.000       11.000        2.000
   670:        4.000       22.000       24.000       19.000       11.000
   675:        6.000        6.000        6.000       23.000       23.000
   680:       23.000       23.000       23.000       23.000       23.000
   685:        6.000        6.000        6.000        6.000        6.000
   690:        6.000        6.000        6.000        6.000        6.000
   695:       23.000        2.000        4.000       22.000       24.000
   700:       19.000       11.000        2.000        4.000       22.000
   705:       24.000       19.000       11.000        6.000        6.000
   710:        2.000        4.000       22.000       24.000        6.000
   715:        6.000       19.000       11.000       23.000        6.000
   720:        6.000       23.000       23.000       23.000       23.000
   725:        6.000       23.000        6.000        6.000        6.000
   730:        6.000        6.000        2.000        4.000       22.000
   735:       24.000       19.000       11.000        2.000        4.000
   740:       22.000       24.000       21.000       22.000       19.000
   745:       11.000       23.000        2.000        4.000       22.000
   750:       24.000       19.000       11.000        6.000       23.000
   755:       23.000        6.000        2.000        4.000       22.000
   760:       24.000       19.000       11.000        6.000        6.000
   765:        2.000        4.000       22.000       24.000       19.000
   770:       11.000        2.000        4.000       22.000       24.000
   775:       21.000       22.000       19.000       11.000        6.000
   780:        6.000        6.000        6.000        6.000        6.000
   785:        6.000        6.000        6.000        6.000        6.000
   790:        6.000        6.000        6.000        6.000        6.000
   795:       23.000       23.000        6.000        6.000        6.000
   800:        6.000        6.000        6.000       23.000       23.000
   805:       23.000       23.000       23.000       23.000        6.000
   810:       23.000       23.000        6.000        6.000        6.000
   815:        6.000        6.000        6.000        6.000        6.000
   820:        6.000        6.000        6.000        6.000        6.000
   825:        6.000        6.000        6.000        6.000        6.000
   830:        2.000        4.000       22.000       24.000       19.000
   835:       11.000        6.000        6.000        6.000       23.000
   840:        6.000        6.000        6.000        6.000        6.000
   845:        6.000        6.000        6.000        6.000        6.000
   850:        6.000        6.000        6.000        6.000        6.000
   855:        6.000        6.000       23.000       23.000       23.000
   860:       23.000       23.000       23.000        2.000        4.000
   865:       22.000       24.000       21.000       22.000       19.000
   870:       11.000       23.000       23.000       23.000       23.000
   875:       23.000       23.000       23.000       23.000       23.000
   880:       23.000        2.000        4.000       22.000       24.000
   885:       19.000       11.000        6.000        6.000        6.000
   890:        6.000        6.000        2.000        4.000       22.000
   895:       24.000       19.000       11.000        6.000        6.000
   900:        2.000        4.000       22.000       24.000       19.000
   905:       11.000       23.000       23.000       23.000       23.000
   910:        2.000        4.000       22.000       24.000       19.000
   915:       11.000        6.000        2.000        4.000       22.000
   920:       24.000       21.000       22.000        6.000       19.000
   925:       11.000        6.000        6.000        6.000        6.000
   930:        6.000        6.000        6.000        6.000        6.000
   935:        6.000        6.000        6.000        6.000        6.000
   940:        6.000        6.000        6.000        6.000        6.000
   945:        6.000        6.000        6.000        6.000        6.000
   950:        6.000        6.000        6.000        6.000        6.000
   955:        6.000        6.000        6.000        6.000        6.000
   960:        6.000        6.000        6.000        6.000        6.000
   965:        6.000        6.000        6.000        6.000        6.000
   970:        6.000        6.000        6.000        6.000        6.000
   975:        6.000        2.000        4.000       22.000       24.000
   980:       21.000       22.000        6.000        6.000        6.000
   985:       19.000       11.000        6.000        6.000        6.000
   990:        6.000        6.000        6.000        6.000        6.000
   995:        6.000        6.000        6.000        6.000        6.000
  1000:       23.000       23.000       23.000       23.000       23.000
  1005:        6.000        6.000        6.000        6.000        6.000
  1010:        6.000        6.000        6.000        2.000        4.000
  1015:       22.000       24.000       19.000       11.000       23.000
  1020:        6.000        6.000        6.000        6.000        2.000
  1025:        4.000       22.000       24.000        6.000       19.000
  1030:       11.000        6.000        6.000        2.000        4.000
  1035:       22.000       24.000        6.000       19.000       11.000
  1040:        6.000        6.000        6.000        6.000        6.000
  1045:        6.000        6.000        6.000        6.000        6.000
  1050:        6.000       23.000       23.000       23.000       23.000
  1055:       23.000       23.000        6.000        2.000        4.000
  1060:       22.000       24.000       19.000       11.000      100.000
T:
     0:        0.000        0.000        0.000        0.000        3.690
     5:       60.960       69.150       82.000       82.000       82.000
    10:       82.010       82.920       92.000       92.010      102.100
    15:      114.230      135.530      135.530      135.530      135.540
    20:      145.530      145.540      206.930      206.930      206.930
    25:      206.940      216.930      216.940      306.250      306.830
    30:      364.060      364.060      364.060      364.070      374.060
    35:      374.070      436.710      454.410      537.430      537.430
    40:      537.430      537.440      542.910      546.690      547.430
    45:      547.440      547.640      547.730      547.830      547.930
    50:      564.360      608.350      674.630      687.090      687.090
    55:      687.090      687.100      689.180      689.200      689.530
    60:      691.690      691.690      694.400      694.400      697.090
    65:      697.100      699.660      700.440      783.180      831.990
    70:     1125.890     1161.500     1255.580     1284.950     1286.640
    75:     1304.190     1304.630     1337.280     1360.540     1364.080
    80:     1373.940     1373.940     1373.940     1373.950     1374.640
    85:     1376.060     1376.650     1376.700     1376.990     1380.680
    90:     1383.940     1383.950     1396.070     1405.010     1408.320
    95:     1488.010     1488.010     1488.010     1488.020     1498.010
   100:     1498.020     1498.800     1498.860     1514.090     1514.130
   105:     1514.400     1514.420     1514.480     1538.480     1540.710
   110:     1541.570     1541.630     1541.790     1541.920     1542.900
   115:     1563.880     1568.060     1568.060     1568.060     1568.070
   120:     1572.280     1574.500     1578.060     1578.070     1579.860
   125:     1617.250     1617.250     1617.250     1617.260     1627.250
   130:     1627.260     1633.990     1716.490     1737.620     1790.590
   135:     1815.350     1835.230     1835.330     1835.350     1835.400
   140:     1835.790     1838.050     1838.130     1838.170     1838.190
   145:     1838.440     1853.800     1858.580     1859.010     1859.560
   150:     1863.540     1863.610     1863.670     1864.490     1865.630
   155:     1866.210     1866.250     1868.560     1869.670     1869.840
   160:     1885.260     1915.110     1918.880     1926.480     1942.360
   165:     1942.360     1942.360     1942.370     1952.360     1952.370
   170:     1953.770     1953.770     1953.770     1953.780     1963.770
   175:     1963.780     1979.340     1980.210     1985.550     1989.940
   180:     1992.200     1994.390     2003.660     2031.830     2040.570
   185:     2045.570     2047.740     2050.920     2051.580     2052.540
   190:     2060.490     2129.600     2207.730     2229.190     2229.190
   195:     2229.190     2229.200     2239.190     2239.200     2240.150
   200:     2240.150     2240.150     2240.160     2246.320     2246.320
   205:     2247.210     2247.220     2247.460     2248.510     2248.510
   210:     2250.150     2250.160     2254.780     2254.870     2254.880
   215:     2255.090     2258.040     2259.680     2274.580     2317.250
   220:     2371.740     2374.960     2375.110     2375.370     2383.190
   225:     2398.260     2398.340     2403.040     2403.040     2403.040
   230:     2403.050     2404.360     2404.450     2404.780     2405.330
   235:     2405.410     2405.450     2413.040     2413.050     2423.720
   240:     2423.950     2424.110     2424.570     2424.890     2447.320
   245:     2448.950     2450.060     2526.050     2546.970     2546.970
   250:     2546.970     2546.980     2556.970     2556.980     2564.070
   255:     2564.150     2564.450     2565.450     2706.860     2733.060
   260:     2733.060     2733.060     2733.070     2742.000     2743.060
   265:     2743.070     2746.870     2777.270     2789.920     2818.270
   270:     2821.680     2843.280     2843.350     2843.490     2843.550
   275:     2845.260     2846.060     2846.520     2846.600     2846.690
   280:     2849.800     2850.150     2853.130     2853.130     2853.130
   285:     2853.140     2863.130     2863.140     2863.700     2886.360
   290:     2886.360     2886.360     2886.370     2896.360     2896.370
   295:     2930.850     3013.000     3016.090     3027.410     3028.770
   300:     3029.530     3038.210     3038.260     3038.440     3055.880
   305:     3057.030     3063.100     3063.950     3064.180     3065.330
   310:     3066.060     3066.300     3066.420     3067.120     3067.930
   315:     3069.130     3069.350     3071.580     3071.760     3071.800
   320:     3076.940     3079.010     3080.650     3080.780     3081.250
   325:     3081.350     3083.020     3083.150     3083.340     3083.410
   330:     3083.430     3083.470     3083.540     3083.620     3083.700
   335:     3083.790     3083.800     3083.900     3083.920     3084.600
   340:     3084.650     3084.680     3084.960     3086.330     3086.500
   345:     3087.870     3087.900     3089.630     3092.270     3092.670
   350:     3092.720     3092.920     3093.770     3094.040     3096.280
   355:     3096.390     3215.160     3215.410     3215.640     3218.770
   360:     3222.340     3222.810     3223.050     3223.140     3223.180
   365:     3224.720     3231.650     3231.890     3232.160     3259.920
   370:     3303.740     3310.720     3333.820     3333.820     3333.820
   375:     3333.830     3333.930     3333.930     3337.490     3337.490
   380:     3338.950     3338.950     3339.540     3343.820     3343.830
   385:     3344.710     3358.290     3362.480     3470.640     3470.650
   390:     3492.660     3492.680     3571.420     3571.420     3571.420
   395:     3571.430     3575.760     3575.760     3580.270     3580.270
   400:     3581.420     3581.430     3584.700     3625.210     3625.660
   405:     3630.190     3662.560     3662.810     3663.120     3665.300
   410:     3665.690     3668.840     3668.930     3668.950     3668.960
   415:     3669.030     3669.050     3678.000     3678.100     3680.400
   420:     3683.060     3724.340     3730.700     3730.700     3730.700
   425:     3730.710     3731.770     3731.770     3740.700     3740.710
   430:     3789.150     3789.440     3814.710     3825.000     3828.510
   435:     3828.840     3829.130     3832.660     3832.690     3832.750
   440:     3833.370     3833.740     3833.860     3834.050     3893.500
   445:     3916.220     3922.130     3922.820     3922.980     3923.410
   450:     3923.550     3923.840     3924.180     3931.890     3936.420
   455:     3936.440     3936.630     3940.950     3943.480     3943.680
   460:     3951.260     3958.500     4081.360     4086.940     4088.730
   465:     4093.550     4101.970     4104.780     4104.860     4115.170
   470:     4116.690     4117.090     4117.780     4119.060     4137.500
   475:     4137.570     4137.600     4143.180     4144.250     4144.690
   480:     4252.980     4295.530     4295.530     4295.530     4295.540
   485:     4300.960     4301.290     4302.830     4302.970     4303.230
   490:     4305.530     4305.540     4343.170     4343.170     4343.170
   495:     4343.180     4353.170     4353.180     4364.010     4364.010
   500:     4364.010     4364.020     4374.010     4374.020     4407.810
   505:     4407.810     4407.810     4407.820     4417.810     4417.820
   510:     4450.530     4450.530     4450.530     4450.540     4460.530
   515:     4460.540     4651.530     4732.580     4851.130     4863.100
   520:     4863.100     4863.100     4863.110     4873.100     4873.110
   525:     5080.340     5081.000     5081.590     5084.250     5084.260
   530:     5084.950     5085.130     5085.300     5222.390     5222.460
   535:     5222.500     5222.730     5223.580     5236.290     5240.130
   540:     5240.830     5241.030     5241.050     5243.080     5243.540
   545:     5304.530     5318.810     5347.210     5347.230     5383.130
   550:     5402.170     5412.040     5437.940     5437.950     5468.390
   555:     5505.490     5506.510     5507.040     5561.440     5561.800
   560:     5572.510     5572.550     5572.750     5575.490     5575.890
   565:     5578.100     5578.400     5579.050     5579.380     5582.240
   570:     5582.360     5582.930     5582.940     5585.040     5585.060
   575:     5585.290     5585.320     5587.400     5594.610     5594.640
   580:     5597.360     5599.500     5599.550     5599.580     5599.700
   585:     5602.980     5603.900     5609.410     5627.610     5630.650
   590:     5739.450     5748.760     5762.280     5766.990     5861.840
   595:     5876.100     6004.140     6004.320     6007.020     6008.480
   600:     6008.980     6013.130     6014.380     6014.410     6055.530
   605:     6070.770     6109.010     6109.540     6113.950     6114.380
   610:     6146.110     6146.120     6156.230     6156.230     6156.230
   615:     6156.240     6166.230     6166.240     6244.340     6283.200
   620:     6283.200     6283.200     6283.210     6285.630     6285.630
   625:     6293.200     6293.210     6294.360     6294.890     6295.000
   630:     6297.840     6300.060     6300.080     6303.910     6304.100
   635:     6354.380     6354.590     6360.300     6361.680     6361.780
   640:     6364.490     6364.860     6364.870     6364.990     6365.410
   645:     6365.530     6365.700     6366.170     6370.530     6439.480
   650:     6448.960     6542.760     6542.880     6566.820     6583.530
   655:     6588.920     6589.070     6604.600     6612.080     6625.650
   660:     6625.660     6637.800     6637.800     6637.800     6637.810
   665:     6638.890     6646.080     6647.800     6647.810     6650.200
   670:     6650.200     6650.200     6650.210     6660.200     6660.210
   675:     6681.980     6684.060     6722.410     6738.800     6751.820
   680:     6768.110     6768.160     6796.230     6797.070     6798.710
   685:     6967.100     6971.780     6972.000     6977.440     6978.120
   690:     6978.620     6978.700     6978.780     6978.790     6981.690
   695:     7039.170     7045.470     7045.470     7045.470     7045.480
   700:     7055.470     7055.480     7069.630     7069.630     7069.630
   705:     7069.640     7079.630     7079.640     7105.370     7105.930
   710:     7123.310     7123.310     7123.310     7123.320     7128.120
   715:     7132.980     7133.310     7133.320     7160.720     7171.410
   720:     7171.850     7196.150     7198.240     7198.610     7241.800
   725:     7244.470     7275.220     7287.010     7287.050     7287.310
   730:     7287.700     7287.710     7322.410     7322.410     7322.410
   735:     7322.420     7332.410     7332.420     7355.390     7355.390
   740:     7355.390     7355.400     7362.540     7362.540     7365.390
   745:     7365.400     7420.560     7445.490     7445.490     7445.490
   750:     7445.500     7455.490     7455.500     7459.840     7467.980
   755:     7512.580     7521.100     7536.510     7536.510     7536.510
   760:     7536.520     7546.510     7546.520     7568.420     7683.160
   765:     7798.810     7798.810     7798.810     7798.820     7808.810
   770:     7808.820     7809.900     7809.900     7809.900     7809.910
   775:     7814.290     7814.290     7819.900     7819.910     7864.370
   780:     7870.470     7876.240     7950.210     7950.540     7950.900
   785:     7951.020     7951.710     7951.930     7952.200     7952.360
   790:     7976.180     7976.420     7976.510     7977.690     8000.980
   795:     8200.790     8203.460     8312.750     8328.820     8331.900
   800:     8332.310     8337.050     8448.780     8507.110     8510.860
   805:     8511.700     8526.270     8526.470     8528.400     8533.110
   810:     8560.320     8560.720     8597.040     8597.090     8597.240
   815:     8597.570     8598.000     8598.210     8617.620     8617.640
   820:     8634.000     8635.200     8635.860     8650.840     8651.290
   825:     8651.360     8651.430     8651.560     8652.540     8700.540
   830:     8719.980     8719.980     8719.980     8719.990     8729.980
   835:     8729.990     8784.580     8793.490     8796.000     8817.340
   840:     8832.170     8832.290     8832.470     8834.260     8835.280
   845:     8835.520     8835.570     8835.660     8835.880     8836.200
   850:     8836.570     8838.180     8838.610     8839.540     8840.630
   855:     8840.990     8842.220     8900.620     9014.100     9014.880
   860:     9015.200     9016.200     9024.020     9078.010     9078.010
   865:     9078.010     9078.020     9080.220     9080.220     9088.010
   870:     9088.020     9103.910     9160.700     9168.040     9171.500
   875:     9175.690     9177.150     9181.920     9195.450     9196.920
   880:     9200.900     9227.290     9227.290     9227.290     9227.300
   885:     9237.290     9237.300     9253.430     9253.610     9262.470
   890:     9262.980     9275.100     9302.630     9302.630     9302.630
   895:     9302.640     9312.630     9312.640     9319.700     9320.050
   900:     9325.820     9325.820     9325.820     9325.830     9335.820
   905:     9335.830     9421.220     9422.410     9423.130     9423.850
   910:     9548.800     9548.800     9548.800     9548.810     9558.800
   915:     9558.810     9594.840     9622.810     9622.810     9622.810
   920:     9622.820     9626.380     9626.380     9627.970     9632.810
   925:     9632.820     9717.560     9717.910     9756.700     9757.140
   930:     9757.210     9762.940     9763.290     9763.360     9826.920
   935:     9827.470     9827.580     9829.170     9829.210     9830.720
   940:     9830.880     9833.120     9833.220     9842.060     9842.930
   945:     9843.770     9843.850     9846.370     9856.190     9856.500
   950:     9856.550     9858.040     9858.370     9858.540     9859.390
   955:     9859.400     9864.600     9865.000     9865.560     9866.140
   960:     9866.480     9866.950     9867.490     9868.870     9869.270
   965:     9872.820     9873.910     9873.970     9874.070     9876.570
   970:     9887.940     9889.370     9890.050     9890.140     9890.860
   975:     9892.050     9932.890     9932.890     9932.890     9932.900
   980:     9936.320     9936.320     9936.990     9937.820     9940.960
   985:     9942.890     9942.900     9942.990     9943.110     9944.050
   990:     9944.910     9945.200     9992.380    10002.260    10002.760
   995:    10008.110    10008.820    10011.830    10012.390    10012.480
  1000:    10022.320    10030.850    10034.930    10046.340    10113.920
  1005:    10220.320    10232.520    10232.810    10235.800    10256.750
  1010:    10298.880    10298.890    10299.730    10320.590    10320.590
  1015:    10320.590    10320.600    10330.590    10330.600    10333.710
  1020:    10357.610    10357.740    10358.090    10358.200    10366.120
  1025:    10366.120    10366.120    10366.130    10367.320    10376.120
  1030:    10376.130    10428.040    10444.090    10452.820    10452.820
  1035:    10452.820    10452.830    10453.440    10462.820    10462.830
  1040:    10473.910    10499.710    10499.890    10504.440    10504.500
  1045:    10504.710    10508.740    10508.780    10508.810    10509.520
  1050:    10518.790    10593.090    10597.460    10598.910    10647.670
  1055:    10649.750    10650.060    10740.850    10784.670    10784.670
  1060:    10784.670    10784.680    10794.670    10794.680    10800.010
