File: C:\MED-PC\Data\2025-04-02_13h05m_Subject 86.txt


Start Date: 04/02/25
End Date: 04/02/25
Subject: 86
Experiment: OralFentSA
Group: One
Box: 2
Start Time: 13:05:18
End Time: 16:06:48
MSN: Golden_Liq_SelfAdmin_EXT
F:       0.000
G:     453.000
H:   10800.000
I:       0.000
J:       0.000
K:       0.000
L:       0.000
M:       0.000
N:       0.000
O:       0.000
P:       0.000
Q:       0.000
R:       0.000
S:       0.000
U:       0.000
V:       0.000
W:       0.000
X:       0.000
Y:       0.000
Z:       0.000
A:
     0:        0.000        0.000      180.000        4.000        0.000
     5:        5.000        0.000        5.000        0.000        0.000
    10:        1.000        0.000       10.000   100000.000       23.000
    15:       23.000      600.000        0.000        0.000        0.000
    20:        0.000
B:
     0:        0.000        0.000        0.000        0.000        0.000
     5:        0.000        0.000        0.000        0.000        0.000
    10:        0.000        0.000     1000.000 10000000.000        0.000
    15:        0.000        0.000        0.000        0.000        0.000
    20:        0.000
C:
     0:        0.000       12.000       34.000       16.000      328.000
     5:    10557.830      100.330       11.000      257.200       23.382
    10:       16.000       34.000        0.000        0.000        0.000
    15:        0.000        0.000        0.000        0.000        0.000
    20:        0.000
D:
     0:        6.930       33.590        7.490       25.300        2.730
     5:        8.480       27.710        3.580        3.940       37.120
    10:      100.330
E:
     0:       19.000       11.000       26.000       27.000        6.000
     5:        6.000        6.000        6.000        1.000        6.000
    10:        6.000        6.000        6.000        6.000        6.000
    15:        6.000        6.000        6.000        6.000        6.000
    20:        1.000        1.000        6.000        6.000        6.000
    25:        6.000        1.000        6.000        6.000        6.000
    30:        2.000        4.000       22.000       24.000       12.000
    35:        6.000        6.000       19.000       11.000        6.000
    40:        6.000        6.000        6.000        6.000        6.000
    45:        6.000        6.000        6.000        6.000        6.000
    50:        6.000        6.000        1.000        6.000        6.000
    55:        6.000        6.000        6.000        6.000        6.000
    60:        6.000        6.000        2.000        4.000       22.000
    65:       24.000       12.000       19.000       11.000        6.000
    70:        6.000        6.000        6.000        6.000        6.000
    75:        6.000        6.000        6.000        6.000        6.000
    80:        2.000        4.000       22.000       24.000       12.000
    85:        6.000        6.000       19.000       11.000        6.000
    90:        6.000        6.000        6.000        6.000        6.000
    95:        6.000        6.000        6.000        6.000        6.000
   100:        6.000        6.000        6.000        6.000        6.000
   105:        6.000        6.000        6.000        6.000        6.000
   110:        6.000        6.000        6.000        6.000        6.000
   115:        6.000        6.000        6.000        6.000        6.000
   120:        6.000        6.000        6.000        6.000        6.000
   125:        6.000        6.000        6.000        6.000        6.000
   130:        6.000        6.000        6.000        6.000        6.000
   135:        6.000        6.000        6.000        6.000        6.000
   140:        6.000        6.000        6.000        6.000        6.000
   145:        6.000        6.000        6.000        6.000        6.000
   150:        6.000        2.000        4.000       22.000       24.000
   155:       12.000       19.000       11.000        6.000        6.000
   160:        6.000        6.000        6.000        6.000        6.000
   165:        6.000        6.000        1.000        1.000        1.000
   170:        6.000        6.000        6.000        6.000        6.000
   175:        6.000        6.000        6.000        6.000        6.000
   180:        6.000        6.000        6.000        1.000        6.000
   185:        6.000        6.000        6.000        6.000        1.000
   190:        6.000        6.000        6.000        6.000        2.000
   195:        4.000       22.000       24.000       12.000       21.000
   200:       22.000        6.000        6.000       19.000       11.000
   205:        6.000        6.000        6.000        1.000        1.000
   210:        1.000        1.000        1.000        6.000        6.000
   215:        6.000        6.000        6.000        6.000        6.000
   220:        6.000        1.000        6.000        6.000        6.000
   225:        1.000        1.000        6.000        6.000        6.000
   230:        6.000        6.000        6.000        6.000        6.000
   235:        6.000        6.000        1.000        6.000        6.000
   240:        6.000        6.000        6.000        6.000        2.000
   245:        4.000       22.000       24.000       12.000       21.000
   250:       22.000        6.000        6.000       19.000       11.000
   255:        6.000        6.000        6.000        6.000        6.000
   260:        6.000        6.000        6.000        6.000        6.000
   265:        6.000        6.000        6.000        6.000        6.000
   270:        6.000        6.000        6.000        6.000        6.000
   275:        6.000        6.000        6.000        1.000        1.000
   280:        1.000        1.000        1.000        1.000        6.000
   285:        6.000        6.000        6.000        6.000        6.000
   290:        6.000        6.000        6.000        6.000        6.000
   295:        6.000        6.000        6.000        6.000        6.000
   300:        6.000        6.000        6.000        6.000        6.000
   305:        6.000        6.000        6.000        6.000        6.000
   310:        6.000        6.000        6.000        6.000        6.000
   315:        6.000        6.000        6.000        6.000        6.000
   320:        6.000        6.000        6.000        6.000        1.000
   325:        6.000        6.000        6.000        2.000        4.000
   330:       22.000       24.000       12.000       19.000       11.000
   335:        6.000        6.000        6.000        6.000        6.000
   340:        6.000        6.000        6.000        6.000        6.000
   345:        2.000        4.000       22.000       24.000       12.000
   350:        6.000        6.000       19.000       11.000        6.000
   355:        6.000        6.000        6.000        6.000        6.000
   360:        6.000        6.000        6.000        6.000        6.000
   365:        6.000        6.000        6.000        6.000        6.000
   370:        6.000        6.000        6.000        6.000        6.000
   375:        6.000        1.000        6.000        6.000        6.000
   380:        6.000        6.000        6.000        6.000        6.000
   385:        6.000        6.000        6.000        6.000        2.000
   390:        4.000       22.000       24.000       12.000       21.000
   395:       22.000       21.000       22.000       21.000       22.000
   400:        6.000       19.000       11.000        6.000        6.000
   405:        6.000        6.000        6.000        6.000        6.000
   410:        1.000        1.000        1.000        1.000        1.000
   415:        1.000        1.000        6.000        6.000        6.000
   420:        6.000        6.000        6.000        6.000        6.000
   425:        6.000        6.000        6.000        6.000        6.000
   430:        6.000        6.000        6.000        2.000        4.000
   435:       22.000       24.000       12.000       19.000       11.000
   440:        6.000        2.000        4.000       22.000       24.000
   445:       12.000       19.000       11.000        6.000        6.000
   450:        6.000        6.000        6.000      100.000
T:
     0:        0.000        0.000        0.000        0.000      178.090
     5:      180.610      220.540      220.880      251.480      260.600
    10:      263.180      264.570      266.560      266.620      271.140
    15:      275.110      295.070      446.020      553.010      618.310
    20:      777.720      948.850      955.170      955.340     1186.820
    25:     1244.820     1371.410     1556.890     1558.530     1682.240
    30:     1833.680     1833.680     1833.680     1833.690     1833.690
    35:     1840.620     1842.740     1843.680     1843.690     1888.350
    40:     1891.240     1899.370     1902.590     2125.400     2125.630
    45:     2224.960     2268.410     2270.300     2312.250     2312.510
    50:     2319.260     2319.640     2378.030     2487.200     2489.990
    55:     2513.460     2516.100     2518.770     2531.220     2537.060
    60:     2614.570     2788.370     2893.320     2893.320     2893.320
    65:     2893.330     2893.330     2903.320     2903.330     2926.920
    70:     2929.570     2930.550     2933.960     2937.240     2954.820
    75:     3014.300     3053.070     3053.100     3131.550     3134.910
    80:     3198.370     3198.370     3198.370     3198.380     3198.380
    85:     3205.870     3206.750     3208.370     3208.380     3208.550
    90:     3236.990     3257.100     3262.150     3266.780     3281.280
    95:     3281.340     3281.480     3286.480     3326.750     3327.060
   100:     3373.360     3374.720     3421.890     3458.430     3473.430
   105:     3670.310     3823.260     3868.760     3869.190     3872.040
   110:     3888.130     3888.430     3911.340     4004.420     4004.900
   115:     4073.780     4073.930     4157.390     4178.470     4216.070
   120:     4220.230     4222.340     4234.310     4234.560     4236.750
   125:     4250.660     4283.130     4286.420     4288.260     4292.740
   130:     4400.230     4400.610     4441.130     4442.840     4444.370
   135:     4499.630     4499.750     4505.010     4509.800     4512.010
   140:     4512.140     4528.600     4528.870     4530.240     4535.780
   145:     4538.520     4549.570     4551.430     4551.890     4556.590
   150:     4556.610     4561.170     4561.170     4561.170     4561.180
   155:     4561.180     4571.170     4571.180     4586.480     4626.600
   160:     4799.330     4802.400     4846.240     4851.940     4865.160
   165:     4867.980     4875.220     4932.390     4932.870     4933.020
   170:     4946.310     4997.000     4997.700     5000.740     5061.240
   175:     5061.830     5082.820     5084.810     5106.730     5109.170
   180:     5110.520     5110.830     5111.850     5225.190     5296.430
   185:     5296.470     5321.540     5321.900     5326.030     5387.560
   190:     5404.820     5405.290     5406.520     5418.730     5425.570
   195:     5425.570     5425.570     5425.580     5425.580     5426.260
   200:     5426.260     5428.310     5428.380     5435.570     5435.580
   205:     5462.070     5471.740     5473.710     5508.840     5560.670
   210:     5576.380     5577.250     5583.190     5591.150     5686.410
   215:     5689.840     5696.090     5696.320     5750.070     5750.110
   220:     5778.240     5830.680     5851.710     5856.440     5900.420
   225:     5916.000     5920.760     5955.970     5980.490     6006.670
   230:     6019.360     6019.930     6024.830     6028.620     6028.660
   235:     6145.700     6149.880     6256.960     6329.510     6330.350
   240:     6334.340     6334.430     6336.780     6338.680     6439.440
   245:     6439.440     6439.440     6439.450     6439.450     6446.780
   250:     6446.780     6447.930     6448.110     6449.440     6449.450
   255:     6455.290     6457.450     6463.230     6463.630     6494.200
   260:     6494.350     6607.710     6607.900     6610.680     6622.120
   265:     6651.610     6652.710     6655.000     6656.750     6768.540
   270:     6888.610     6920.290     6923.990     6926.320     6928.560
   275:     6945.930     6946.000     7011.810     7033.480     7059.340
   280:     7101.040     7146.670     7171.040     7177.680     7186.150
   285:     7187.340     7189.520     7194.630     7197.010     7331.450
   290:     7333.090     7337.730     7495.240     7495.280     7502.800
   295:     7507.120     7513.230     7564.200     7571.580     7574.040
   300:     7590.400     7590.480     7595.550     7622.410     7624.700
   305:     7740.640     7793.470     7815.660     7817.470     7887.140
   310:     7914.660     7914.920     7918.510     7953.790     7985.330
   315:     7985.420     8001.300     8013.260     8017.950     8020.950
   320:     8027.010     8028.900     8177.660     8181.200     8528.430
   325:     8565.810     8565.850     8567.370     8692.170     8692.170
   330:     8692.170     8692.180     8692.180     8702.170     8702.180
   335:     8719.890     8893.330     8987.390     8993.020     8997.730
   340:     9000.680     9000.920     9010.130     9010.250     9017.990
   345:     9082.180     9082.180     9082.180     9082.190     9082.190
   350:     9085.770     9086.610     9092.180     9092.190     9194.970
   355:     9224.340     9224.430     9227.010     9229.450     9235.830
   360:     9236.190     9238.690     9244.670     9317.620     9368.980
   365:     9372.940     9376.640     9380.270     9482.510     9565.040
   370:     9574.380     9575.260     9578.310     9585.550     9589.480
   375:     9704.390     9731.890     9772.450     9772.770     9779.510
   380:     9779.720     9779.880     9814.970     9824.710     9824.790
   385:     9884.600    10002.890    10008.700    10015.800    10024.620
   390:    10024.620    10024.620    10024.630    10024.630    10025.150
   395:    10025.150    10025.810    10025.810    10027.130    10027.130
   400:    10028.570    10034.620    10034.630    10161.220    10162.100
   405:    10162.750    10177.190    10185.770    10200.740    10202.590
   410:    10282.500    10282.970    10287.220    10287.700    10298.150
   415:    10318.000    10318.540    10336.570    10336.710    10338.800
   420:    10345.350    10346.170    10348.870    10426.010    10428.700
   425:    10429.830    10430.290    10480.550    10480.630    10482.840
   430:    10482.970    10485.910    10504.820    10514.910    10514.910
   435:    10514.910    10514.920    10514.920    10524.910    10524.920
   440:    10552.040    10557.820    10557.820    10557.820    10557.830
   445:    10557.830    10567.820    10567.830    10658.160    10670.620
   450:    10672.380    10672.950    10675.390    10800.000
