File: C:\MED-PC\Data\2025-03-24_12h45m_Subject 89.txt


Start Date: 03/24/25
End Date: 03/24/25
Subject: 89
Experiment: OralFentSA
Group: One
Box: 5
Start Time: 12:45:02
End Time: 15:48:57
MSN: Golden_Liq_SelfAdmin_EXT
F:       0.000
G:     904.000
H:   10800.000
I:       0.000
J:       0.000
K:       0.000
L:       0.000
M:       0.000
N:       0.000
O:       0.000
P:       0.000
Q:       0.000
R:       0.000
S:       0.000
U:       0.000
V:       0.000
W:       0.000
X:       0.000
Y:       0.000
Z:       0.000
A:
     0:        0.000        0.000      180.000        4.000        0.000
     5:        5.000        0.000        5.000        0.000        0.000
    10:        1.000        0.000       10.000   100000.000       20.000
    15:       16.000      600.000        0.000        0.000        0.000
    20:        0.000
B:
     0:        0.000        0.000        0.000        0.000        0.000
     5:        0.000        0.000        0.000        0.000        0.000
    10:        0.000        0.000     1000.000 10000000.000        0.000
    15:        0.000        0.000        0.000        0.000        0.000
    20:        0.000
C:
     0:        0.000       65.000       33.000       99.000      349.000
     5:    10768.150       30.700       49.000     1463.360       29.864
    10:       99.000       33.000        0.000        0.000        0.000
    15:        0.000        0.000        0.000        0.000        0.000
    20:        0.000
D:
     0:        2.820       13.680        8.840        3.720       23.450
     5:        3.030        4.220        4.000        1.850        1.210
    10:       86.500      106.070        5.660        4.050      101.860
    15:       23.890        6.860        2.870        4.130      145.430
    20:       69.180        3.400        1.420      102.820       70.110
    25:        5.000        4.960        9.150       52.980        2.430
    30:       80.850       14.880       15.140        5.160        1.670
    35:       14.590       67.120       71.830       37.060       31.940
    40:       22.960        9.340        4.640        3.900       20.440
    45:        5.320       35.000      115.230       30.700
E:
     0:       19.000       11.000       26.000       27.000        1.000
     5:        1.000        1.000        1.000        2.000        4.000
    10:       22.000       24.000       12.000        6.000        6.000
    15:       21.000       22.000       19.000       11.000        6.000
    20:        6.000        1.000        6.000        6.000        6.000
    25:        2.000        4.000       22.000       24.000       12.000
    30:       19.000       11.000        6.000        6.000        6.000
    35:        6.000        6.000        6.000        6.000        6.000
    40:        6.000        6.000        6.000        2.000        4.000
    45:       22.000       24.000       12.000        6.000       19.000
    50:       11.000        2.000        4.000       22.000       24.000
    55:       12.000        6.000        6.000       19.000       11.000
    60:        6.000        6.000        6.000        6.000        6.000
    65:        6.000        6.000        6.000        6.000        6.000
    70:        6.000        6.000        6.000        6.000        6.000
    75:        6.000        6.000        2.000        4.000       22.000
    80:       24.000       12.000       19.000       11.000        6.000
    85:        6.000        1.000        6.000        6.000        6.000
    90:        6.000        6.000        6.000        6.000        2.000
    95:        4.000       22.000       24.000       12.000        6.000
   100:        6.000       19.000       11.000        1.000        1.000
   105:        1.000        1.000        6.000        6.000        6.000
   110:        6.000        6.000        6.000        6.000        6.000
   115:        6.000        6.000        6.000        2.000        4.000
   120:       22.000       24.000       12.000       21.000       22.000
   125:        6.000       21.000       22.000       21.000       22.000
   130:       21.000       22.000       19.000       11.000        6.000
   135:        6.000        6.000        6.000        2.000        4.000
   140:       22.000       24.000       12.000        6.000       19.000
   145:       11.000        6.000        2.000        4.000       22.000
   150:       24.000       12.000       21.000       22.000        6.000
   155:       19.000       11.000        6.000        6.000        2.000
   160:        4.000       22.000       24.000       12.000        6.000
   165:       20.000       19.000       11.000        2.000        4.000
   170:       22.000       24.000       12.000       19.000       11.000
   175:        6.000        6.000        6.000        6.000        6.000
   180:        6.000        6.000        2.000        4.000       22.000
   185:       24.000       12.000       19.000       11.000        2.000
   190:        4.000       22.000       24.000       12.000       19.000
   195:       11.000        6.000        6.000        1.000        6.000
   200:        6.000        1.000        1.000        6.000        6.000
   205:        6.000        1.000        2.000        4.000       22.000
   210:       24.000       12.000       21.000       22.000        6.000
   215:       19.000       11.000        6.000        6.000        2.000
   220:        4.000       22.000       24.000       12.000        6.000
   225:       19.000       11.000        6.000        6.000        6.000
   230:        2.000        4.000       22.000       24.000       12.000
   235:       19.000       11.000        6.000        2.000        4.000
   240:       22.000       24.000       12.000       21.000       22.000
   245:       21.000       22.000       19.000       11.000        2.000
   250:        4.000       22.000       24.000       12.000       19.000
   255:       11.000        6.000        6.000        6.000        6.000
   260:        6.000        6.000        6.000        2.000        4.000
   265:       22.000       24.000       12.000       21.000       22.000
   270:        6.000        6.000        6.000        6.000        6.000
   275:       19.000       11.000        2.000        4.000       22.000
   280:       24.000       12.000        6.000       19.000       11.000
   285:        6.000        6.000        6.000        6.000        1.000
   290:        6.000        6.000        6.000        2.000        4.000
   295:       22.000       24.000       12.000       20.000       19.000
   300:       11.000        2.000        4.000       22.000       24.000
   305:       12.000        6.000       19.000       11.000        6.000
   310:        6.000        2.000        4.000       22.000       24.000
   315:       12.000       19.000       11.000        1.000        6.000
   320:        6.000        6.000        6.000        6.000        6.000
   325:        6.000        6.000        6.000        6.000        6.000
   330:        6.000        6.000        2.000        4.000       22.000
   335:       24.000       12.000       19.000       11.000        6.000
   340:        6.000        2.000        4.000       22.000       24.000
   345:       12.000        6.000        6.000       19.000       11.000
   350:        6.000        1.000        6.000        6.000        6.000
   355:        6.000        6.000        6.000        6.000        1.000
   360:        2.000        4.000       22.000       24.000       12.000
   365:        6.000        6.000        6.000        6.000       19.000
   370:       11.000        6.000        6.000        6.000        6.000
   375:        6.000        6.000        1.000        6.000        6.000
   380:        2.000        4.000       22.000       24.000       12.000
   385:       19.000       11.000        1.000        1.000        6.000
   390:        6.000        6.000        6.000        2.000        4.000
   395:       22.000       24.000       12.000       19.000       11.000
   400:        6.000        2.000        4.000       22.000       24.000
   405:       12.000        6.000        6.000       19.000       11.000
   410:        6.000        2.000        4.000       22.000       24.000
   415:       12.000        6.000       19.000       11.000        6.000
   420:        6.000        6.000        2.000        4.000       22.000
   425:       24.000       12.000       19.000       11.000        2.000
   430:        4.000       22.000       24.000       12.000       21.000
   435:       22.000        6.000        6.000       19.000       11.000
   440:        6.000        6.000        2.000        4.000       22.000
   445:       24.000       12.000       19.000       11.000        6.000
   450:        6.000        6.000        2.000        4.000       22.000
   455:       24.000       12.000       19.000       11.000        2.000
   460:        4.000       22.000       24.000       12.000        6.000
   465:        6.000       19.000       11.000        6.000        6.000
   470:        6.000        6.000        1.000        1.000        6.000
   475:        6.000        6.000        2.000        4.000       22.000
   480:       24.000       12.000       21.000       22.000       19.000
   485:       11.000        1.000        6.000        2.000        4.000
   490:       22.000       24.000       12.000       19.000       11.000
   495:        2.000        4.000       22.000       24.000       12.000
   500:       21.000       22.000       21.000       22.000       21.000
   505:       22.000       19.000       11.000        2.000        4.000
   510:       22.000       24.000       12.000       21.000       22.000
   515:       21.000       22.000       21.000       22.000       19.000
   520:       11.000        6.000        2.000        4.000       22.000
   525:       24.000       12.000       21.000       22.000       21.000
   530:       22.000       21.000       22.000       21.000       22.000
   535:       21.000       22.000       19.000       11.000        6.000
   540:        6.000        2.000        4.000       22.000       24.000
   545:       12.000       21.000       22.000       21.000       22.000
   550:       19.000       11.000        2.000        4.000       22.000
   555:       24.000       12.000        6.000       19.000       11.000
   560:        6.000        2.000        4.000       22.000       24.000
   565:       12.000       19.000       11.000        2.000        4.000
   570:       22.000       24.000       12.000       19.000       11.000
   575:        2.000        4.000       22.000       24.000       12.000
   580:        6.000       19.000       11.000        2.000        4.000
   585:       22.000       24.000       12.000       19.000       11.000
   590:        2.000        4.000       22.000       24.000       12.000
   595:       19.000       11.000        6.000        6.000        6.000
   600:        6.000        6.000        6.000        6.000        6.000
   605:        2.000        4.000       22.000       24.000       12.000
   610:       19.000       11.000        1.000        1.000        2.000
   615:        4.000       22.000       24.000       12.000       21.000
   620:       22.000       19.000       11.000        6.000        6.000
   625:        6.000        6.000        6.000        6.000        6.000
   630:        6.000        6.000        6.000        6.000        6.000
   635:        6.000        6.000        6.000        6.000        6.000
   640:        6.000        6.000        6.000        6.000        6.000
   645:        6.000        6.000        6.000        6.000        6.000
   650:        6.000        6.000        6.000        6.000        6.000
   655:        6.000        6.000        6.000        6.000        2.000
   660:        4.000       22.000       24.000       12.000       21.000
   665:       22.000       19.000       11.000        6.000        1.000
   670:        6.000        2.000        4.000       22.000       24.000
   675:       12.000       21.000       22.000       21.000       22.000
   680:       19.000       11.000        2.000        4.000       22.000
   685:       24.000       12.000       21.000       22.000       21.000
   690:       22.000       20.000       19.000       11.000        6.000
   695:        6.000        6.000        6.000        6.000        2.000
   700:        4.000       22.000       24.000       12.000       21.000
   705:       22.000       19.000       11.000        6.000        6.000
   710:        6.000        2.000        4.000       22.000       24.000
   715:       12.000       19.000       11.000        6.000        6.000
   720:        2.000        4.000       22.000       24.000       12.000
   725:       21.000       22.000       21.000       22.000        6.000
   730:       19.000       11.000        6.000        6.000        6.000
   735:        6.000        6.000        6.000        6.000        6.000
   740:        6.000        6.000        6.000        6.000        6.000
   745:        6.000        6.000        2.000        4.000       22.000
   750:       24.000       12.000        6.000       19.000       11.000
   755:        6.000        6.000        6.000        1.000        2.000
   760:        4.000       22.000       24.000       12.000       21.000
   765:       22.000        6.000       19.000       11.000        6.000
   770:        6.000        6.000        6.000        6.000        6.000
   775:        6.000        6.000        6.000        6.000        6.000
   780:        6.000        6.000        6.000        6.000        6.000
   785:        6.000        2.000        4.000       22.000       24.000
   790:       12.000       19.000       11.000        6.000        6.000
   795:        6.000        6.000        6.000        6.000        6.000
   800:        6.000        6.000        6.000        6.000        6.000
   805:        6.000        6.000        6.000        6.000        6.000
   810:        6.000        6.000        6.000        6.000        6.000
   815:        6.000        6.000        6.000        6.000        6.000
   820:        6.000        6.000        6.000        6.000        6.000
   825:        1.000        1.000        2.000        4.000       22.000
   830:       24.000       12.000       19.000       11.000        2.000
   835:        4.000       22.000       24.000       12.000        6.000
   840:        6.000       19.000       11.000        6.000        6.000
   845:        6.000        6.000        6.000        6.000        6.000
   850:        6.000        6.000        6.000        6.000        6.000
   855:        6.000        6.000        6.000        6.000        6.000
   860:        6.000        6.000        6.000        6.000        6.000
   865:        6.000        6.000        6.000        6.000        6.000
   870:        6.000        2.000        4.000       22.000       24.000
   875:       12.000       19.000       11.000        6.000        2.000
   880:        4.000       22.000       24.000       12.000       19.000
   885:       11.000        6.000        6.000        6.000        2.000
   890:        4.000       22.000       24.000       12.000       19.000
   895:       11.000        2.000        4.000       22.000       24.000
   900:       12.000       19.000       11.000        6.000      100.000
T:
     0:        0.000        0.000        0.000        0.000        8.430
     5:        9.600       11.320       17.500       24.560       24.560
    10:       24.560       24.570       24.570       27.390       27.570
    15:       29.180       29.180       34.560       34.570      192.670
    20:      295.800      328.030      348.000      349.260      364.560
    25:      366.750      366.750      366.750      366.760      366.760
    30:      376.750      376.760      380.440      437.690      438.130
    35:      446.460      447.860      448.530      449.270      449.600
    40:      478.050      478.470      510.880      517.190      517.190
    45:      517.190      517.200      517.200      526.040      527.190
    50:      527.200      561.900      561.900      561.900      561.910
    55:      561.910      565.630      565.800      571.900      571.910
    60:      604.120      605.030      605.490      620.930      650.950
    65:      692.400      693.150      708.510      720.870      729.250
    70:      763.480      764.050      765.620      765.760      766.590
    75:      767.650      770.160      779.200      779.200      779.200
    80:      779.210      779.210      789.200      789.210      802.660
    85:      837.670      853.380      864.240      924.260     1057.410
    90:     1070.230     1120.320     1121.020     1124.580     1138.090
    95:     1138.090     1138.090     1138.100     1138.100     1141.130
   100:     1141.770     1148.090     1148.100     1173.520     1183.660
   105:     1184.860     1186.570     1222.330     1223.050     1224.060
   110:     1225.270     1226.860     1227.710     1228.630     1230.610
   115:     1322.580     1340.100     1340.830     1345.240     1345.240
   120:     1345.240     1345.250     1345.250     1346.440     1346.440
   125:     1349.470     1351.480     1351.480     1351.980     1351.980
   130:     1354.080     1354.080     1355.240     1355.250     1371.520
   135:     1372.520     1373.590     1429.580     1467.090     1467.090
   140:     1467.090     1467.100     1467.100     1471.100     1477.090
   145:     1477.100     1534.350     1544.520     1544.520     1544.520
   150:     1544.530     1544.530     1545.140     1545.140     1546.380
   155:     1554.520     1554.530     1645.640     1646.080     1671.030
   160:     1671.030     1671.030     1671.040     1671.040     1672.250
   165:     1680.180     1681.030     1681.040     1704.870     1704.870
   170:     1704.870     1704.880     1704.880     1714.870     1714.880
   175:     1791.380     1792.480     1801.340     1810.850     1825.830
   180:     1850.620     1852.350     1901.790     1901.790     1901.790
   185:     1901.800     1901.800     1911.790     1911.800     1918.800
   190:     1918.800     1918.800     1918.810     1918.810     1928.800
   195:     1928.810     2024.880     2053.610     2094.850     2115.660
   200:     2255.200     2269.200     2286.440     2304.560     2305.840
   205:     2306.610     2321.530     2327.160     2327.160     2327.160
   210:     2327.170     2327.170     2328.660     2328.660     2332.830
   215:     2337.160     2337.170     2363.430     2431.440     2459.570
   220:     2459.570     2459.570     2459.580     2459.580     2463.630
   225:     2469.570     2469.580     2491.580     2561.660     2573.600
   230:     2577.090     2577.090     2577.090     2577.100     2577.100
   235:     2587.090     2587.100     2678.960     2680.760     2680.760
   240:     2680.760     2680.770     2680.770     2688.030     2688.030
   245:     2688.780     2688.780     2690.760     2690.770     2691.390
   250:     2691.390     2691.390     2691.400     2691.400     2701.390
   255:     2701.400     2715.290     2717.150     2766.090     2843.970
   260:     2855.650     2943.590     2965.670     2968.290     2968.290
   265:     2968.290     2968.300     2968.300     2969.640     2969.640
   270:     2975.160     2976.110     2976.380     2977.710     2977.770
   275:     2978.290     2978.300     3029.240     3029.240     3029.240
   280:     3029.250     3029.250     3032.120     3039.240     3039.250
   285:     3057.000     3060.670     3060.890     3101.000     3112.190
   290:     3119.730     3243.260     3283.700     3385.350     3385.350
   295:     3385.350     3385.360     3385.360     3393.180     3395.350
   300:     3395.360     3403.860     3403.860     3403.860     3403.870
   305:     3403.870     3408.000     3413.860     3413.870     3441.070
   310:     3477.250     3504.390     3504.390     3504.390     3504.400
   315:     3504.400     3514.390     3514.400     3644.390     3649.830
   320:     3706.460     3707.600     3725.470     3733.440     3736.180
   325:     3736.550     3747.430     3751.990     3752.990     3757.980
   330:     3758.060     3758.510     3792.180     3792.180     3792.180
   335:     3792.190     3792.190     3802.180     3802.190     3861.370
   340:     3865.340     3904.030     3904.030     3904.030     3904.040
   345:     3904.040     3907.440     3909.960     3914.030     3914.040
   350:     3954.240     4170.970     4213.910     4285.470     4286.550
   355:     4289.970     4337.480     4427.210     4429.880     4459.900
   360:     4490.270     4490.270     4490.270     4490.280     4490.280
   365:     4491.700     4496.750     4497.000     4500.140     4500.270
   370:     4500.280     4500.400     4503.830     4562.480     4678.410
   375:     4711.130     4711.820     4790.930     4873.040     4876.630
   380:     4923.360     4923.360     4923.360     4923.370     4923.370
   385:     4933.360     4933.370     5002.900     5006.090     5026.190
   390:     5026.600     5100.200     5101.080     5344.400     5344.400
   395:     5344.400     5344.410     5344.410     5354.400     5354.410
   400:     5414.520     5420.110     5420.110     5420.110     5420.120
   405:     5420.120     5425.120     5425.350     5430.110     5430.120
   410:     5446.360     5530.810     5530.810     5530.810     5530.820
   415:     5530.820     5535.780     5540.810     5540.820     5555.630
   420:     5558.820     5570.180     5650.700     5650.700     5650.700
   425:     5650.710     5650.710     5660.700     5660.710     5711.740
   430:     5711.740     5711.740     5711.750     5711.750     5713.800
   435:     5713.800     5720.900     5721.680     5721.740     5721.750
   440:     5850.310     5850.950     5900.530     5900.530     5900.530
   445:     5900.540     5900.540     5910.530     5910.540     5953.520
   450:     6035.330     6038.470     6099.600     6099.600     6099.600
   455:     6099.610     6099.610     6109.600     6109.610     6178.300
   460:     6178.300     6178.300     6178.310     6178.310     6180.740
   465:     6181.010     6188.300     6188.310     6222.560     6354.820
   470:     6358.820     6359.680     6366.170     6368.570     6393.570
   475:     6435.390     6435.700     6450.290     6450.290     6450.290
   480:     6450.300     6450.300     6450.380     6450.380     6460.290
   485:     6460.300     6488.020     6531.150     6577.590     6577.590
   490:     6577.590     6577.600     6577.600     6587.590     6587.600
   495:     6593.460     6593.460     6593.460     6593.470     6593.470
   500:     6594.420     6594.420     6598.410     6598.410     6602.810
   505:     6602.810     6603.460     6603.470     6607.690     6607.690
   510:     6607.690     6607.700     6607.700     6610.930     6610.930
   515:     6610.990     6610.990     6614.080     6614.080     6617.690
   520:     6617.700     6622.580     6626.850     6626.850     6626.850
   525:     6626.860     6626.860     6628.030     6628.030     6629.730
   530:     6629.730     6630.990     6630.990     6632.810     6632.810
   535:     6635.900     6635.900     6636.850     6636.860     6642.000
   540:     6642.230     6644.870     6644.870     6644.870     6644.880
   545:     6644.880     6648.240     6648.240     6653.190     6653.190
   550:     6654.870     6654.880     6656.600     6656.600     6656.600
   555:     6656.610     6656.610     6661.770     6666.600     6666.610
   560:     6996.720     7006.240     7006.240     7006.240     7006.250
   565:     7006.250     7016.240     7016.250     7031.080     7031.080
   570:     7031.080     7031.090     7031.090     7041.080     7041.090
   575:     7129.310     7129.310     7129.310     7129.320     7129.320
   580:     7130.990     7139.310     7139.320     7186.540     7186.540
   585:     7186.540     7186.550     7186.550     7196.540     7196.550
   590:     7339.230     7339.230     7339.230     7339.240     7339.240
   595:     7349.230     7349.240     7353.830     7354.550     7369.540
   600:     7370.430     7370.740     7370.880     7371.310     7378.760
   605:     7384.380     7384.380     7384.380     7384.390     7384.390
   610:     7394.380     7394.390     7430.900     7432.640     7439.800
   615:     7439.800     7439.800     7439.810     7439.810     7443.130
   620:     7443.130     7449.800     7449.810     7506.930     7625.860
   625:     7696.530     7734.270     7735.230     7735.350     7769.960
   630:     7775.190     7845.010     7845.880     7848.680     7850.870
   635:     7851.980     7867.290     7867.540     7867.630     7868.200
   640:     7868.530     7869.170     7871.260     7872.460     7872.890
   645:     7872.970     7873.060     7873.190     7874.730     7876.110
   650:     7883.170     7884.080     7885.470     7886.320     7900.980
   655:     7902.060     7906.540     7924.520     7926.450     7930.720
   660:     7930.720     7930.720     7930.730     7930.730     7933.460
   665:     7933.460     7940.720     7940.730     8002.560     8043.230
   670:     8117.790     8119.360     8119.360     8119.360     8119.370
   675:     8119.370     8121.970     8121.970     8125.770     8125.770
   680:     8129.360     8129.370     8129.740     8129.740     8129.740
   685:     8129.750     8129.750     8129.810     8129.810     8129.990
   690:     8129.990     8137.050     8139.740     8139.750     8166.810
   695:     8167.050     8168.460     8172.550     8301.440     8334.460
   700:     8334.460     8334.460     8334.470     8334.470     8335.080
   705:     8335.080     8344.460     8344.470     8366.410     8371.990
   710:     8398.330     8403.740     8403.740     8403.740     8403.750
   715:     8403.750     8413.740     8413.750     8426.710     8430.510
   720:     8439.090     8439.090     8439.090     8439.100     8439.100
   725:     8440.620     8440.620     8440.960     8440.960     8448.440
   730:     8449.090     8449.100     8474.940     8476.310     8477.220
   735:     8478.160     8479.190     8490.120     8513.960     8514.520
   740:     8531.820     8542.810     8546.400     8547.120     8547.450
   745:     8547.720     8547.970     8813.370     8813.370     8813.370
   750:     8813.380     8813.380     8818.020     8823.370     8823.380
   755:     8849.350     8974.740     8976.310     9033.820     9104.890
   760:     9104.890     9104.890     9104.900     9104.900     9106.480
   765:     9106.480     9108.800     9114.890     9114.900     9143.640
   770:     9146.310     9328.610     9352.310     9356.820     9372.730
   775:     9377.650     9378.210     9380.350     9395.140     9424.670
   780:     9427.030     9427.880     9430.410     9494.630     9527.030
   785:     9532.610     9592.970     9592.970     9592.970     9592.980
   790:     9592.980     9602.970     9602.980     9613.420     9613.960
   795:     9618.530     9690.900     9801.830     9802.210     9802.750
   800:     9803.050     9803.560     9803.610     9805.680     9810.650
   805:     9811.620     9811.900     9817.970     9818.340     9819.900
   810:     9821.550     9822.200     9822.940     9823.340     9823.890
   815:     9828.000     9828.860     9838.070     9841.390     9842.500
   820:     9842.930     9844.500     9864.790     9872.510     9874.410
   825:     9889.700     9893.070     9900.120     9900.120     9900.120
   830:     9900.130     9900.130     9910.120     9910.130     9993.360
   835:     9993.360     9993.360     9993.370     9993.370     9998.690
   840:     9999.390    10003.360    10003.370    10007.270    10007.340
   845:    10044.510    10048.240    10057.230    10075.690    10075.780
   850:    10076.250    10076.900    10078.420    10080.090    10080.330
   855:    10080.400    10083.080    10222.110    10241.730    10242.040
   860:    10242.110    10246.970    10247.330    10269.960    10270.200
   865:    10270.230    10270.570    10276.720    10280.950    10321.590
   870:    10321.870    10398.110    10398.110    10398.110    10398.120
   875:    10398.120    10408.110    10408.120    10433.120    10583.120
   880:    10583.120    10583.120    10583.130    10583.130    10593.120
   885:    10593.130    10698.360    10739.920    10740.750    10754.070
   890:    10754.070    10754.070    10754.080    10754.080    10764.070
   895:    10764.080    10768.140    10768.140    10768.140    10768.150
   900:    10768.150    10778.140    10778.150    10798.850    10800.000
