File: C:\MED-PC\Data\2025-03-25_09h04m_Subject 80.txt


Start Date: 03/25/25
End Date: 03/25/25
Subject: 80
Experiment: OralFentSA
Group: One
Box: 8
Start Time: 09:04:23
End Time: 12:04:45
MSN: Golden_Liq_SelfAdmin_EXT
F:       0.000
G:    2396.000
H:   10800.000
I:       0.000
J:       0.000
K:       0.000
L:       0.000
M:       0.000
N:       0.000
O:       0.000
P:       0.000
Q:       0.000
R:       0.000
S:       0.000
U:       0.000
V:       0.000
W:       0.000
X:       0.000
Y:       0.000
Z:       0.000
A:
     0:        0.000        0.000      180.000        4.000        0.000
     5:        5.000        0.000        5.000        0.000        0.000
    10:        1.000        0.000       10.000   100000.000       25.000
    15:       17.000      600.000        0.000        0.000        0.000
    20:        0.000
B:
     0:        0.000        0.000        0.000        0.000        0.000
     5:        0.000        0.000        0.000        0.000        0.000
    10:        0.000        0.000     1000.000 10000000.000        0.000
    15:        0.000        0.000        0.000        0.000        0.000
    20:        0.000
C:
     0:        0.000       36.000       27.000       71.000     2048.000
     5:    10715.120        8.820       32.000     1532.300       47.884
    10:       71.000       27.000        0.000        0.000        0.000
    15:        0.000        0.000        0.000        0.000        0.000
    20:        0.000
D:
     0:        2.630       36.340        2.140       95.170        1.100
     5:       54.750       24.350       49.220       29.100        6.260
    10:       20.470        3.010        6.120        3.910       12.920
    15:      563.330       33.840        8.550       78.870        1.380
    20:       11.620        8.020       20.140       28.630       18.940
    25:        4.760        8.030      203.040        0.980       42.970
    30:      142.890        8.820
E:
     0:       19.000       11.000       26.000       27.000        6.000
     5:        6.000        6.000        6.000        6.000        6.000
    10:        6.000        6.000        6.000        6.000        6.000
    15:        6.000        6.000        6.000        6.000        6.000
    20:        6.000        2.000        4.000       22.000       24.000
    25:       12.000        6.000       19.000       11.000        6.000
    30:        6.000        6.000        6.000        6.000        6.000
    35:        6.000        6.000        6.000        6.000        6.000
    40:        6.000        6.000        6.000        6.000        6.000
    45:        6.000        6.000        6.000        6.000        6.000
    50:        6.000        6.000        6.000        6.000        6.000
    55:        6.000        6.000        6.000        1.000        6.000
    60:        6.000        2.000        4.000       22.000       24.000
    65:       12.000       21.000       22.000       19.000       11.000
    70:        6.000        6.000        6.000        6.000        6.000
    75:        6.000        6.000        6.000        6.000        6.000
    80:        6.000        1.000        1.000        1.000        6.000
    85:        6.000        6.000        6.000        6.000        6.000
    90:        6.000        6.000        6.000        6.000        2.000
    95:        4.000       22.000       24.000       12.000       21.000
   100:       22.000        6.000       21.000       22.000       21.000
   105:       22.000       21.000       22.000       19.000       11.000
   110:        2.000        4.000       22.000       24.000       12.000
   115:       21.000       22.000       19.000       11.000        6.000
   120:        6.000        6.000        6.000        6.000        6.000
   125:        6.000        2.000        4.000       22.000       24.000
   130:       12.000        6.000        6.000        6.000        6.000
   135:       19.000       11.000        6.000        6.000        6.000
   140:        6.000        6.000        6.000        6.000        6.000
   145:        6.000        6.000        2.000        4.000       22.000
   150:       24.000       12.000       21.000       22.000       19.000
   155:       11.000        1.000        6.000        6.000        1.000
   160:        6.000        6.000        6.000        6.000        6.000
   165:        6.000        6.000        6.000        6.000        6.000
   170:        6.000        6.000        6.000        6.000        6.000
   175:        6.000        6.000        6.000        6.000        6.000
   180:        6.000        6.000        6.000        6.000        6.000
   185:        6.000        6.000        6.000        6.000        6.000
   190:        6.000        6.000        2.000        4.000       22.000
   195:       24.000       12.000       19.000       11.000        6.000
   200:        6.000        6.000        6.000        6.000        6.000
   205:        6.000        6.000        6.000        6.000        6.000
   210:        6.000        6.000        6.000        6.000        6.000
   215:        6.000        6.000        6.000        6.000        6.000
   220:        6.000        6.000        6.000        6.000        6.000
   225:        6.000        6.000        6.000        6.000        6.000
   230:        6.000        6.000        6.000        6.000        6.000
   235:        6.000        6.000        6.000        6.000        6.000
   240:        6.000        6.000        6.000        6.000        6.000
   245:        6.000        6.000        6.000        6.000        6.000
   250:        6.000        6.000        6.000        6.000        6.000
   255:        6.000        6.000        6.000        6.000        6.000
   260:        6.000        6.000        6.000        6.000        6.000
   265:        6.000        6.000        6.000        6.000        6.000
   270:        6.000        6.000        6.000        6.000        6.000
   275:        6.000        6.000        6.000        6.000        6.000
   280:        6.000        6.000        6.000        6.000        6.000
   285:        6.000        6.000        6.000        6.000        6.000
   290:        6.000        6.000        6.000        6.000        6.000
   295:        6.000        6.000        6.000        6.000        6.000
   300:        6.000        6.000        6.000        6.000        6.000
   305:        6.000        6.000        6.000        6.000        6.000
   310:        6.000        6.000        6.000        6.000        6.000
   315:        6.000        6.000        6.000        6.000        6.000
   320:        6.000        6.000        6.000        6.000        6.000
   325:        6.000        6.000        6.000        6.000        6.000
   330:        6.000        6.000        6.000        6.000        6.000
   335:        6.000        6.000        2.000        4.000       22.000
   340:       24.000       12.000       19.000       11.000        1.000
   345:        1.000        1.000        6.000        6.000        6.000
   350:        1.000        1.000        1.000        6.000        6.000
   355:        6.000        6.000        2.000        4.000       22.000
   360:       24.000       12.000       19.000       11.000        6.000
   365:        6.000        6.000        6.000        6.000        6.000
   370:        6.000        6.000        6.000        6.000        6.000
   375:        6.000        6.000        6.000        6.000        6.000
   380:        6.000        6.000        6.000        6.000        6.000
   385:        6.000        6.000        6.000        6.000        6.000
   390:        6.000        6.000        6.000        6.000        6.000
   395:        6.000        6.000        6.000        6.000        6.000
   400:        6.000        6.000        6.000        6.000        6.000
   405:        6.000        6.000        6.000        6.000        6.000
   410:        6.000        6.000        6.000        6.000        6.000
   415:        6.000        6.000        6.000        6.000        6.000
   420:        6.000        6.000        6.000        6.000        6.000
   425:        6.000        6.000        6.000        6.000        6.000
   430:        6.000        6.000        6.000        6.000        6.000
   435:        6.000        6.000        6.000        6.000        6.000
   440:        6.000        6.000        6.000        6.000        6.000
   445:        6.000        6.000        6.000        6.000        6.000
   450:        6.000        6.000        6.000        6.000        6.000
   455:        6.000        6.000        6.000        6.000        6.000
   460:        6.000        6.000        6.000        6.000        6.000
   465:        6.000        6.000        6.000        6.000        6.000
   470:        6.000        6.000        6.000        6.000        6.000
   475:        6.000        6.000        6.000        2.000        4.000
   480:       22.000       24.000       12.000       21.000       22.000
   485:       19.000       11.000        2.000        4.000       22.000
   490:       24.000       12.000       21.000       22.000       21.000
   495:       22.000       21.000       22.000       21.000       22.000
   500:        6.000        6.000        6.000       19.000       11.000
   505:        6.000        6.000        6.000        1.000        1.000
   510:        1.000        1.000        1.000        6.000        6.000
   515:        6.000        6.000        6.000        6.000        6.000
   520:        6.000        6.000        6.000        6.000        6.000
   525:        6.000        6.000        2.000        4.000       22.000
   530:       24.000       12.000       19.000       11.000        6.000
   535:        6.000        6.000        6.000        6.000        6.000
   540:        6.000        6.000        6.000        1.000        1.000
   545:        6.000        6.000        6.000        6.000        6.000
   550:        6.000        6.000        6.000        6.000        6.000
   555:        6.000        6.000        6.000        6.000        6.000
   560:        6.000        6.000        6.000        6.000        6.000
   565:        6.000        6.000        6.000        6.000        6.000
   570:        6.000        6.000        6.000        6.000        6.000
   575:        6.000        6.000        6.000        6.000        6.000
   580:        6.000        6.000        6.000        6.000        6.000
   585:        6.000        6.000        6.000        6.000        6.000
   590:        6.000        6.000        6.000        6.000        6.000
   595:        6.000        6.000        6.000        6.000        6.000
   600:        1.000        6.000        6.000        6.000        6.000
   605:        6.000        6.000        2.000        4.000       22.000
   610:       24.000       12.000        6.000       21.000       22.000
   615:       19.000       11.000        6.000        6.000        6.000
   620:        6.000        6.000        6.000        6.000        6.000
   625:        6.000        6.000        6.000        6.000        6.000
   630:        6.000        6.000        6.000        6.000        6.000
   635:        6.000        6.000        6.000        6.000        6.000
   640:        6.000        6.000        6.000        6.000        6.000
   645:        6.000        6.000        6.000        6.000        6.000
   650:        6.000        6.000        6.000        6.000        6.000
   655:        6.000        6.000        6.000        6.000        6.000
   660:        6.000        6.000        6.000        6.000        6.000
   665:        6.000        6.000        6.000        6.000        6.000
   670:        6.000        6.000        6.000        6.000        6.000
   675:        6.000        6.000        6.000        6.000        6.000
   680:        6.000        6.000        6.000        6.000        6.000
   685:        6.000        6.000        6.000        6.000        6.000
   690:        6.000        6.000        6.000        6.000        6.000
   695:        6.000        6.000        6.000        6.000        6.000
   700:        6.000        6.000        6.000        6.000        6.000
   705:        6.000        6.000        6.000        6.000        6.000
   710:        6.000        6.000        6.000        6.000        6.000
   715:        6.000        6.000        6.000        6.000        6.000
   720:        6.000        6.000        6.000        6.000        6.000
   725:        6.000        6.000        6.000        6.000        6.000
   730:        6.000        6.000        6.000        6.000        6.000
   735:        6.000        6.000        6.000        6.000        6.000
   740:        6.000        6.000        6.000        6.000        6.000
   745:        6.000        6.000        6.000        6.000        6.000
   750:        6.000        6.000        6.000        6.000        6.000
   755:        6.000        6.000        6.000        6.000        6.000
   760:        6.000        6.000        6.000        6.000        6.000
   765:        6.000        6.000        6.000        6.000        6.000
   770:        6.000        6.000        6.000        6.000        6.000
   775:        6.000        6.000        6.000        6.000        6.000
   780:        6.000        6.000        6.000        6.000        6.000
   785:        6.000        6.000        6.000        6.000        6.000
   790:        6.000        6.000        6.000        6.000        6.000
   795:        6.000        6.000        6.000        6.000        6.000
   800:        6.000        6.000        6.000        6.000        6.000
   805:        6.000        6.000        6.000        6.000        6.000
   810:        6.000        6.000        6.000        6.000        6.000
   815:        6.000        6.000        6.000        6.000        6.000
   820:        6.000        6.000        6.000        6.000        6.000
   825:        6.000        6.000        6.000        6.000        6.000
   830:        6.000        6.000        6.000        6.000        6.000
   835:        6.000        6.000        6.000        6.000        6.000
   840:        6.000        6.000        6.000        6.000        6.000
   845:        6.000        6.000        6.000        6.000        6.000
   850:        6.000        6.000        6.000        6.000        6.000
   855:        6.000        6.000        6.000        6.000        6.000
   860:        6.000        6.000        6.000        6.000        6.000
   865:        6.000        6.000        6.000        6.000        6.000
   870:        6.000        6.000        6.000        6.000        6.000
   875:        6.000        6.000        6.000        6.000        6.000
   880:        6.000        6.000        6.000        6.000        6.000
   885:        6.000        6.000        6.000        6.000        6.000
   890:        6.000        6.000        6.000        6.000        6.000
   895:        6.000        6.000        6.000        6.000        6.000
   900:        6.000        6.000        6.000        6.000        6.000
   905:        6.000        6.000        2.000        4.000       22.000
   910:       24.000       12.000        6.000        6.000        6.000
   915:        6.000       19.000       11.000        6.000        6.000
   920:        6.000        6.000        6.000        6.000        6.000
   925:        6.000        6.000        6.000        6.000        6.000
   930:        6.000        6.000        6.000        6.000        6.000
   935:        6.000        6.000        6.000        6.000        6.000
   940:        6.000        6.000        6.000        6.000        6.000
   945:        6.000        6.000        6.000        6.000        6.000
   950:        6.000        6.000        6.000        6.000        6.000
   955:        6.000        6.000        6.000        6.000        6.000
   960:        6.000        6.000        6.000        6.000        6.000
   965:        6.000        6.000        6.000        6.000        6.000
   970:        6.000        6.000        2.000        4.000       22.000
   975:       24.000       12.000       21.000       22.000       21.000
   980:       22.000       21.000       22.000       21.000       22.000
   985:       19.000       11.000        2.000        4.000       22.000
   990:       24.000       12.000       21.000       22.000       19.000
   995:       11.000        2.000        4.000       22.000       24.000
  1000:       12.000       21.000       22.000        6.000       19.000
  1005:       11.000        6.000        6.000        6.000        6.000
  1010:        6.000        6.000        6.000        6.000        6.000
  1015:        6.000        6.000        6.000        6.000        6.000
  1020:        6.000        6.000        6.000        6.000        6.000
  1025:        6.000        6.000        6.000        6.000        6.000
  1030:        6.000        6.000        6.000        6.000        6.000
  1035:        2.000        4.000       22.000       24.000       12.000
  1040:       21.000       22.000       19.000       11.000        6.000
  1045:        6.000        6.000        6.000        6.000        6.000
  1050:        6.000        6.000        6.000        6.000        6.000
  1055:        6.000        6.000        6.000        6.000        6.000
  1060:        6.000        6.000        6.000        6.000        6.000
  1065:        6.000        6.000        6.000        6.000        6.000
  1070:        6.000        6.000        6.000        6.000        2.000
  1075:        4.000       22.000       24.000       12.000       19.000
  1080:       11.000        6.000        6.000        6.000        6.000
  1085:        6.000        6.000        6.000        6.000        6.000
  1090:        6.000        6.000        6.000        6.000        6.000
  1095:        6.000        6.000        6.000        6.000        6.000
  1100:        6.000        6.000        6.000        6.000        6.000
  1105:        6.000        6.000        6.000        6.000        6.000
  1110:        6.000        6.000        6.000        6.000        6.000
  1115:        6.000        6.000        6.000        6.000        6.000
  1120:        6.000        6.000        6.000        6.000        6.000
  1125:        6.000        6.000        6.000        6.000        6.000
  1130:        6.000        6.000        6.000        6.000        6.000
  1135:        6.000        6.000        6.000        6.000        6.000
  1140:        6.000        6.000        6.000        6.000        6.000
  1145:        6.000        6.000        6.000        6.000        2.000
  1150:        4.000       22.000       24.000       12.000       19.000
  1155:       11.000        6.000        6.000        6.000        6.000
  1160:        6.000        6.000        6.000        6.000        6.000
  1165:        6.000        6.000        6.000        6.000        6.000
  1170:        6.000        6.000        6.000        6.000        6.000
  1175:        6.000        6.000        6.000        6.000        6.000
  1180:        6.000        6.000        6.000        6.000        6.000
  1185:        6.000        6.000        6.000        6.000        6.000
  1190:        6.000        6.000        6.000        6.000        6.000
  1195:        6.000        6.000        6.000        6.000        6.000
  1200:        6.000        6.000        6.000        6.000        6.000
  1205:        6.000        6.000        6.000        6.000        6.000
  1210:        6.000        6.000        2.000        4.000       22.000
  1215:       24.000       12.000       21.000       22.000        6.000
  1220:       19.000       11.000        6.000        6.000        6.000
  1225:        6.000        6.000        6.000        6.000        6.000
  1230:        6.000        6.000        6.000        6.000        6.000
  1235:        6.000        6.000        6.000        2.000        4.000
  1240:       22.000       24.000       12.000       19.000       11.000
  1245:        6.000        6.000        6.000        6.000        6.000
  1250:        6.000        6.000        6.000        6.000        6.000
  1255:        6.000        6.000        6.000        6.000        6.000
  1260:        6.000        6.000        6.000        6.000        6.000
  1265:        6.000        6.000        6.000        6.000        6.000
  1270:        6.000        6.000        6.000        6.000        6.000
  1275:        6.000        6.000        6.000        6.000        6.000
  1280:        6.000        6.000        6.000        2.000        4.000
  1285:       22.000       24.000       12.000        6.000       21.000
  1290:       22.000       19.000       11.000        6.000        6.000
  1295:        6.000        6.000        6.000        6.000        6.000
  1300:        2.000        4.000       22.000       24.000       12.000
  1305:       21.000       22.000       21.000       22.000       19.000
  1310:       11.000        6.000        6.000        6.000        6.000
  1315:        6.000        6.000        6.000        6.000        6.000
  1320:        6.000        6.000        6.000        6.000        6.000
  1325:        6.000        6.000        6.000        6.000        6.000
  1330:        6.000        6.000        6.000        6.000        6.000
  1335:        6.000        6.000        6.000        6.000        6.000
  1340:        6.000        6.000        6.000        6.000        6.000
  1345:        6.000        6.000        6.000        6.000        6.000
  1350:        6.000        6.000        6.000        6.000        6.000
  1355:        6.000        6.000        6.000        6.000        6.000
  1360:        6.000        6.000        6.000        6.000        6.000
  1365:        6.000        6.000        6.000        6.000        6.000
  1370:        6.000        6.000        6.000        6.000        6.000
  1375:        6.000        6.000        6.000        6.000        6.000
  1380:        6.000        6.000        6.000        6.000        6.000
  1385:        6.000        6.000        6.000        6.000        6.000
  1390:        6.000        6.000        6.000        6.000        6.000
  1395:        6.000        6.000        6.000        6.000        6.000
  1400:        6.000        6.000        6.000        6.000        6.000
  1405:        6.000        6.000        6.000        6.000        6.000
  1410:        6.000        6.000        6.000        6.000        6.000
  1415:        6.000        6.000        6.000        6.000        6.000
  1420:        6.000        6.000        6.000        6.000        6.000
  1425:        6.000        6.000        6.000        6.000        6.000
  1430:        6.000        6.000        6.000        6.000        6.000
  1435:        6.000        6.000        6.000        6.000        6.000
  1440:        6.000        6.000        6.000        6.000        6.000
  1445:        6.000        6.000        6.000        6.000        6.000
  1450:        6.000        6.000        6.000        6.000        6.000
  1455:        6.000        6.000        6.000        6.000        6.000
  1460:        6.000        6.000        6.000        6.000        6.000
  1465:        6.000        6.000        6.000        6.000        6.000
  1470:        6.000        6.000        6.000        6.000        6.000
  1475:        6.000        6.000        6.000        6.000        6.000
  1480:        6.000        6.000        6.000        6.000        6.000
  1485:        6.000        6.000        6.000        6.000        6.000
  1490:        6.000        6.000        6.000        6.000        6.000
  1495:        6.000        6.000        6.000        6.000        6.000
  1500:        6.000        6.000        6.000        6.000        6.000
  1505:        6.000        6.000        6.000        6.000        6.000
  1510:        6.000        6.000        6.000        6.000        6.000
  1515:        6.000        6.000        6.000        6.000        6.000
  1520:        6.000        6.000        6.000        6.000        6.000
  1525:        6.000        6.000        6.000        6.000        6.000
  1530:        6.000        6.000        6.000        6.000        6.000
  1535:        6.000        6.000        6.000        6.000        6.000
  1540:        6.000        6.000        6.000        6.000        6.000
  1545:        6.000        1.000        6.000        2.000        4.000
  1550:       22.000       24.000       12.000       21.000       22.000
  1555:        6.000       19.000       11.000        6.000        6.000
  1560:        6.000        6.000        6.000        6.000        6.000
  1565:        6.000        6.000        6.000        6.000        6.000
  1570:        6.000        6.000        2.000        4.000       22.000
  1575:       24.000       12.000       19.000       11.000        6.000
  1580:        6.000        6.000        2.000        4.000       22.000
  1585:       24.000       12.000       20.000       19.000       11.000
  1590:        6.000        6.000        6.000        6.000        6.000
  1595:        6.000        6.000        6.000        6.000        6.000
  1600:        6.000        6.000        6.000        6.000        6.000
  1605:        6.000        6.000        6.000        6.000        6.000
  1610:        6.000        6.000        6.000        6.000        6.000
  1615:        2.000        4.000       22.000       24.000       12.000
  1620:       19.000       11.000        6.000        6.000        6.000
  1625:        6.000        6.000        6.000        6.000        6.000
  1630:        6.000        6.000        6.000        6.000        6.000
  1635:        6.000        6.000        6.000        6.000        6.000
  1640:        6.000        6.000        6.000        6.000        6.000
  1645:        6.000        6.000        6.000        6.000        6.000
  1650:        6.000        6.000        6.000        6.000        6.000
  1655:        6.000        6.000        6.000        6.000        6.000
  1660:        6.000        6.000        6.000        6.000        6.000
  1665:        6.000        6.000        6.000        6.000        6.000
  1670:        6.000        1.000        6.000        6.000        2.000
  1675:        4.000       22.000       24.000       12.000       21.000
  1680:       22.000       21.000       22.000       21.000       22.000
  1685:        6.000       19.000       11.000        6.000        6.000
  1690:        6.000        6.000        6.000        6.000        6.000
  1695:        6.000        6.000        6.000        6.000        6.000
  1700:        6.000        6.000        6.000        6.000        6.000
  1705:        6.000        6.000        6.000        6.000        2.000
  1710:        4.000       22.000       24.000       12.000       21.000
  1715:       22.000       21.000       22.000       21.000       22.000
  1720:       21.000       22.000       21.000       22.000        6.000
  1725:        6.000        6.000       19.000       11.000        2.000
  1730:        4.000       22.000       24.000       12.000       21.000
  1735:       22.000       19.000       11.000        6.000        6.000
  1740:        6.000        6.000        6.000        6.000        6.000
  1745:        6.000        6.000        6.000        6.000        6.000
  1750:        6.000        6.000        6.000        6.000        6.000
  1755:        6.000        6.000        6.000        6.000        6.000
  1760:        6.000        6.000        6.000        6.000        6.000
  1765:        6.000        6.000        6.000        6.000        6.000
  1770:        6.000        6.000        6.000        6.000        6.000
  1775:        6.000        6.000        6.000        6.000        6.000
  1780:        6.000        6.000        6.000        6.000        6.000
  1785:        6.000        6.000        6.000        6.000        6.000
  1790:        6.000        6.000        6.000        6.000        6.000
  1795:        6.000        6.000        6.000        6.000        6.000
  1800:        6.000        6.000        6.000        6.000        6.000
  1805:        6.000        6.000        6.000        6.000        6.000
  1810:        6.000        6.000        6.000        6.000        6.000
  1815:        6.000        6.000        6.000        6.000        6.000
  1820:        6.000        6.000        6.000        6.000        6.000
  1825:        6.000        6.000        6.000        6.000        6.000
  1830:        6.000        6.000        6.000        6.000        6.000
  1835:        6.000        6.000        6.000        6.000        6.000
  1840:        6.000        6.000        6.000        6.000        6.000
  1845:        6.000        6.000        6.000        6.000        6.000
  1850:        6.000        6.000        6.000        6.000        6.000
  1855:        6.000        6.000        6.000        6.000        6.000
  1860:        6.000        6.000        6.000        6.000        6.000
  1865:        6.000        6.000        6.000        6.000        6.000
  1870:        6.000        6.000        6.000        6.000        6.000
  1875:        6.000        6.000        6.000        6.000        6.000
  1880:        6.000        6.000        6.000        6.000        6.000
  1885:        6.000        6.000        6.000        6.000        6.000
  1890:        6.000        6.000        6.000        6.000        6.000
  1895:        6.000        6.000        6.000        6.000        6.000
  1900:        6.000        6.000        6.000        6.000        6.000
  1905:        6.000        6.000        6.000        6.000        6.000
  1910:        6.000        6.000        6.000        6.000        6.000
  1915:        6.000        6.000        6.000        6.000        6.000
  1920:        6.000        6.000        6.000        6.000        6.000
  1925:        6.000        6.000        6.000        6.000        6.000
  1930:        6.000        6.000        6.000        6.000        6.000
  1935:        6.000        6.000        6.000        6.000        6.000
  1940:        6.000        6.000        6.000        6.000        6.000
  1945:        6.000        6.000        6.000        6.000        6.000
  1950:        6.000        6.000        6.000        6.000        6.000
  1955:        6.000        6.000        6.000        6.000        6.000
  1960:        6.000        6.000        6.000        6.000        6.000
  1965:        6.000        6.000        6.000        6.000        6.000
  1970:        6.000        6.000        6.000        6.000        6.000
  1975:        6.000        6.000        6.000        6.000        6.000
  1980:        6.000        6.000        6.000        6.000        6.000
  1985:        6.000        6.000        6.000        6.000        6.000
  1990:        6.000        6.000        6.000        6.000        6.000
  1995:        6.000        6.000        6.000        6.000        6.000
  2000:        6.000        6.000        6.000        6.000        6.000
  2005:        6.000        6.000        6.000        6.000        6.000
  2010:        6.000        6.000        6.000        6.000        6.000
  2015:        6.000        6.000        6.000        6.000        6.000
  2020:        6.000        6.000        6.000        6.000        6.000
  2025:        6.000        6.000        6.000        6.000        6.000
  2030:        6.000        6.000        6.000        6.000        6.000
  2035:        6.000        6.000        6.000        6.000        6.000
  2040:        6.000        6.000        6.000        6.000        6.000
  2045:        6.000        6.000        6.000        6.000        6.000
  2050:        6.000        6.000        6.000        6.000        6.000
  2055:        6.000        6.000        6.000        6.000        6.000
  2060:        6.000        6.000        6.000        6.000        6.000
  2065:        6.000        6.000        6.000        6.000        6.000
  2070:        6.000        6.000        6.000        6.000        6.000
  2075:        6.000        6.000        6.000        6.000        6.000
  2080:        6.000        6.000        6.000        6.000        6.000
  2085:        6.000        6.000        6.000        6.000        6.000
  2090:        6.000        6.000        6.000        6.000        6.000
  2095:        2.000        4.000       22.000       24.000       12.000
  2100:        6.000        6.000        6.000        6.000        6.000
  2105:        6.000        6.000        6.000        6.000        6.000
  2110:       19.000       11.000        6.000        6.000        6.000
  2115:        6.000        6.000        6.000        6.000        6.000
  2120:        6.000        6.000        6.000        6.000        6.000
  2125:        6.000        6.000        6.000        6.000        6.000
  2130:        6.000        6.000        6.000        6.000        6.000
  2135:        6.000        6.000        6.000        6.000        6.000
  2140:        6.000        6.000        6.000        6.000        6.000
  2145:        6.000        6.000        6.000        6.000        6.000
  2150:        6.000        6.000        6.000        6.000        6.000
  2155:        6.000        6.000        6.000        6.000        6.000
  2160:        6.000        6.000        6.000        6.000        6.000
  2165:        6.000        6.000        6.000        6.000        6.000
  2170:        6.000        6.000        6.000        6.000        1.000
  2175:        6.000        6.000        6.000        6.000        6.000
  2180:        6.000        6.000        6.000        6.000        6.000
  2185:        6.000        6.000        6.000        6.000        6.000
  2190:        6.000        6.000        6.000        6.000        6.000
  2195:        6.000        6.000        6.000        6.000        6.000
  2200:        6.000        6.000        6.000        6.000        6.000
  2205:        6.000        6.000        6.000        6.000        6.000
  2210:        6.000        6.000        6.000        6.000        6.000
  2215:        6.000        6.000        6.000        6.000        6.000
  2220:        6.000        6.000        6.000        6.000        6.000
  2225:        6.000        6.000        6.000        6.000        6.000
  2230:        6.000        6.000        6.000        6.000        6.000
  2235:        6.000        6.000        6.000        6.000        6.000
  2240:        6.000        6.000        6.000        6.000        6.000
  2245:        6.000        6.000        6.000        6.000        6.000
  2250:        6.000        6.000        6.000        6.000        6.000
  2255:        6.000        6.000        6.000        6.000        6.000
  2260:        6.000        6.000        6.000        6.000        6.000
  2265:        6.000        6.000        6.000        6.000        6.000
  2270:        6.000        6.000        6.000        6.000        6.000
  2275:        6.000        6.000        6.000        6.000        6.000
  2280:        6.000        6.000        6.000        6.000        6.000
  2285:        6.000        6.000        6.000        6.000        6.000
  2290:        6.000        6.000        6.000        6.000        6.000
  2295:        6.000        6.000        6.000        6.000        6.000
  2300:        6.000        6.000        6.000        6.000        6.000
  2305:        6.000        6.000        6.000        6.000        6.000
  2310:        6.000        6.000        6.000        6.000        6.000
  2315:        6.000        6.000        6.000        6.000        6.000
  2320:        6.000        6.000        6.000        2.000        4.000
  2325:       22.000       24.000       12.000       21.000       22.000
  2330:       21.000       22.000       19.000       11.000        6.000
  2335:        6.000        6.000        6.000        6.000        6.000
  2340:        6.000        6.000        6.000        6.000        6.000
  2345:        6.000        6.000        6.000        6.000        6.000
  2350:        6.000        6.000        6.000        6.000        6.000
  2355:        6.000        6.000        6.000        6.000        6.000
  2360:        2.000        4.000       22.000       24.000       12.000
  2365:       19.000       11.000        1.000        6.000        6.000
  2370:        6.000        2.000        4.000       22.000       24.000
  2375:       12.000       20.000       20.000        6.000        6.000
  2380:       19.000       11.000        6.000        6.000        6.000
  2385:        6.000        6.000        6.000        6.000        6.000
  2390:        6.000        6.000        6.000        6.000        6.000
  2395:        6.000      100.000
T:
     0:        0.000        0.000        0.000        0.000        0.030
     5:        0.130        0.170        0.290        1.130        1.170
    10:        1.360        1.430        4.050        5.470        5.580
    15:        6.220        7.380        7.820       10.570       11.640
    20:       23.940       44.340       44.340       44.340       44.350
    25:       44.350       46.980       54.340       54.350      101.320
    30:      102.750      102.830      103.960      104.040      104.110
    35:      104.720      106.230      106.300      106.430      106.900
    40:      108.020      108.650      108.750      110.880      112.570
    45:      113.370      115.210      115.770      116.020      124.200
    50:      124.310      124.480      124.650      125.080      127.290
    55:      127.340      128.130      128.310      155.590      248.850
    60:      250.120      312.140      312.140      312.140      312.150
    65:      312.150      312.800      312.800      322.140      322.150
    70:      348.490      348.900      349.320      349.490      350.880
    75:      351.800      352.000      352.250      416.940      417.160
    80:      417.350      434.560      435.580      437.580      467.910
    85:      478.270      479.090      479.420      479.600      479.800
    90:      480.470      480.650      481.250      482.540      491.900
    95:      491.900      491.900      491.910      491.910      492.770
   100:      492.770      494.050      496.670      496.670      498.160
   105:      498.160      499.560      499.560      501.900      501.910
   110:      503.070      503.070      503.070      503.080      503.080
   115:      503.540      503.540      513.070      513.080      598.250
   120:      598.650      599.870      599.900      600.140      628.100
   125:      628.250      640.940      640.940      640.940      640.950
   130:      640.950      642.050      642.610      642.640      643.580
   135:      650.940      650.950      651.160      653.280      655.060
   140:      655.150      655.940      656.140      656.230      656.940
   145:      657.140      657.380      668.720      668.720      668.720
   150:      668.730      668.730      674.580      674.580      678.720
   155:      678.730      715.800      723.480      723.780      767.040
   160:      830.490      830.730      834.580      834.650      834.760
   165:      835.970      836.020      836.100      836.150      892.480
   170:      894.940      895.950      896.550      896.670      896.820
   175:      897.170      897.980      926.620      927.580      933.130
   180:      934.490      935.730      935.840      935.900      936.180
   185:      936.290      937.680      938.180      938.490      938.570
   190:      938.840     1060.030     1111.470     1111.470     1111.470
   195:     1111.480     1111.480     1121.470     1121.480     1135.830
   200:     1258.870     1260.450     1260.650     1260.720     1261.470
   205:     1261.510     1262.080     1262.260     1262.980     1265.420
   210:     1265.730     1266.480     1266.730     1268.520     1268.840
   215:     1268.950     1274.660     1276.010     1277.640     1281.430
   220:     1281.580     1282.440     1282.630     1282.980     1283.730
   225:     1285.460     1285.550     1285.650     1286.800     1297.050
   230:     1297.120     1302.170     1305.530     1305.910     1310.430
   235:     1314.460     1314.760     1314.920     1316.010     1316.060
   240:     1318.930     1319.050     1320.250     1320.640     1321.330
   245:     1321.420     1321.600     1322.310     1322.390     1322.740
   250:     1322.940     1324.500     1327.590     1328.060     1328.380
   255:     1328.440     1328.820     1329.610     1329.960     1330.600
   260:     1332.350     1332.440     1333.420     1333.680     1334.040
   265:     1337.610     1339.010     1339.480     1340.820     1345.050
   270:     1346.890     1346.980     1348.260     1348.310     1349.230
   275:     1351.650     1354.990     1355.010     1355.350     1355.440
   280:     1356.210     1356.260     1356.330     1356.750     1357.680
   285:     1359.580     1360.460     1360.880     1361.060     1361.130
   290:     1361.480     1361.870     1361.910     1362.550     1362.770
   295:     1362.910     1363.030     1363.080     1364.290     1364.440
   300:     1364.500     1364.780     1364.820     1364.840     1366.290
   305:     1367.110     1370.000     1370.030     1370.480     1370.600
   310:     1370.630     1372.770     1374.540     1374.590     1374.690
   315:     1374.930     1377.760     1377.800     1378.280     1378.530
   320:     1380.470     1380.900     1384.310     1386.540     1401.040
   325:     1401.230     1402.170     1430.940     1430.970     1431.340
   330:     1431.710     1431.830     1432.430     1433.170     1433.530
   335:     1520.030     1521.060     1527.280     1527.280     1527.280
   340:     1527.290     1527.290     1537.280     1537.290     1540.340
   345:     1541.850     1545.410     1576.510     1578.670     1578.740
   350:     1618.190     1618.270     1619.010     1684.760     1685.330
   355:     1742.160     1742.390     1747.190     1747.190     1747.190
   360:     1747.200     1747.200     1757.190     1757.200     1776.300
   365:     1777.760     1777.920     1780.690     1781.940     1782.000
   370:     1782.070     1782.370     1782.770     1783.590     1783.870
   375:     1786.180     1786.290     1787.400     1788.700     1788.990
   380:     1789.080     1789.120     1789.220     1789.240     1790.270
   385:     1790.620     1792.420     1795.020     1795.170     1795.810
   390:     1796.270     1796.870     1798.130     1798.240     1798.460
   395:     1798.630     1798.820     1799.710     1802.430     1803.420
   400:     1804.610     1804.730     1804.920     1805.970     1811.340
   405:     1811.460     1811.730     1812.590     1812.900     1812.970
   410:     1813.130     1815.150     1816.020     1816.400     1835.920
   415:     1839.050     1839.780     1897.780     1900.740     1900.780
   420:     2049.880     2050.840     2050.990     2051.180     2051.450
   425:     2052.650     2053.160     2054.640     2055.430     2055.570
   430:     2056.570     2056.630     2060.940     2062.040     2062.520
   435:     2062.910     2063.070     2066.060     2066.430     2066.510
   440:     2067.860     2068.790     2068.830     2069.120     2069.190
   445:     2080.890     2094.650     2096.030     2104.330     2105.420
   450:     2107.560     2107.980     2108.190     2108.460     2109.070
   455:     2110.480     2112.270     2112.510     2114.270     2115.630
   460:     2115.680     2124.220     2132.930     2138.620     2140.890
   465:     2140.990     2144.320     2146.860     2146.940     2147.040
   470:     2147.120     2147.520     2147.570     2147.730     2158.350
   475:     2158.620     2160.040     2171.540     2194.580     2194.580
   480:     2194.580     2194.590     2194.590     2196.040     2196.040
   485:     2204.580     2204.590     2207.150     2207.150     2207.150
   490:     2207.160     2207.160     2208.340     2208.340     2208.700
   495:     2208.700     2210.500     2210.500     2211.150     2211.150
   500:     2213.420     2214.870     2214.940     2217.150     2217.160
   505:     2256.300     2274.560     2315.740     2415.230     2417.900
   510:     2419.780     2421.760     2428.440     2433.410     2433.440
   515:     2433.650     2435.000     2435.100     2435.290     2436.330
   520:     2436.890     2436.970     2437.230     2437.300     2438.670
   525:     2438.890     2488.430     2496.410     2496.410     2496.410
   530:     2496.420     2496.420     2506.410     2506.420     2516.890
   535:     2517.130     2517.890     2562.660     2563.470     2641.340
   540:     2641.540     2643.650     2644.750     2723.290     2799.140
   545:     2809.160     2809.270     2810.270     2810.310     2812.190
   550:     2814.040     2814.690     2814.990     2817.670     2817.920
   555:     2817.960     2819.060     2819.190     2819.560     2820.070
   560:     2845.590     2846.350     2848.140     2849.090     2850.650
   565:     2852.520     2854.930     2854.980     2855.230     2858.160
   570:     2858.320     2858.880     2859.010     2859.440     2859.560
   575:     2859.710     2859.880     2859.960     2860.380     2860.570
   580:     2861.700     2863.660     2863.750     2864.160     2864.430
   585:     2864.950     2867.390     2867.800     2869.700     2870.360
   590:     2871.020     2871.300     2872.690     2874.450     2874.770
   595:     2874.810     2876.170     2905.850     2905.910     2906.250
   600:     2967.380     2974.320     2974.970     2976.070     2976.280
   605:     2976.460     2978.660     2981.560     2981.560     2981.560
   610:     2981.570     2981.570     2984.580     2990.220     2990.220
   615:     2991.560     2991.570     3261.970     3262.050     3262.180
   620:     3262.360     3263.310     3263.580     3263.600     3263.830
   625:     3264.000     3264.110     3264.330     3264.440     3266.590
   630:     3266.680     3279.350     3280.610     3282.290     3282.530
   635:     3282.970     3283.530     3283.730     3286.410     3288.450
   640:     3288.980     3289.030     3289.110     3289.330     3289.530
   645:     3289.550     3290.790     3290.820     3291.350     3291.490
   650:     3291.560     3291.630     3291.710     3292.960     3293.420
   655:     3294.430     3294.580     3294.880     3295.260     3295.290
   660:     3297.910     3299.000     3300.830     3300.930     3301.660
   665:     3302.260     3303.050     3304.420     3304.490     3304.610
   670:     3305.280     3305.350     3305.390     3305.640     3308.140
   675:     3310.240     3310.640     3310.900     3312.200     3312.240
   680:     3313.320     3313.590     3313.820     3314.680     3316.260
   685:     3316.530     3316.590     3316.720     3316.890     3317.230
   690:     3317.260     3317.390     3317.720     3317.780     3318.140
   695:     3319.080     3322.230     3322.520     3322.600     3322.910
   700:     3323.660     3325.450     3325.790     3325.820     3325.910
   705:     3326.500     3326.550     3331.270     3331.830     3332.210
   710:     3332.490     3332.540     3333.230     3333.530     3333.630
   715:     3333.880     3334.480     3336.570     3336.690     3337.230
   720:     3337.380     3337.710     3339.330     3339.410     3340.790
   725:     3340.830     3341.520     3345.300     3345.500     3349.800
   730:     3351.390     3358.250     3358.510     3358.540     3359.320
   735:     3359.950     3360.250     3361.010     3361.270     3363.370
   740:     3363.660     3368.030     3368.150     3368.410     3370.200
   745:     3371.790     3371.920     3372.110     3372.930     3373.090
   750:     3376.560     3378.830     3378.860     3385.900     3385.940
   755:     3387.960     3389.120     3389.230     3389.280     3390.020
   760:     3390.550     3390.850     3390.900     3393.870     3393.910
   765:     3395.990     3396.050     3396.170     3396.240     3397.770
   770:     3428.350     3428.540     3428.740     3428.790     3428.830
   775:     3429.390     3429.660     3429.950     3430.980     3431.110
   780:     3432.180     3432.430     3434.770     3438.120     3438.760
   785:     3444.420     3445.410     3445.710     3447.460     3463.280
   790:     3463.490     3465.270     3466.020     3466.430     3466.660
   795:     3471.880     3478.600     3479.170     3485.950     3487.750
   800:     3488.220     3493.110     3525.450     3525.640     3526.750
   805:     3528.700     3529.760     3529.950     3532.420     3533.020
   810:     3535.720     3538.460     3538.540     3543.840     3543.890
   815:     3544.760     3544.950     3545.270     3547.710     3548.740
   820:     3549.700     3551.230     3551.280     3551.500     3551.570
   825:     3551.620     3551.760     3551.900     3553.950     3554.440
   830:     3556.890     3559.510     3559.660     3561.430     3561.770
   835:     3568.880     3568.990     3575.390     3575.560     3577.060
   840:     3577.490     3578.730     3582.090     3582.980     3583.960
   845:     3584.520     3585.660     3587.000     3589.100     3589.580
   850:     3589.620     3589.660     3590.190     3593.620     3593.740
   855:     3594.150     3594.470     3594.730     3594.790     3596.230
   860:     3596.760     3597.310     3597.800     3600.770     3601.460
   865:     3601.520     3603.590     3603.670     3604.390     3605.230
   870:     3606.600     3606.850     3607.020     3608.630     3612.100
   875:     3612.330     3612.710     3613.360     3614.230     3614.340
   880:     3615.570     3617.540     3618.320     3619.180     3619.650
   885:     3619.980     3620.510     3620.850     3621.370     3622.000
   890:     3622.340     3623.620     3624.290     3625.180     3626.450
   895:     3627.310     3628.650     3633.110     3633.350     3634.530
   900:     3636.180     3636.350     3636.400     3640.970     3642.040
   905:     3643.870     3645.370     3667.540     3667.540     3667.540
   910:     3667.550     3667.550     3673.670     3674.010     3674.100
   915:     3674.330     3677.540     3677.550     3688.140     3688.180
   920:     3691.340     3694.820     3694.970     3695.690     3699.240
   925:     3699.380     3699.550     3699.630     3699.670     3699.830
   930:     3700.460     3701.310     3701.950     3703.040     3706.790
   935:     3707.300     3707.370     3707.670     3708.020     3708.390
   940:     3708.460     3708.480     3708.710     3712.800     3712.880
   945:     3714.150     3714.230     3714.480     3714.880     3715.250
   950:     3811.530     3812.690     3817.040     3818.170     3818.660
   955:     3819.940     3821.540     3821.630     3821.890     3822.020
   960:     3822.970     3844.500     3845.700     3850.180     3854.640
   965:     3854.680     3855.870     3858.090     3858.940     3859.080
   970:     3860.080     3868.590     3871.030     3871.030     3871.030
   975:     3871.040     3871.040     3874.000     3874.000     3876.360
   980:     3876.360     3880.650     3880.650     3880.760     3880.760
   985:     3881.030     3881.040     3882.750     3882.750     3882.750
   990:     3882.760     3882.760     3886.770     3886.770     3892.750
   995:     3892.760     3896.240     3896.240     3896.240     3896.250
  1000:     3896.250     3898.420     3898.420     3900.160     3906.240
  1005:     3906.250     3911.320     4011.190     4013.080     4013.190
  1010:     4013.530     4013.840     4013.970     4014.010     4014.210
  1015:     4014.240     4015.560     4016.910     4017.410     4017.730
  1020:     4017.790     4018.360     4019.120     4019.650     4019.910
  1025:     4019.970     4020.100     4020.180     4020.880     4022.240
  1030:     4022.530     4022.720     4022.920     4022.940     4026.880
  1035:     4028.340     4028.340     4028.340     4028.350     4028.350
  1040:     4032.490     4032.490     4038.340     4038.350     4041.270
  1045:     4042.120     4042.150     4042.210     4042.520     4046.580
  1050:     4055.320     4124.790     4124.820     4124.880     4124.970
  1055:     4125.030     4125.070     4125.100     4127.110     4128.390
  1060:     4128.440     4128.850     4128.900     4128.940     4131.680
  1065:     4132.230     4138.350     4139.970     4140.290     4140.480
  1070:     4140.890     4141.810     4142.250     4142.940     4144.190
  1075:     4144.190     4144.190     4144.200     4144.200     4154.190
  1080:     4154.200     4707.530     4708.090     4719.010     4782.780
  1085:     4785.070     4787.730     4787.960     4788.300     4788.500
  1090:     4790.840     4791.830     4794.000     4797.800     4798.110
  1095:     4799.180     4804.430     4804.600     4804.890     4804.980
  1100:     4805.110     4805.430     4810.720     4810.890     4812.330
  1105:     4812.830     4813.750     4814.340     4821.340     4822.130
  1110:     4823.720     4823.750     4835.720     4838.030     4838.090
  1115:     4838.160     4839.070     4840.780     4842.450     4843.470
  1120:     4843.560     4844.290     4844.750     4848.300     4849.240
  1125:     4849.630     4850.650     4855.360     4857.690     4857.740
  1130:     4858.310     4858.480     4858.690     4859.970     4860.270
  1135:     4862.050     4862.110     4862.640     4866.150     4866.970
  1140:     4867.990     4868.450     4868.610     4869.710     4872.660
  1145:     4874.730     4874.910     4875.710     4876.680     4880.390
  1150:     4880.390     4880.390     4880.400     4880.400     4890.390
  1155:     4890.400     4914.240     4918.860     4921.730     4925.940
  1160:     4926.300     4930.410     4931.190     4931.690     4934.220
  1165:     4934.410     4934.740     4935.470     4939.420     4939.450
  1170:     4939.480     4939.570     4939.900     4940.370     4944.490
  1175:     4944.970     4945.660     4947.550     4948.070     4952.330
  1180:     4954.720     4955.500     4959.590     4959.650     4960.330
  1185:     4960.470     4960.880     4961.250     4961.960     4962.190
  1190:     4963.840     4963.890     4963.960     4965.060     4968.420
  1195:     4970.300     4971.580     4973.300     4973.720     4973.770
  1200:     4973.830     4977.370     4979.570     4979.990     4981.960
  1205:     4982.360     4984.920     5000.730     5001.240     5001.430
  1210:     5002.900     5009.560     5011.560     5011.560     5011.560
  1215:     5011.570     5011.570     5011.890     5011.890     5020.120
  1220:     5021.560     5021.570     5034.890     5035.910     5037.460
  1225:     5037.520     5040.950     5041.490     5042.490     5043.330
  1230:     5045.940     5047.180     5047.210     5047.690     5087.760
  1235:     5088.900     5215.150     5215.230     5232.700     5232.700
  1240:     5232.700     5232.710     5232.710     5242.700     5242.710
  1245:     5311.580     5313.150     5315.990     5317.550     5318.420
  1250:     5319.120     5319.230     5320.860     5322.450     5329.270
  1255:     5330.420     5354.980     5355.810     5357.510     5357.600
  1260:     5357.760     5358.280     5358.520     5358.660     5359.040
  1265:     5359.380     5418.590     5421.500     5421.820     5423.370
  1270:     5424.050     5427.520     5428.450     5429.140     5429.360
  1275:     5429.470     5429.690     5431.670     5431.770     5432.510
  1280:     5434.220     5436.920     5437.180     5452.320     5452.320
  1285:     5452.320     5452.330     5452.330     5453.710     5460.340
  1290:     5460.340     5462.320     5462.330     5482.590     5482.720
  1295:     5483.350     5483.450     5491.160     5491.350     5491.870
  1300:     5505.170     5505.170     5505.170     5505.180     5505.180
  1305:     5505.470     5505.470     5505.880     5505.880     5515.170
  1310:     5515.180     5516.800     5518.230     5519.670     5523.300
  1315:     5523.640     5523.820     5523.860     5526.010     5530.340
  1320:     5532.220     5533.770     5534.220     5534.350     5535.670
  1325:     5538.630     5538.980     5539.030     5539.230     5539.300
  1330:     5540.390     5540.830     5541.080     5541.630     5541.680
  1335:     5541.760     5541.960     5542.960     5543.120     5543.150
  1340:     5543.230     5544.270     5544.350     5544.740     5545.440
  1345:     5546.300     5546.830     5547.200     5547.580     5548.280
  1350:     5548.460     5548.600     5548.960     5549.050     5550.180
  1355:     5550.420     5550.890     5551.430     5551.500     5552.310
  1360:     5552.550     5552.620     5553.070     5554.370     5554.590
  1365:     5554.620     5554.940     5555.170     5555.240     5555.440
  1370:     5555.510     5555.900     5556.850     5561.590     5561.620
  1375:     5561.910     5562.220     5563.970     5568.710     5568.900
  1380:     5569.460     5571.630     5571.760     5571.910     5575.970
  1385:     5576.140     5576.210     5576.320     5576.450     5576.820
  1390:     5577.850     5578.600     5578.640     5584.500     5585.370
  1395:     5585.690     5587.020     5590.560     5596.900     5597.280
  1400:     5598.520     5599.290     5600.900     5606.890     5609.560
  1405:     5615.290     5626.360     5626.770     5638.790     5638.940
  1410:     5643.670     5645.560     5645.740     5645.890     5645.940
  1415:     5648.720     5649.850     5650.460     5653.220     5654.090
  1420:     5656.330     5657.080     5657.160     5657.340     5657.550
  1425:     5658.440     5658.520     5658.550     5659.160     5659.320
  1430:     5659.410     5659.570     5659.620     5659.820     5659.850
  1435:     5660.560     5660.610     5662.580     5663.150     5663.260
  1440:     5685.800     5686.360     5686.870     5687.360     5687.540
  1445:     5687.930     5688.310     5688.450     5688.850     5689.340
  1450:     5689.440     5689.900     5690.000     5690.220     5690.780
  1455:     5692.360     5692.540     5716.030     5718.460     5719.350
  1460:     5719.430     5720.270     5721.700     5757.540     5758.930
  1465:     5758.990     5760.090     5760.240     5760.890     5764.620
  1470:     5765.460     5767.010     5767.080     5768.710     5769.080
  1475:     5770.420     5771.130     5775.990     5776.100     5777.230
  1480:     5781.350     5783.310     5785.130     5786.250     5786.620
  1485:     5787.510     5790.950     5791.820     5792.290     5792.320
  1490:     5794.610     5800.240     5800.280     5800.410     5806.180
  1495:     5807.130     5807.460     5808.080     5808.190     5808.270
  1500:     5833.940     5835.270     5835.990     5836.300     5836.450
  1505:     5837.130     5838.320     5840.870     5841.010     5841.760
  1510:     5846.910     5847.460     5849.650     5849.820     5850.490
  1515:     5851.220     5851.350     5851.390     5852.780     5856.450
  1520:     5859.360     5861.390     5865.300     5866.300     5866.980
  1525:     5867.130     5868.300     5868.390     5868.580     5868.820
  1530:     5870.500     5871.550     5872.680     5874.700     5875.420
  1535:     5875.730     5876.610     5877.740     5877.930     5878.140
  1540:     6336.050     6338.250     6338.340     6338.990     6339.100
  1545:     6339.670     6360.900     6392.970     6398.380     6398.380
  1550:     6398.380     6398.390     6398.390     6398.860     6398.860
  1555:     6406.410     6408.380     6408.390     6410.510     6412.670
  1560:     6412.750     6412.870     6422.140     6425.340     6431.540
  1565:     6433.100     6433.220     6433.660     6438.470     6438.550
  1570:     6438.730     6438.850     6458.430     6458.430     6458.430
  1575:     6458.440     6458.440     6468.430     6468.440     6478.580
  1580:     6479.150     6482.490     6490.110     6490.110     6490.110
  1585:     6490.120     6490.120     6494.300     6500.110     6500.120
  1590:     6518.750     6519.390     6519.460     6522.630     6531.420
  1595:     6531.490     6549.850     6550.200     6551.590     6552.060
  1600:     6552.620     6552.680     6552.780     6553.950     6558.460
  1605:     6558.750     6558.900     6559.440     6559.620     6564.020
  1610:     6564.510     6568.820     6573.350     6745.370     6749.370
  1615:     6970.640     6970.640     6970.640     6970.650     6970.650
  1620:     6980.640     6980.650     6989.590     6991.730     6991.820
  1625:     6991.920     6992.850     6993.460     6995.500     6996.680
  1630:     6998.400     7000.090     7005.670     7010.270     7010.350
  1635:     7011.320     7012.440     7015.510     7015.570     7016.610
  1640:     7019.780     7022.540     7022.570     7022.820     7023.560
  1645:     7026.720     7027.670     7028.260     7028.300     7028.780
  1650:     7030.110     7030.740     7030.780     7032.070     7032.190
  1655:     7034.010     7034.350     7034.610     7034.860     7035.740
  1660:     7035.880     7035.940     7036.620     7039.880     7042.280
  1665:     7042.830     7042.900     7043.040     7044.700     7045.470
  1670:     7045.520     7056.920     7066.960     7074.060     7077.900
  1675:     7077.900     7077.900     7077.910     7077.910     7079.930
  1680:     7079.930     7080.120     7080.120     7080.530     7080.530
  1685:     7082.670     7087.900     7087.910     7815.670     7815.850
  1690:     7816.550     7816.920     7817.020     7817.130     7817.860
  1695:     7817.930     7818.000     7818.360     7819.410     7819.450
  1700:     7819.510     7820.120     7895.480     7952.790     7954.930
  1705:     7955.470     7955.860     7955.960     7957.160     8083.420
  1710:     8083.420     8083.420     8083.430     8083.430     8084.440
  1715:     8084.440     8086.150     8086.150     8087.060     8087.060
  1720:     8088.410     8088.410     8090.020     8090.020     8091.460
  1725:     8092.020     8092.480     8093.420     8093.430     8093.780
  1730:     8093.780     8093.780     8093.790     8093.790     8100.330
  1735:     8100.330     8103.780     8103.790     8296.830     8301.820
  1740:     8302.000     8302.160     8302.610     8305.260     8305.310
  1745:     8307.970     8310.490     8311.670     8312.930     8313.080
  1750:     8324.940     8326.380     8326.460     8326.710     8327.440
  1755:     8327.720     8328.790     8329.740     8329.950     8330.230
  1760:     8330.400     8330.490     8331.620     8331.670     8332.140
  1765:     8332.560     8333.180     8333.440     8333.700     8333.790
  1770:     8335.110     8335.140     8536.200     8536.810     8538.920
  1775:     8539.150     8629.520     8632.570     8633.130     8633.350
  1780:     8633.910     8634.240     8634.870     8634.910     8635.260
  1785:     8635.630     8635.940     8636.580     8636.600     8636.710
  1790:     8636.790     8636.810     8637.190     8637.370     8638.170
  1795:     8639.080     8639.260     8640.170     8640.560     8641.920
  1800:     8643.300     8645.810     8645.980     8646.410     8646.500
  1805:     8648.690     8648.850     8649.330     8650.830     8656.190
  1810:     8656.510     8657.730     8659.020     8663.630     8663.720
  1815:     8675.020     8675.810     8676.310     8676.610     8678.410
  1820:     8679.910     8681.990     8682.760     8684.900     8687.410
  1825:     8687.990     8688.170     8688.540     8688.620     8688.800
  1830:     8688.920     8689.740     8690.070     8690.170     8690.240
  1835:     8690.810     8690.980     8691.390     8691.450     8692.460
  1840:     8693.010     8735.850     8735.900     8741.720     8741.750
  1845:     8742.060     8743.450     8743.570     8744.620     8745.270
  1850:     8745.390     8745.590     8748.140     8753.010     8754.190
  1855:     8759.750     8767.330     8767.360     8767.430     8769.350
  1860:     8769.390     8769.860     8770.040     8770.120     8770.800
  1865:     8771.460     8771.860     8773.260     8773.420     8773.490
  1870:     8773.560     8774.570     8774.780     8774.810     8777.760
  1875:     8778.900     8779.330     8779.890     8780.280     8780.510
  1880:     8780.540     8780.730     8780.910     8780.940     8785.660
  1885:     8805.190     8806.840     8806.930     8807.200     8807.270
  1890:     8807.330     8807.400     8813.600     8814.940     8815.270
  1895:     8821.280     8821.980     8822.960     8828.310     8828.700
  1900:     8828.820     8832.090     8832.150     8832.210     8832.660
  1905:     8832.730     8832.820     8833.910     8834.990     8835.080
  1910:     8838.250     8838.430     8844.540     8846.260     8846.370
  1915:     8846.450     8847.560     8847.880     8848.040     8848.120
  1920:     8848.390     8853.680     8854.010     8855.870     8857.930
  1925:     8865.690     8882.700     8884.360     8886.180     8887.000
  1930:     8887.630     8888.600     8891.650     8891.840     8892.010
  1935:     8892.580     8893.900     8894.990     8895.750     8898.780
  1940:     8898.960     8899.370     8899.880     8900.490     8900.780
  1945:     8900.960     8901.010     8901.330     8901.520     8901.570
  1950:     8901.680     8901.710     8905.010     8906.820     8908.230
  1955:     8908.990     8914.690     8915.860     8916.190     8916.220
  1960:     8916.910     8917.070     8918.810     8920.000     8921.620
  1965:     8922.730     8922.800     8933.180     8934.540     8934.680
  1970:     8938.510     8938.530     8938.760     8940.000     8940.710
  1975:     8941.270     8943.000     8943.060     8943.280     8947.400
  1980:     8953.280     8954.540     8954.960     8956.350     8956.700
  1985:     8960.710     8967.340     8968.570     8968.610     8968.840
  1990:     8970.550     8970.590     8978.270     8979.490     8979.670
  1995:     8980.020     8981.130     8981.250     8981.400     8981.860
  2000:     8981.970     8982.150     8982.170     8982.450     8982.510
  2005:     8982.630     8982.700     8985.300     8990.090     8995.760
  2010:     8995.950     8996.010     8996.770     8997.090     8998.150
  2015:     8999.640     9003.060     9028.900     9029.270     9029.360
  2020:     9036.130     9036.630     9036.970     9043.430     9043.480
  2025:     9045.300     9046.320     9049.790     9049.840     9049.890
  2030:     9049.990     9051.210     9060.490     9061.030     9081.300
  2035:     9081.540     9086.530     9087.220     9087.830     9088.450
  2040:     9088.520     9089.040     9089.240     9091.260     9093.340
  2045:     9093.510     9094.730     9095.390     9096.610     9104.630
  2050:     9104.810     9105.410     9105.700     9106.720     9107.000
  2055:     9112.720     9112.920     9114.610     9114.800     9116.420
  2060:     9118.070     9119.170     9119.240     9119.540     9121.880
  2065:     9123.370     9123.950     9124.060     9124.730     9125.820
  2070:     9127.630     9127.880     9128.950     9129.030     9138.420
  2075:     9139.000     9140.490     9141.390     9143.160     9146.570
  2080:     9146.760     9146.820     9147.450     9148.460     9148.520
  2085:     9148.830     9150.080     9153.420     9153.980     9154.310
  2090:     9154.380     9154.430     9156.470     9156.760     9157.340
  2095:     9251.570     9251.570     9251.570     9251.580     9251.580
  2100:     9252.560     9252.740     9253.810     9254.160     9254.670
  2105:     9255.130     9257.710     9259.150     9260.000     9260.150
  2110:     9261.570     9261.580     9265.060     9265.390     9270.990
  2115:     9274.390     9275.650     9275.950     9276.000     9276.360
  2120:     9276.390     9276.560     9276.780     9277.370     9278.540
  2125:     9278.880     9279.100     9279.120     9279.170     9279.280
  2130:     9279.860     9280.000     9290.480     9290.790     9291.810
  2135:     9294.090     9295.360     9297.940     9298.750     9298.850
  2140:     9298.990     9299.060     9299.160     9299.360     9299.520
  2145:     9299.710     9299.820     9300.000     9300.520     9300.630
  2150:     9300.720     9300.820     9301.250     9301.430     9301.610
  2155:     9301.750     9304.620     9305.350     9305.490     9306.320
  2160:     9306.460     9307.060     9307.460     9307.500     9307.960
  2165:     9308.160     9308.430     9309.210     9309.430     9309.610
  2170:     9309.770     9309.950     9312.700     9313.000     9322.400
  2175:     9336.930     9338.280     9338.600     9338.880     9339.850
  2180:     9340.040     9340.390     9340.910     9341.000     9341.390
  2185:     9342.120     9778.510     9781.510     9781.550     9782.670
  2190:     9806.900     9807.870     9808.060     9808.660     9809.700
  2195:     9812.570     9812.590     9814.070     9814.900     9815.390
  2200:     9816.070     9816.110     9816.250     9816.390     9816.700
  2205:     9817.630     9817.940     9821.260     9827.020     9827.160
  2210:     9836.810     9837.970     9839.780     9844.820     9845.580
  2215:     9845.690     9846.350     9847.340     9848.990     9850.680
  2220:     9850.760     9851.110     9852.050     9852.150     9853.240
  2225:     9853.480     9853.520     9855.780     9855.970     9856.190
  2230:     9856.270     9857.160     9858.360     9858.570     9858.880
  2235:     9859.310     9859.750     9859.800     9860.880     9861.000
  2240:     9862.500     9862.530     9862.670     9863.710     9887.130
  2245:     9887.210     9887.550     9887.860     9887.960     9895.440
  2250:     9898.130     9898.250     9898.820     9899.010     9899.370
  2255:     9901.800     9902.100     9902.230     9902.440     9902.510
  2260:     9902.630     9902.790     9912.250     9914.050     9914.440
  2265:     9915.940     9915.980     9916.010     9920.570     9921.240
  2270:     9921.560     9922.430     9922.740     9923.280     9923.370
  2275:     9923.560     9923.750     9923.820     9923.900     9924.680
  2280:     9924.770     9925.170     9925.410     9930.390     9930.450
  2285:     9940.510     9940.840     9943.080     9943.170     9943.320
  2290:     9943.510     9944.910     9946.130     9954.290     9954.690
  2295:     9954.930     9955.220     9955.580     9955.950     9965.500
  2300:     9965.730     9966.920     9975.720     9980.420     9983.830
  2305:     9987.540     9997.550     9997.600    10006.000    10006.750
  2310:    10007.080    10007.120    10007.780    10008.070    10009.420
  2315:    10011.130    10011.190    10011.690    10012.520    10013.530
  2320:    10013.650    10013.680    10013.760    10017.340    10017.340
  2325:    10017.340    10017.350    10017.350    10020.630    10020.630
  2330:    10021.230    10021.230    10027.340    10027.350    10060.320
  2335:    10104.610    10192.560    10194.290    10194.380    10194.930
  2340:    10195.160    10196.090    10196.220    10199.660    10200.000
  2345:    10200.400    10200.460    10201.550    10201.680    10204.880
  2350:    10204.930    10264.410    10267.330    10267.980    10268.180
  2355:    10291.250    10291.570    10291.620    10291.810    10292.010
  2360:    10294.040    10294.040    10294.040    10294.050    10294.050
  2365:    10304.040    10304.050    10308.810    10436.940    10437.040
  2370:    10437.460    10715.110    10715.110    10715.110    10715.120
  2375:    10715.120    10718.710    10719.930    10723.940    10725.020
  2380:    10725.110    10725.120    10739.110    10739.150    10741.270
  2385:    10741.320    10742.530    10742.720    10742.980    10743.080
  2390:    10745.930    10748.770    10756.390    10774.210    10791.330
  2395:    10796.750    10800.000
