File: C:\MED-PC IV\DATA\!2025-03-11_08h53m.Subject 57



Start Date: 03/11/25
End Date: 03/11/25
Subject: 57
Experiment: OralFentSA
Group: One
Box: 1
Start Time:  8:53:35
End Time: 11:54:44
MSN: Golden_Liq_SelfAdmin_EXT
F:       0.000
G:     195.000
H:   10800.010
I:       0.000
J:       0.000
K:       0.000
L:       0.000
M:       0.000
N:       0.000
O:       0.000
P:       0.000
Q:       0.000
R:       0.000
S:       0.000
U:       0.000
V:       0.000
W:       0.000
X:       0.000
Y:       0.000
Z:       0.000
A:
     0:        0.000        0.000      180.000        4.000        0.000
     5:        5.000        0.000        5.000        0.000        0.000
    10:        1.000        0.000       10.000 100000000.00       27.000
    15:       22.000      640.000        0.000        0.000        0.000
    20:        0.000
B:
     0:        0.000        0.000        0.000        0.000        0.000
     5:        0.000        0.000        0.000        0.000        0.000
    10:        0.000        0.000     1000.000 10000000000.        0.000
    15:        0.000        0.000        0.000        0.000        0.000
    20:        0.000
C:
     0:        0.000        9.000        0.000       11.000      127.000
     5:    10133.350       54.510        8.000      520.890       65.111
    10:       11.000       10.000        0.000        0.000        0.000
    15:        0.000        0.000        0.000        0.000        0.000
    20:        0.000
D:
     0:        4.640      231.570       81.070       37.580       58.700
     5:       16.800       36.020       54.510
E:
     0:       19.000       11.000       26.000       27.000        6.000
     5:        6.000        2.000        4.000       22.000       24.000
    10:        6.000       19.000       11.000        6.000        6.000
    15:        6.000        6.000        6.000        6.000        6.000
    20:        6.000        6.000        6.000        6.000        6.000
    25:        6.000        6.000        6.000        6.000        6.000
    30:        6.000        6.000        6.000        6.000        6.000
    35:        6.000        6.000        6.000        6.000        6.000
    40:        6.000        6.000        2.000        4.000       22.000
    45:       24.000       19.000       11.000        6.000        6.000
    50:        6.000        6.000        6.000        6.000        6.000
    55:        6.000        6.000        6.000        6.000        6.000
    60:        6.000        6.000        6.000        6.000        6.000
    65:        2.000        4.000       22.000       24.000       19.000
    70:       11.000        6.000        6.000        6.000        6.000
    75:        6.000        6.000        6.000        6.000       23.000
    80:       23.000       23.000        6.000        6.000        6.000
    85:        6.000        6.000        6.000        6.000        6.000
    90:        6.000        6.000        6.000        6.000       23.000
    95:        6.000        6.000        6.000        6.000        6.000
   100:        6.000        6.000        6.000        6.000        6.000
   105:        6.000        6.000        2.000        4.000       22.000
   110:       24.000       19.000       11.000        6.000        6.000
   115:        6.000       23.000        6.000        6.000        6.000
   120:        6.000        6.000        6.000        6.000       23.000
   125:       23.000        6.000        6.000        6.000        6.000
   130:        6.000        6.000        6.000        6.000        6.000
   135:        6.000        6.000        6.000        6.000        2.000
   140:        4.000       22.000       24.000       19.000       11.000
   145:        6.000        6.000        6.000        6.000       23.000
   150:        6.000        6.000        6.000       23.000        2.000
   155:        4.000       22.000       24.000       21.000       22.000
   160:       19.000       11.000        6.000        6.000        6.000
   165:        6.000        6.000        6.000        6.000       23.000
   170:        2.000        4.000       22.000       24.000       21.000
   175:       22.000       19.000       11.000        6.000        6.000
   180:        6.000        6.000        2.000        4.000       22.000
   185:       24.000       21.000       22.000       19.000       11.000
   190:        6.000        6.000        6.000        6.000        6.000
   195:      100.000
T:
     0:        0.000        0.000        0.000        0.000        4.340
     5:        6.950       70.160       70.160       70.160       70.170
    10:       74.810       80.160       80.170       99.670      124.730
    15:      149.950      150.660      150.760      154.700      164.290
    20:      172.660      174.200      174.750      175.000      175.270
    25:      175.320      261.370      262.300      262.410      267.700
    30:      268.390      268.460      268.630      268.700      268.850
    35:      269.670      269.880      269.960      277.760      277.850
    40:      277.870      279.370      434.840      434.840      434.840
    45:      434.850      444.840      444.850      666.420      781.880
    50:      787.320      788.070      788.700      788.930      789.270
    55:      789.330      935.340      935.740      935.790     1119.660
    60:     1119.950     1324.030     1336.850     1339.540     1413.430
    65:     1488.750     1488.750     1488.750     1488.760     1498.750
    70:     1498.760     1569.830     1570.160     1570.660     1627.130
    75:     1627.500     1628.640     1628.660     1628.750     1643.190
    80:     1648.680     1672.310     1802.740     1807.790     1808.690
    85:     1816.260     1827.510     1828.700     2020.990     2026.150
    90:     2026.970     2029.250     2029.890     2030.060     2083.360
    95:     2094.010     2098.130     2730.590     2732.040     2732.110
   100:     2739.990     2769.080     2772.990     2773.010     2773.640
   105:     2843.560     2914.370     3012.830     3012.830     3012.830
   110:     3012.840     3022.830     3022.840     3050.420     3052.340
   115:     3052.800     3096.240     3253.890     3255.790     3255.810
   120:     3257.330     3258.830     3259.480     3259.790     3315.080
   125:     3315.330     3372.360     3582.390     4178.420     4178.970
   130:     4181.930     8645.310     8645.370     8645.490     8645.710
   135:     8648.150     8648.180     8649.970     8654.110     8679.220
   140:     8679.220     8679.220     8679.230     8689.220     8689.230
   145:     8737.930     8738.260     8828.280     8991.030     9319.720
   150:     9335.100     9337.770     9337.870     9457.900     9501.750
   155:     9501.750     9501.750     9501.760     9510.640     9510.640
   160:     9511.750     9511.760     9518.560     9518.650     9519.600
   165:     9533.540     9533.560     9533.780     9567.880     9579.430
   170:     9660.330     9660.330     9660.330     9660.340     9661.320
   175:     9661.320     9670.330     9670.340     9696.360     9699.000
   180:     9699.090     9699.200    10133.340    10133.340    10133.340
   185:    10133.350    10138.880    10138.880    10143.340    10143.350
   190:    10187.860    10219.090    10220.110    10719.420    10725.570
   195:    10800.010
