File: C:\MED-PC\Data\2025-03-25_12h17m_Subject 90.txt


Start Date: 03/25/25
End Date: 03/25/25
Subject: 90
Experiment: OralFentSA
Group: One
Box: 7
Start Time: 12:17:16
End Time: 15:17:42
MSN: Golden_Liq_SelfAdmin_EXT
F:       0.000
G:    1319.000
H:   10800.000
I:       0.000
J:       0.000
K:       0.000
L:       0.000
M:       0.000
N:       0.000
O:       0.000
P:       0.000
Q:       0.000
R:       0.000
S:       0.000
U:       0.000
V:       0.000
W:       0.000
X:       0.000
Y:       0.000
Z:       0.000
A:
     0:        0.000        0.000      180.000        4.000        0.000
     5:        5.000        0.000        5.000        0.000        0.000
    10:        1.000        0.000       10.000   100000.000       22.000
    15:       17.000      600.000        0.000        0.000        0.000
    20:        0.000
B:
     0:        0.000        0.000        0.000        0.000        0.000
     5:        0.000        0.000        0.000        0.000        0.000
    10:        0.000        0.000     1000.000 10000000.000        0.000
    15:        0.000        0.000        0.000        0.000        0.000
    20:        0.000
C:
     0:        0.000       69.000       40.000      109.000      714.000
     5:    10799.580        3.130       58.000     1464.310       25.247
    10:      109.000       40.000        0.000        0.000        0.000
    15:        0.000        0.000        0.000        0.000        0.000
    20:        0.000
D:
     0:       46.190        3.080      109.140        3.380       34.540
     5:      156.810        9.620       50.700        4.300       21.570
    10:        0.730       10.920        2.940       10.560        4.510
    15:        1.180       23.280        6.570       10.660       23.780
    20:        1.980        7.780        3.680       32.340       50.280
    25:       54.320        7.960        2.960       51.830        8.480
    30:        1.800       16.420        0.980      107.640       37.940
    35:       40.520        2.390        5.330       15.630        4.930
    40:       36.260       43.090        4.470       70.580       11.280
    45:        4.290       10.180       34.370       10.470       17.380
    50:       53.260       42.470        6.530       32.230       42.440
    55:       49.310        2.920        3.130
E:
     0:       19.000       11.000       26.000       27.000        1.000
     5:        6.000        6.000        2.000        4.000       22.000
    10:       24.000       12.000       19.000       11.000        6.000
    15:        6.000        6.000        6.000        6.000        1.000
    20:        1.000        1.000        6.000        6.000        6.000
    25:        6.000        6.000        2.000        4.000       22.000
    30:       24.000       12.000       21.000       22.000        6.000
    35:       19.000       11.000        2.000        4.000       22.000
    40:       24.000       12.000       21.000       22.000       19.000
    45:       11.000        6.000        6.000        1.000        2.000
    50:        4.000       22.000       24.000       12.000        6.000
    55:        6.000        6.000        6.000       19.000       11.000
    60:        2.000        4.000       22.000       24.000       12.000
    65:       19.000       11.000        1.000        6.000        6.000
    70:        6.000        6.000        6.000        6.000        6.000
    75:        6.000        6.000        6.000        6.000        2.000
    80:        4.000       22.000       24.000       12.000       19.000
    85:       11.000        6.000        6.000        1.000        6.000
    90:        6.000        6.000        6.000        6.000        6.000
    95:        6.000        2.000        4.000       22.000       24.000
   100:       12.000       21.000       22.000       21.000       22.000
   105:       21.000       22.000       21.000       22.000        6.000
   110:       19.000       11.000        6.000        1.000        1.000
   115:        2.000        4.000       22.000       24.000       12.000
   120:       19.000       11.000        1.000        2.000        4.000
   125:       22.000       24.000       12.000       19.000       11.000
   130:        6.000        6.000        6.000        6.000        6.000
   135:        6.000        6.000        6.000        6.000        6.000
   140:        6.000        2.000        4.000       22.000       24.000
   145:       12.000        6.000        6.000        6.000       19.000
   150:       11.000        6.000        6.000        2.000        4.000
   155:       22.000       24.000       12.000       19.000       11.000
   160:        2.000        4.000       22.000       24.000       12.000
   165:       20.000       19.000       11.000        6.000        6.000
   170:        6.000        6.000        6.000        6.000        6.000
   175:        2.000        4.000       22.000       24.000       12.000
   180:        6.000        6.000        6.000       19.000       11.000
   185:        6.000        6.000        6.000        6.000        6.000
   190:        1.000        1.000        2.000        4.000       22.000
   195:       24.000       12.000       21.000       22.000       19.000
   200:       11.000        2.000        4.000       22.000       24.000
   205:       12.000       19.000       11.000        6.000        6.000
   210:        6.000        6.000        6.000        6.000        6.000
   215:        2.000        4.000       22.000       24.000       12.000
   220:        6.000        6.000        6.000       19.000       11.000
   225:        6.000        6.000        6.000        6.000        6.000
   230:        6.000        6.000        6.000        6.000        6.000
   235:        6.000        6.000        2.000        4.000       22.000
   240:       24.000       12.000       21.000       22.000       21.000
   245:       22.000       19.000       11.000        6.000        6.000
   250:        6.000        6.000        2.000        4.000       22.000
   255:       24.000       12.000       21.000       22.000        6.000
   260:        6.000       19.000       11.000        2.000        4.000
   265:       22.000       24.000       12.000        6.000       19.000
   270:       11.000        2.000        4.000       22.000       24.000
   275:       12.000       21.000       22.000       19.000       11.000
   280:        6.000        6.000        6.000        6.000        6.000
   285:        6.000        6.000        6.000        6.000        6.000
   290:        6.000        6.000        6.000        6.000        6.000
   295:        6.000        6.000        6.000        1.000        2.000
   300:        4.000       22.000       24.000       12.000       19.000
   305:       11.000        2.000        4.000       22.000       24.000
   310:       12.000        6.000       19.000       11.000        6.000
   315:        6.000        6.000        6.000        6.000        6.000
   320:        6.000        6.000        6.000        6.000        6.000
   325:        6.000        6.000        6.000        6.000        6.000
   330:        6.000        6.000        6.000        6.000        6.000
   335:        2.000        4.000       22.000       24.000       12.000
   340:       21.000       22.000       19.000       11.000        6.000
   345:        6.000        6.000        6.000        6.000        6.000
   350:        6.000        6.000        6.000        6.000        6.000
   355:        6.000        6.000        6.000        6.000        6.000
   360:        6.000        6.000        6.000        1.000        6.000
   365:        6.000        6.000        2.000        4.000       22.000
   370:       24.000       12.000       19.000       11.000        6.000
   375:        6.000        2.000        4.000       22.000       24.000
   380:       12.000        6.000        6.000        6.000        6.000
   385:       19.000       11.000        2.000        4.000       22.000
   390:       24.000       12.000       21.000       22.000       21.000
   395:       22.000        6.000        6.000       19.000       11.000
   400:        6.000        6.000        1.000        1.000        6.000
   405:        6.000        6.000        6.000        6.000        6.000
   410:        2.000        4.000       22.000       24.000       12.000
   415:        6.000        6.000       19.000       11.000        6.000
   420:        6.000        6.000        6.000        6.000        6.000
   425:        6.000        6.000        6.000        6.000        6.000
   430:        1.000        2.000        4.000       22.000       24.000
   435:       12.000       19.000       11.000        2.000        4.000
   440:       22.000       24.000       12.000       21.000       22.000
   445:       21.000       22.000       19.000       11.000        2.000
   450:        4.000       22.000       24.000       12.000       19.000
   455:       11.000        6.000        2.000        4.000       22.000
   460:       24.000       12.000       19.000       11.000        6.000
   465:        6.000        6.000        6.000        6.000        6.000
   470:        6.000        6.000        6.000        6.000        6.000
   475:        6.000        6.000        6.000        6.000        6.000
   480:        6.000        6.000        6.000        6.000        6.000
   485:        6.000        6.000        2.000        4.000       22.000
   490:       24.000       12.000       19.000       11.000        6.000
   495:        6.000        6.000        6.000        6.000        6.000
   500:        6.000        2.000        4.000       22.000       24.000
   505:       12.000       21.000       22.000       21.000       22.000
   510:        6.000        6.000       21.000       22.000       19.000
   515:       11.000        6.000        6.000        6.000        6.000
   520:        6.000        6.000        6.000        6.000        6.000
   525:        6.000        6.000        6.000        1.000        1.000
   530:        6.000        2.000        4.000       22.000       24.000
   535:       12.000        6.000        6.000        6.000        6.000
   540:        6.000        6.000        6.000        6.000       19.000
   545:       11.000        2.000        4.000       22.000       24.000
   550:       12.000       21.000       22.000       19.000       11.000
   555:        6.000        6.000        6.000        6.000        6.000
   560:        6.000        6.000        6.000        6.000        6.000
   565:        6.000        6.000        6.000        6.000        6.000
   570:        6.000        2.000        4.000       22.000       24.000
   575:       12.000        6.000        6.000        6.000       19.000
   580:       11.000        2.000        4.000       22.000       24.000
   585:       12.000        6.000       19.000       11.000        2.000
   590:        4.000       22.000       24.000       12.000       19.000
   595:       11.000        1.000        2.000        4.000       22.000
   600:       24.000       12.000       19.000       11.000        6.000
   605:        6.000        6.000        6.000        6.000        6.000
   610:        6.000        6.000        1.000        2.000        4.000
   615:       22.000       24.000       12.000        6.000        6.000
   620:       19.000       11.000        2.000        4.000       22.000
   625:       24.000       12.000       21.000       22.000       21.000
   630:       22.000       21.000       22.000       19.000       11.000
   635:        1.000        6.000        6.000        6.000        6.000
   640:        6.000        6.000        6.000        6.000        6.000
   645:        6.000        6.000        6.000        2.000        4.000
   650:       22.000       24.000       12.000       21.000       22.000
   655:       19.000       11.000        6.000        6.000        6.000
   660:        6.000        6.000        6.000        6.000        2.000
   665:        4.000       22.000       24.000       12.000       19.000
   670:       11.000        2.000        4.000       22.000       24.000
   675:       12.000       21.000       22.000       19.000       11.000
   680:        6.000        6.000        6.000        6.000        6.000
   685:        1.000        6.000        6.000        2.000        4.000
   690:       22.000       24.000       12.000        6.000        6.000
   695:        6.000       19.000       11.000        6.000        1.000
   700:        1.000        6.000        2.000        4.000       22.000
   705:       24.000       12.000        6.000       19.000       11.000
   710:        6.000        6.000        6.000        6.000        6.000
   715:        6.000        6.000        6.000        2.000        4.000
   720:       22.000       24.000       12.000       19.000       11.000
   725:        6.000        6.000        6.000        6.000        6.000
   730:        6.000        2.000        4.000       22.000       24.000
   735:       12.000        6.000       19.000       11.000        6.000
   740:        6.000        6.000        6.000        6.000        6.000
   745:        6.000        6.000        2.000        4.000       22.000
   750:       24.000       12.000       21.000       22.000       19.000
   755:       11.000        2.000        4.000       22.000       24.000
   760:       12.000       19.000       11.000        6.000        6.000
   765:        6.000        6.000        1.000        1.000        1.000
   770:        6.000        2.000        4.000       22.000       24.000
   775:       12.000       19.000       11.000        6.000        6.000
   780:        6.000        6.000        6.000        6.000        6.000
   785:        6.000        6.000        6.000        6.000        6.000
   790:        6.000        6.000        6.000        6.000        6.000
   795:        6.000        6.000        2.000        4.000       22.000
   800:       24.000       12.000       21.000       22.000       21.000
   805:       22.000        6.000        6.000        6.000        6.000
   810:       19.000       11.000        2.000        4.000       22.000
   815:       24.000       12.000       19.000       11.000        6.000
   820:        6.000        6.000        6.000        6.000        6.000
   825:        6.000        6.000        6.000        6.000        6.000
   830:        6.000        6.000        6.000        6.000        6.000
   835:        6.000        6.000        6.000        6.000        6.000
   840:        6.000        6.000        6.000        6.000        1.000
   845:        6.000        6.000        6.000        6.000        6.000
   850:        6.000        6.000        6.000        6.000        6.000
   855:        6.000        6.000        6.000        6.000        6.000
   860:        6.000        6.000        6.000        6.000        6.000
   865:        2.000        4.000       22.000       24.000       12.000
   870:       21.000       22.000       21.000       22.000       19.000
   875:       11.000        6.000        6.000        6.000        2.000
   880:        4.000       22.000       24.000       12.000        6.000
   885:        6.000       19.000       11.000        6.000        6.000
   890:        6.000        6.000        6.000        6.000        6.000
   895:        6.000        6.000        6.000        6.000        6.000
   900:        6.000        6.000        6.000        6.000        6.000
   905:        6.000        6.000        6.000        6.000        6.000
   910:        2.000        4.000       22.000       24.000       12.000
   915:       19.000       11.000        6.000        6.000        6.000
   920:        2.000        4.000       22.000       24.000       12.000
   925:       21.000       22.000       21.000       22.000       21.000
   930:       22.000       19.000       11.000        1.000        6.000
   935:        6.000        6.000        6.000        6.000        6.000
   940:        6.000        6.000        6.000        6.000        6.000
   945:        6.000        6.000        6.000        6.000        6.000
   950:        6.000        6.000        6.000        6.000        6.000
   955:        6.000        6.000        6.000        6.000        6.000
   960:        6.000        6.000        6.000        6.000        6.000
   965:        6.000        6.000        6.000        6.000        6.000
   970:        2.000        4.000       22.000       24.000       12.000
   975:       21.000       22.000       19.000       11.000        6.000
   980:        6.000        6.000        6.000        6.000        6.000
   985:        6.000        6.000        6.000        6.000        6.000
   990:        6.000        6.000        6.000        6.000        6.000
   995:        6.000        6.000        6.000        6.000        6.000
  1000:        6.000        6.000        6.000        6.000        6.000
  1005:        6.000        6.000        6.000        6.000        6.000
  1010:        6.000        6.000        6.000        6.000        6.000
  1015:        6.000        6.000        6.000        6.000        2.000
  1020:        4.000       22.000       24.000       12.000       19.000
  1025:       11.000        6.000        6.000        6.000        6.000
  1030:        1.000        1.000        6.000        6.000        6.000
  1035:        6.000        6.000        6.000        6.000        6.000
  1040:        6.000        6.000        6.000        2.000        4.000
  1045:       22.000       24.000       12.000       19.000       11.000
  1050:        2.000        4.000       22.000       24.000       12.000
  1055:       21.000       22.000       21.000       22.000       19.000
  1060:       11.000        1.000        6.000        6.000        6.000
  1065:        6.000        6.000        6.000        6.000        6.000
  1070:        6.000        6.000        6.000        6.000        6.000
  1075:        6.000        6.000        2.000        4.000       22.000
  1080:       24.000       12.000       21.000       22.000       19.000
  1085:       11.000        1.000        6.000        6.000        6.000
  1090:        6.000        6.000        6.000        6.000        6.000
  1095:        6.000        6.000        6.000        6.000        6.000
  1100:        6.000        6.000        6.000        6.000        6.000
  1105:        6.000        6.000        6.000        6.000        6.000
  1110:        6.000        6.000        6.000        6.000        6.000
  1115:        6.000        6.000        6.000        6.000        6.000
  1120:        6.000        2.000        4.000       22.000       24.000
  1125:       12.000        6.000        6.000       19.000       11.000
  1130:        6.000        6.000        6.000        6.000        6.000
  1135:        6.000        6.000        6.000        6.000        6.000
  1140:        6.000        6.000        6.000        6.000        6.000
  1145:        6.000        6.000        6.000        6.000        6.000
  1150:        6.000        6.000        6.000        1.000        6.000
  1155:        6.000        6.000        6.000        2.000        4.000
  1160:       22.000       24.000       12.000       19.000       11.000
  1165:        1.000        6.000        6.000        6.000        6.000
  1170:        6.000        6.000        6.000        6.000        6.000
  1175:        6.000        6.000        6.000        6.000        6.000
  1180:        6.000        6.000        6.000        6.000        6.000
  1185:        6.000        6.000        6.000        6.000        6.000
  1190:        1.000        1.000        1.000        6.000        6.000
  1195:        6.000        6.000        2.000        4.000       22.000
  1200:       24.000       12.000       21.000       22.000       19.000
  1205:       11.000        6.000        6.000        6.000        6.000
  1210:        6.000        6.000        6.000        6.000        6.000
  1215:        6.000        6.000        6.000        6.000        6.000
  1220:        6.000        6.000        6.000        6.000        6.000
  1225:        6.000        6.000        6.000        6.000        6.000
  1230:        6.000        2.000        4.000       22.000       24.000
  1235:       12.000       21.000       22.000       21.000       22.000
  1240:       19.000       11.000        6.000        6.000        6.000
  1245:        6.000        6.000        6.000        6.000        6.000
  1250:        6.000        6.000        6.000        6.000        6.000
  1255:        6.000        6.000        6.000        6.000        6.000
  1260:        6.000        6.000        6.000        6.000        6.000
  1265:        6.000        6.000        6.000        6.000        6.000
  1270:        6.000        6.000        6.000        6.000        6.000
  1275:        6.000        6.000        6.000        6.000        2.000
  1280:        4.000       22.000       24.000       12.000        6.000
  1285:        6.000       19.000       11.000        6.000        2.000
  1290:        4.000       22.000       24.000       12.000        6.000
  1295:        6.000        6.000       19.000       11.000        6.000
  1300:        6.000        6.000        6.000        6.000        6.000
  1305:        6.000        6.000        6.000        6.000        6.000
  1310:        6.000        6.000        6.000        6.000        2.000
  1315:        4.000       22.000       24.000       12.000      100.000
T:
     0:        0.000        0.000        0.000        0.000        1.270
     5:        9.960       11.300       24.530       24.530       24.530
    10:       24.540       24.540       34.530       34.540       70.730
    15:       70.780       70.830       93.410      107.360      111.180
    20:      111.300      111.360      139.150      139.390      139.470
    25:      139.860      140.190      158.190      158.190      158.190
    30:      158.200      158.200      159.390      159.390      161.280
    35:      168.190      168.200      215.870      215.870      215.870
    40:      215.880      215.880      220.620      220.620      225.870
    45:      225.880      325.020      378.400      387.620      395.710
    50:      395.710      395.710      395.720      395.720      399.100
    55:      399.680      399.710      401.280      405.710      405.720
    60:      407.780      407.780      407.780      407.790      407.790
    65:      417.780      417.790      428.170      442.330      442.900
    70:      444.830      447.110      447.190      447.700      448.610
    75:      475.810      476.020      477.150      488.100      502.480
    80:      502.480      502.480      502.490      502.490      512.480
    85:      512.490      659.300      659.540      666.140      667.600
    90:      667.820      668.910      669.310      677.680      679.910
    95:      680.460      695.340      695.340      695.340      695.350
   100:      695.350      695.810      695.810      696.180      696.180
   105:      698.680      698.680      698.830      698.830      704.970
   110:      705.340      705.350      812.520      829.420      862.730
   115:      866.160      866.160      866.160      866.170      866.170
   120:      876.160      876.170      898.980      970.360      970.360
   125:      970.360      970.370      970.370      980.360      980.370
   130:     1021.070     1022.060     1022.330     1022.810     1101.220
   135:     1105.270     1105.300     1153.230     1153.790     1153.980
   140:     1158.100     1198.290     1198.290     1198.290     1198.300
   145:     1198.300     1202.600     1202.680     1203.110     1208.290
   150:     1208.300     1214.620     1251.540     1368.790     1368.790
   155:     1368.790     1368.800     1368.800     1378.790     1378.800
   160:     1407.760     1407.760     1407.760     1407.770     1407.770
   165:     1413.530     1417.760     1417.770     1429.340     1429.450
   170:     1430.230     1435.830     1502.500     1502.610     1506.480
   175:     1509.770     1509.770     1509.770     1509.780     1509.780
   180:     1510.510     1511.110     1511.470     1519.770     1519.780
   185:     1528.890     1529.780     1529.830     1530.470     1552.370
   190:     1624.300     1637.950     1653.070     1653.070     1653.070
   195:     1653.080     1653.080     1654.320     1654.320     1663.070
   200:     1663.080     1668.740     1668.740     1668.740     1668.750
   205:     1668.750     1678.740     1678.750     1679.670     1688.430
   210:     1713.730     1713.990     1720.900     1721.570     1721.750
   215:     1727.710     1727.710     1727.710     1727.720     1727.720
   220:     1730.660     1732.180     1732.270     1737.710     1737.720
   225:     1777.740     1780.890     1813.300     1815.480     1816.220
   230:     1818.880     1826.240     1882.190     1882.290     1883.020
   235:     1886.850     1887.080     1913.300     1913.300     1913.300
   240:     1913.310     1913.310     1919.970     1919.970     1921.410
   245:     1921.410     1923.300     1923.310     1923.870     1924.150
   250:     1924.500     1925.330     1929.120     1929.120     1929.120
   255:     1929.130     1929.130     1930.240     1930.240     1933.640
   260:     1934.470     1939.120     1939.130     1939.170     1939.170
   265:     1939.170     1939.180     1939.180     1940.360     1949.170
   270:     1949.180     1951.430     1951.430     1951.430     1951.440
   275:     1951.440     1951.530     1951.530     1961.430     1961.440
   280:     1974.720     1975.530     1975.610     1976.160     1977.100
   285:     1984.350     1984.750     1985.900     1986.060     1986.220
   290:     1986.400     2045.920     2046.040     2111.020     2111.290
   295:     2111.720     2116.840     2158.050     2167.880     2197.880
   300:     2197.880     2197.880     2197.890     2197.890     2207.880
   305:     2207.890     2209.970     2209.970     2209.970     2209.980
   310:     2209.980     2216.550     2219.970     2219.980     2234.900
   315:     2245.450     2245.940     2245.970     2294.360     2294.460
   320:     2360.460     2373.110     2373.200     2467.700     2469.260
   325:     2473.920     2474.020     2476.940     2477.470     2477.620
   330:     2478.010     2478.090     2478.140     2478.690     2529.430
   335:     2534.630     2534.630     2534.630     2534.640     2534.640
   340:     2536.630     2536.630     2544.630     2544.640     2545.300
   345:     2545.670     2569.840     2665.800     2668.920     2670.350
   350:     2670.500     2707.720     2708.130     2712.120     2718.060
   355:     2720.770     2720.820     2720.910     2721.330     2721.480
   360:     2721.620     2722.030     2722.220     2734.340     2745.520
   365:     2749.570     2772.720     2847.850     2847.850     2847.850
   370:     2847.860     2847.860     2857.850     2857.860     2871.640
   375:     2872.410     2873.630     2873.630     2873.630     2873.640
   380:     2873.640     2875.620     2876.090     2877.550     2880.470
   385:     2883.630     2883.640     2883.820     2883.820     2883.820
   390:     2883.830     2883.830     2886.660     2886.660     2888.530
   395:     2888.530     2891.610     2891.760     2893.820     2893.830
   400:     2945.780     2961.470     3043.030     3045.930     3052.890
   405:     3093.490     3094.600     3095.000     3124.530     3146.450
   410:     3147.760     3147.760     3147.760     3147.770     3147.770
   415:     3151.450     3151.690     3157.760     3157.770     3287.970
   420:     3289.460     3289.480     3289.950     3290.020     3310.790
   425:     3312.140     3312.720     3313.470     3371.080     3379.340
   430:     3414.690     3423.570     3423.570     3423.570     3423.580
   435:     3423.580     3433.570     3433.580     3447.740     3447.740
   440:     3447.740     3447.750     3447.750     3450.400     3450.400
   445:     3456.340     3456.340     3457.740     3457.750     3464.170
   450:     3464.170     3464.170     3464.180     3464.180     3474.170
   455:     3474.180     3496.520     3582.150     3582.150     3582.150
   460:     3582.160     3582.160     3592.150     3592.160     3632.440
   465:     3632.530     3638.230     3638.560     3638.620     3639.490
   470:     3639.710     3641.750     3641.880     3641.940     3643.200
   475:     3643.300     3643.350     3645.330     3645.550     3645.670
   480:     3646.890     3647.190     3653.620     3684.520     3684.580
   485:     3684.840     3707.410     3716.100     3716.100     3716.100
   490:     3716.110     3716.110     3726.100     3726.110     3770.430
   495:     3779.030     3780.010     3783.990     3787.480     3787.930
   500:     3788.290     3790.740     3790.740     3790.740     3790.750
   505:     3790.750     3791.890     3791.890     3795.200     3795.200
   510:     3798.710     3799.110     3800.560     3800.560     3800.740
   515:     3800.750     3912.840     3913.870     3921.090     3922.720
   520:     3922.820     3922.910     3923.010     3923.090     3928.080
   525:     3929.550     3933.880     3934.190     3978.120     3978.930
   530:     3984.280     4020.050     4020.050     4020.050     4020.060
   535:     4020.060     4023.020     4023.340     4023.460     4024.900
   540:     4025.560     4025.670     4025.710     4026.090     4030.050
   545:     4030.060     4099.060     4099.060     4099.060     4099.070
   550:     4099.070     4101.450     4101.450     4109.060     4109.070
   555:     4150.900     4155.670     4157.250     4157.440     4157.510
   560:     4157.620     4162.460     4162.910     4165.980     4166.280
   565:     4166.330     4166.500     4166.610     4167.220     4229.660
   570:     4248.710     4293.470     4293.470     4293.470     4293.480
   575:     4293.480     4301.960     4302.180     4302.700     4303.470
   580:     4303.480     4304.440     4304.440     4304.440     4304.450
   585:     4304.450     4306.250     4314.440     4314.450     4329.010
   590:     4329.010     4329.010     4329.020     4329.020     4339.010
   595:     4339.020     4381.050     4429.640     4429.640     4429.640
   600:     4429.650     4429.650     4439.640     4439.650     4446.070
   605:     4484.830     4485.570     4486.880     4537.110     4539.610
   610:     4540.060     4540.120     4590.600     4608.230     4608.230
   615:     4608.230     4608.240     4608.240     4609.220     4609.810
   620:     4618.230     4618.240     4632.850     4632.850     4632.850
   625:     4632.860     4632.860     4633.210     4633.210     4637.410
   630:     4637.410     4638.110     4638.110     4642.850     4642.860
   635:     4732.960     4740.500     4740.570     4740.650     4746.800
   640:     4746.940     4749.000     4749.790     4752.550     4755.080
   645:     4755.170     4755.260     4755.470     4768.890     4768.890
   650:     4768.890     4768.900     4768.900     4775.460     4775.460
   655:     4778.890     4778.900     4806.840     4855.700     4858.620
   660:     4858.680     4858.790     4859.030     4862.080     4867.330
   665:     4867.330     4867.330     4867.340     4867.340     4877.330
   670:     4877.340     5003.410     5003.410     5003.410     5003.420
   675:     5003.420     5004.320     5004.320     5013.410     5013.420
   680:     5043.940     5044.130     5044.610     5045.060     5057.410
   685:     5084.100     5109.860     5110.480     5114.760     5114.760
   690:     5114.760     5114.770     5114.770     5117.160     5117.610
   695:     5118.180     5124.760     5124.770     5129.240     5146.580
   700:     5150.400     5172.460     5179.410     5179.410     5179.410
   705:     5179.420     5179.420     5184.750     5189.410     5189.420
   710:     5189.980     5190.980     5235.480     5235.510     5267.990
   715:     5268.260     5281.780     5325.830     5382.330     5382.330
   720:     5382.330     5382.340     5382.340     5392.330     5392.340
   725:     5397.970     5420.790     5430.300     5430.320     5563.200
   730:     5747.260     5804.280     5804.280     5804.280     5804.290
   735:     5804.290     5809.220     5814.280     5814.290     5847.560
   740:     5847.940     5849.120     5849.440     5849.790     5866.310
   745:     5886.220     5894.050     5936.420     5936.420     5936.420
   750:     5936.430     5936.430     5940.220     5940.220     5946.420
   755:     5946.430     6046.270     6046.270     6046.270     6046.280
   760:     6046.280     6056.270     6056.280     6082.540     6088.260
   765:     6088.910     6090.000     6164.060     6167.020     6170.790
   770:     6190.830     6198.240     6198.240     6198.240     6198.250
   775:     6198.250     6208.240     6208.250     6241.340     6241.990
   780:     6242.720     6282.380     6359.890     6360.950     6363.490
   785:     6363.790     6364.010     6364.090     6364.130     6364.410
   790:     6393.960     6416.250     6416.410     6661.560     6665.710
   795:     6668.120     6668.150     6672.920     6672.920     6672.920
   800:     6672.930     6672.930     6674.060     6674.060     6675.140
   805:     6675.140     6677.400     6677.510     6677.870     6678.260
   810:     6682.920     6682.930     6701.470     6701.470     6701.470
   815:     6701.480     6701.480     6711.470     6711.480     6772.060
   820:     6783.920     6810.080     6810.530     6810.970     6811.820
   825:     6838.670     6840.260     6840.800     6840.890     6840.970
   830:     6841.410     6876.540     6876.690     6881.930     6894.430
   835:     6954.950     7118.080     7118.830     7133.370     7133.840
   840:     7134.810     7135.200     7135.360     7135.600     7195.500
   845:     7210.890     7212.610     7212.900     7213.020     7214.280
   850:     7214.840     7215.080     7229.640     7284.900     7284.960
   855:     7285.180     7285.240     7286.370     7286.520     7287.840
   860:     7292.700     7293.220     7293.580     7300.050     7300.260
   865:     7304.300     7304.300     7304.300     7304.310     7304.310
   870:     7305.730     7305.730     7308.660     7308.660     7314.300
   875:     7314.310     7315.590     7316.450     7328.270     7342.470
   880:     7342.470     7342.470     7342.480     7342.480     7346.770
   885:     7347.250     7352.470     7352.480     7399.330     7421.800
   890:     7520.900     7521.390     7522.230     7522.850     7535.160
   895:     7535.470     7536.380     7538.140     7538.220     7538.320
   900:     7538.370     7538.640     7544.350     7545.600     7564.440
   905:     7661.820     7662.800     7684.490     7684.520     7731.140
   910:     7735.890     7735.890     7735.890     7735.900     7735.900
   915:     7745.890     7745.900     7746.080     7750.470     7759.730
   920:     7761.200     7761.200     7761.200     7761.210     7761.210
   925:     7762.360     7762.360     7762.620     7762.620     7765.780
   930:     7765.780     7771.200     7771.210     7776.430     7795.580
   935:     7798.150     7798.170     7798.230     7798.720     7798.800
   940:     7799.260     7805.530     7836.550     7881.730     7882.320
   945:     7887.660     7888.360     7888.520     7888.760     7891.790
   950:     7891.890     7892.290     7894.200     7926.880     7927.130
   955:     7945.030     7945.330     7945.970     7946.040     7969.880
   960:     7971.960     7981.300     7985.270     7985.910     7987.050
   965:     7987.590     7987.610     7988.740     7993.080     7997.920
   970:     7998.890     7998.890     7998.890     7998.900     7998.900
   975:     7999.200     7999.200     8008.890     8008.900     8009.370
   980:     8040.190     8042.660     8042.840     8061.570     8072.890
   985:     8118.360     8133.090     8155.400     8155.890     8168.340
   990:     8168.920     8184.840     8185.150     8185.740     8185.840
   995:     8186.230     8186.430     8186.490     8193.640     8194.590
  1000:     8369.720     8442.630     8444.180     8444.870     8481.750
  1005:     8482.590     8482.970     8483.040     8484.280     8487.060
  1010:     8487.220     8487.310     8487.690     8488.360     8495.210
  1015:     8495.400     8495.540     8495.680     8496.240     8505.710
  1020:     8505.710     8505.710     8505.720     8505.720     8515.710
  1025:     8515.720     8523.100     8523.160     8523.810     8525.270
  1030:     8548.530     8551.690     8567.090     8574.520     8576.380
  1035:     8576.470     8576.500     8576.560     8577.130     8594.360
  1040:     8598.210     8598.430     8600.390     8619.770     8619.770
  1045:     8619.770     8619.780     8619.780     8629.770     8629.780
  1050:     8631.170     8631.170     8631.170     8631.180     8631.180
  1055:     8633.790     8633.790     8637.370     8637.370     8641.170
  1060:     8641.180     8677.970     8684.440     8713.310     8725.260
  1065:     8733.570     8733.630     8733.880     8744.840     8747.890
  1070:     8748.290     8760.040     8764.800     8766.160     8771.560
  1075:     8771.790     8771.960     8773.340     8773.340     8773.340
  1080:     8773.350     8773.350     8781.330     8781.330     8783.340
  1085:     8783.350     8807.220     8815.820     8816.160     8817.260
  1090:     8824.170     8824.420     8824.610     8834.290     8834.470
  1095:     8836.550     8942.840     8943.310     8951.560     8951.720
  1100:     8952.050     9017.650     9024.440     9025.070     9025.110
  1105:     9025.500     9025.980     9027.490     9027.760     9048.050
  1110:     9079.320     9079.640     9079.970     9080.220     9086.780
  1115:     9087.370     9112.050     9112.200     9112.550     9112.910
  1120:     9125.650     9139.290     9139.290     9139.290     9139.300
  1125:     9139.300     9145.830     9146.090     9149.290     9149.300
  1130:     9200.980     9205.760     9207.150     9235.070     9270.970
  1135:     9275.850     9276.330     9276.770     9276.860     9276.950
  1140:     9277.750     9278.410     9278.740     9278.890     9282.220
  1145:     9282.490     9282.790     9289.420     9290.180     9290.540
  1150:     9291.980     9292.460     9293.390     9319.290     9357.390
  1155:     9357.500     9357.680     9357.770     9397.380     9397.380
  1160:     9397.380     9397.390     9397.390     9407.380     9407.390
  1165:     9422.370     9429.620     9430.420     9430.580     9431.170
  1170:     9431.660     9435.250     9435.430     9435.540     9435.750
  1175:     9441.820     9442.320     9444.820     9444.880     9445.320
  1180:     9445.420     9445.510     9445.600     9447.470     9447.780
  1185:     9448.340     9448.460     9448.680     9457.290     9480.730
  1190:     9491.350     9502.050     9507.450     9526.930     9532.560
  1195:     9559.720     9576.730     9601.940     9601.940     9601.940
  1200:     9601.950     9601.950     9602.260     9602.260     9611.940
  1205:     9611.950     9644.390     9661.070     9759.060     9818.520
  1210:     9819.140     9819.200     9819.280     9819.530     9836.580
  1215:     9837.170     9837.720     9856.750     9858.380     9858.890
  1220:     9867.360     9867.980     9868.030     9868.110     9880.870
  1225:     9895.280     9895.830     9896.110     9896.220     9896.290
  1230:     9896.390     9910.410     9910.410     9910.410     9910.420
  1235:     9910.420     9914.980     9914.980     9918.340     9918.340
  1240:     9920.410     9920.420     9959.730    10078.660    10079.770
  1245:    10092.890    10094.300    10095.330    10102.760    10175.060
  1250:    10175.580    10175.700    10175.880    10176.080    10184.930
  1255:    10185.280    10187.130    10195.390    10195.700    10209.930
  1260:    10210.650    10267.360    10267.790    10269.540    10359.540
  1265:    10361.280    10362.500    10381.920    10424.990    10425.060
  1270:    10425.400    10425.470    10487.170    10487.460    10488.090
  1275:    10570.150    10579.090    10579.550    10579.710    10671.840
  1280:    10671.840    10671.840    10671.850    10671.850    10674.770
  1285:    10676.080    10681.840    10681.850    10684.240    10757.700
  1290:    10757.700    10757.700    10757.710    10757.710    10760.840
  1295:    10766.830    10767.670    10767.700    10767.710    10768.050
  1300:    10768.240    10768.380    10777.780    10779.320    10779.980
  1305:    10780.410    10780.700    10781.130    10782.350    10787.530
  1310:    10792.920    10793.050    10793.280    10793.400    10799.570
  1315:    10799.570    10799.570    10799.580    10799.580    10800.000
