File: C:\MED-PC IV\DATA\!2025-03-14_09h11m.Subject 59



Start Date: 03/14/25
End Date: 03/14/25
Subject: 59
Experiment: OralFentSA
Group: One
Box: 3
Start Time:  9:11:57
End Time: 12:12:11
MSN: Golden_Liq_SelfAdmin_EXT
F:       0.000
G:     685.000
H:   10800.010
I:       0.000
J:       0.000
K:       0.000
L:       0.000
M:       0.000
N:       0.000
O:       0.000
P:       0.000
Q:       0.000
R:       0.000
S:       0.000
U:       0.000
V:       0.000
W:       0.000
X:       0.000
Y:       0.000
Z:       0.000
A:
     0:        0.000        0.000      180.000        4.000        0.000
     5:        5.000        0.000        5.000        0.000        0.000
    10:        1.000        0.000       10.000 100000000.00       29.000
    15:       25.000      640.000        0.000        0.000        0.000
    20:        0.000
B:
     0:        0.000        0.000        0.000        0.000        0.000
     5:        0.000        0.000        0.000        0.000        0.000
    10:        0.000        0.000     1000.000 10000000000.        0.000
    15:        0.000        0.000        0.000        0.000        0.000
    20:        0.000
C:
     0:        0.000        5.000        0.000        4.000      648.000
     5:     9136.560       25.400        4.000      194.910       48.727
    10:        4.000        9.000        0.000        0.000        0.000
    15:        0.000        0.000        0.000        0.000        0.000
    20:        0.000
D:
     0:       15.110      130.590       23.810       25.400
E:
     0:       19.000       11.000       26.000       27.000        6.000
     5:        6.000        6.000        6.000        6.000        6.000
    10:        6.000        6.000        6.000        6.000        6.000
    15:        6.000        6.000        6.000        6.000        6.000
    20:        6.000        6.000        6.000        6.000        6.000
    25:        6.000        6.000        6.000        6.000        6.000
    30:        6.000        6.000        6.000        6.000       23.000
    35:       23.000       23.000        6.000        6.000        6.000
    40:        6.000        6.000        6.000        6.000        6.000
    45:        6.000        6.000        6.000        6.000        6.000
    50:        6.000        6.000        6.000        6.000       23.000
    55:       23.000       23.000       23.000        6.000        6.000
    60:        6.000        6.000        6.000        6.000        6.000
    65:        6.000        6.000        6.000        6.000        6.000
    70:        6.000        6.000        6.000        6.000        6.000
    75:        6.000        6.000        6.000        6.000        6.000
    80:        6.000        6.000        6.000        6.000        6.000
    85:        6.000        6.000        6.000        6.000        6.000
    90:        6.000        6.000        6.000        6.000        6.000
    95:        6.000        6.000        6.000        6.000        6.000
   100:        6.000        6.000        6.000        6.000        6.000
   105:        6.000        6.000        6.000        6.000        6.000
   110:        6.000        6.000        6.000        6.000        6.000
   115:        6.000        6.000        6.000        6.000        6.000
   120:        6.000        6.000        6.000        6.000        6.000
   125:        6.000        6.000        6.000        6.000        6.000
   130:        6.000        6.000        6.000        6.000        6.000
   135:        6.000        6.000        6.000        6.000        6.000
   140:        6.000        6.000        6.000        6.000        6.000
   145:        6.000        6.000        6.000        6.000        6.000
   150:        6.000        6.000        6.000        6.000        6.000
   155:        6.000       23.000        6.000        6.000        6.000
   160:        6.000        6.000        6.000        6.000        6.000
   165:        6.000        6.000        6.000        6.000        6.000
   170:        6.000        6.000        2.000        4.000       22.000
   175:       24.000       19.000       11.000        6.000        6.000
   180:        6.000        2.000        4.000       22.000       24.000
   185:       19.000       11.000        6.000        6.000        6.000
   190:        6.000        6.000        6.000        6.000        6.000
   195:        6.000        6.000        6.000        6.000        6.000
   200:        6.000        6.000        6.000        6.000        6.000
   205:        6.000        6.000        2.000        4.000       22.000
   210:       24.000       19.000       11.000        6.000        6.000
   215:        6.000        6.000        6.000        6.000        6.000
   220:        6.000        6.000        6.000        6.000        6.000
   225:        6.000        6.000        6.000        6.000        6.000
   230:        6.000        6.000        6.000        6.000        6.000
   235:        6.000        6.000        6.000        6.000        6.000
   240:        6.000        6.000        6.000        6.000        6.000
   245:        6.000        6.000        6.000        6.000        6.000
   250:        6.000        6.000        6.000        6.000        6.000
   255:        6.000        6.000        6.000        6.000        6.000
   260:        6.000        6.000        6.000        6.000        6.000
   265:        6.000        6.000        6.000        6.000        6.000
   270:        6.000        6.000        6.000        6.000        6.000
   275:        6.000        6.000        6.000        6.000        6.000
   280:        6.000        6.000        6.000        6.000        6.000
   285:        6.000        6.000        6.000        6.000        6.000
   290:        6.000        6.000        6.000        6.000        6.000
   295:        6.000        6.000        6.000        6.000        6.000
   300:        6.000        6.000        6.000        6.000        6.000
   305:        6.000        6.000        6.000        6.000        6.000
   310:        6.000        6.000        6.000        6.000        6.000
   315:        6.000        6.000        6.000        6.000        6.000
   320:        6.000        6.000        6.000        6.000        6.000
   325:        6.000        6.000        6.000        6.000        6.000
   330:        6.000        6.000        6.000        6.000        6.000
   335:        6.000        6.000        6.000        6.000        6.000
   340:        6.000        6.000        6.000        6.000        6.000
   345:        6.000        6.000        6.000        6.000        6.000
   350:        6.000        6.000        6.000        6.000        6.000
   355:        6.000        6.000        6.000        6.000        6.000
   360:        6.000        6.000        6.000        6.000        6.000
   365:        6.000        6.000        6.000        6.000        6.000
   370:        6.000        6.000        6.000        6.000        6.000
   375:        6.000        6.000        6.000        6.000        6.000
   380:        6.000        6.000        6.000        6.000        6.000
   385:        6.000        6.000        6.000        6.000        6.000
   390:        6.000        6.000        6.000        6.000        2.000
   395:        4.000       22.000       24.000       19.000       11.000
   400:        6.000        6.000        6.000        6.000        6.000
   405:        6.000        6.000        6.000        6.000        6.000
   410:        6.000        6.000        6.000        6.000        6.000
   415:        6.000        6.000        6.000        6.000        6.000
   420:        6.000        6.000        6.000        6.000        6.000
   425:        6.000        6.000        6.000        6.000        6.000
   430:        6.000        6.000        6.000        6.000        6.000
   435:        6.000        6.000        6.000        6.000        6.000
   440:        6.000        6.000        6.000        6.000        6.000
   445:        6.000        6.000        6.000        6.000        6.000
   450:        6.000        6.000        6.000        6.000        6.000
   455:        6.000        6.000        6.000        6.000        6.000
   460:        6.000        6.000        6.000        6.000        6.000
   465:        6.000        6.000        6.000        6.000        6.000
   470:        6.000       23.000        6.000        6.000        6.000
   475:        6.000        6.000        6.000        6.000        6.000
   480:        6.000        6.000        6.000        6.000        6.000
   485:        6.000        6.000        6.000        6.000        6.000
   490:        6.000        6.000        6.000        6.000        6.000
   495:        6.000        6.000        6.000        6.000        6.000
   500:        6.000        6.000        6.000        6.000        6.000
   505:        6.000        6.000        6.000        6.000        6.000
   510:        6.000        6.000        6.000        6.000        6.000
   515:        6.000        6.000        6.000        6.000        6.000
   520:        6.000        6.000        6.000        6.000        6.000
   525:        6.000        6.000        6.000        6.000        6.000
   530:        6.000        6.000        6.000        6.000        6.000
   535:        6.000        6.000        6.000        6.000        6.000
   540:        6.000        6.000        6.000        6.000        6.000
   545:        6.000        6.000        6.000        6.000        6.000
   550:        6.000        6.000        6.000        6.000        6.000
   555:        6.000        6.000        6.000        6.000        6.000
   560:        6.000        6.000        6.000        6.000        6.000
   565:        6.000        6.000        6.000        6.000        6.000
   570:        6.000        6.000        6.000        6.000        6.000
   575:        6.000        6.000        6.000        6.000        6.000
   580:        6.000        6.000        6.000        6.000        6.000
   585:        6.000        6.000        6.000        6.000        6.000
   590:        6.000        6.000        6.000        6.000        6.000
   595:        6.000        6.000        6.000        6.000        6.000
   600:        6.000        6.000        6.000        6.000        6.000
   605:        6.000        6.000        6.000        6.000        6.000
   610:        6.000        6.000        6.000        6.000        6.000
   615:        6.000        6.000        6.000        6.000        6.000
   620:        6.000        6.000        6.000        6.000        6.000
   625:        6.000        6.000        6.000        6.000        6.000
   630:        6.000        6.000        6.000        6.000        6.000
   635:        6.000        6.000        6.000        6.000        6.000
   640:        6.000        6.000        6.000        6.000        6.000
   645:        6.000        6.000        6.000        6.000        6.000
   650:        6.000        6.000        6.000        6.000        6.000
   655:        6.000        6.000        6.000        6.000        6.000
   660:        6.000        6.000        6.000        6.000        6.000
   665:        6.000        6.000        6.000        6.000        6.000
   670:        6.000        6.000        6.000        6.000        6.000
   675:        6.000        6.000        6.000        6.000        6.000
   680:        6.000        6.000        6.000        6.000        6.000
   685:      100.000
T:
     0:        0.000        0.000        0.000        0.000       33.060
     5:      104.410      136.360      136.540      137.060      174.540
    10:      226.080      234.470      238.840      238.910      239.000
    15:      242.400      244.560      246.010      256.070      256.080
    20:      303.100      326.920      349.770      490.210      550.240
    25:      550.540      573.470      599.110      599.130      600.690
    30:      634.710      636.770      636.800      637.060      648.690
    35:      652.450      654.440      669.340      705.560      705.770
    40:      706.170      706.280      708.220      709.060      709.260
    45:      710.210      710.540      710.660      710.720      711.410
    50:      713.050      713.690      715.990      716.240      873.840
    55:      874.440      889.350      932.090     1795.190     1806.110
    60:     1904.660     1904.760     1921.530     1926.430     1944.560
    65:     1985.480     1985.890     1990.170     1993.900     1994.350
    70:     1994.570     1994.690     1994.790     1998.510     1998.970
    75:     2037.150     4120.270     4564.930     4565.610     4921.380
    80:     4984.330     4984.350     5020.220     5022.260     5022.420
    85:     5022.470     5022.520     5022.580     5085.280     5092.070
    90:     5092.320     5173.160     5255.310     5255.370     5255.530
    95:     5255.610     5255.650     5256.040     5257.650     5259.500
   100:     5286.720     5286.760     5286.910     5369.270     5395.470
   105:     5401.460     5455.830     5460.170     5460.230     5461.710
   110:     5461.790     5462.240     5472.840     5472.990     5475.260
   115:     5475.670     5479.700     5479.910     5479.940     5482.220
   120:     5482.430     5482.520     5482.550     5482.910     5486.630
   125:     5527.720     5533.700     5639.800     5639.980     5670.580
   130:     5750.970     5751.450     5754.120     5790.120     5793.740
   135:     5799.890     5847.110     5847.380     5898.190     5969.360
   140:     5969.400     5969.430     5969.470     5969.530     5970.050
   145:     5972.730     5972.830     5972.890     5972.930     5973.010
   150:     5973.220     5973.840     6042.790     6043.560     6043.800
   155:     6044.970     6156.060     6177.560     6187.540     6187.620
   160:     6344.130     6344.190     6405.520     6406.220     6423.390
   165:     6429.490     6430.970     6432.880     6434.400     6465.240
   170:     6482.740     6510.870     6517.650     6517.650     6517.650
   175:     6517.660     6527.650     6527.660     6532.770     6561.520
   180:     6570.780     6587.950     6587.950     6587.950     6587.960
   185:     6597.950     6597.960     6718.550     6722.800     6722.900
   190:     6722.950     6724.440     7259.430     7264.230     7267.690
   195:     7267.780     7267.880     7267.960     7268.020     7270.360
   200:     7270.980     7271.120     7299.530     7300.920     7310.500
   205:     7366.910     7434.540     7474.130     7474.130     7474.130
   210:     7474.140     7484.130     7484.140     7497.950     7500.050
   215:     7500.500     7502.730     7503.800     7503.850     7503.960
   220:     7505.080     7604.910     7608.580     7608.970     7609.070
   225:     7609.160     7616.310     7616.500     7616.560     7616.670
   230:     7620.310     7620.580     7621.280     7621.330     7622.490
   235:     7622.750     7622.950     7623.020     7626.030     7627.350
   240:     7627.690     7627.720     7627.770     7627.810     7629.220
   245:     7629.240     7629.280     7629.320     7630.140     7631.400
   250:     7631.570     7631.620     7631.730     7633.250     7633.670
   255:     7633.770     7634.940     7634.970     7635.130     7648.320
   260:     7654.120     7657.930     7661.000     7786.730     7792.630
   265:     7795.080     7795.540     7801.000     7801.380     7801.650
   270:     7804.590     7823.020     7829.020     7829.140     7831.680
   275:     7831.950     7832.180     7833.980     7834.380     7834.400
   280:     7835.280     7835.350     7835.390     7835.480     7835.890
   285:     7836.140     7837.280     7837.540     7840.980     7841.430
   290:     7841.660     7842.140     7879.820     7924.600     7929.970
   295:     8089.560     8094.770     8095.780     8095.850     8099.050
   300:     8099.110     8101.330     8101.450     8102.100     8238.730
   305:     8278.410     8278.550     8294.030     8294.490     8297.300
   310:     8297.350     8297.540     8298.090     8300.050     8300.650
   315:     8300.980     8303.350     8304.750     8309.190     8309.380
   320:     8309.650     8309.920     8310.120     8310.330     8397.660
   325:     8398.070     8399.130     8399.890     8401.630     8402.340
   330:     8406.430     8408.580     8409.170     8409.710     8409.900
   335:     8411.700     8412.190     8412.940     8413.010     8413.110
   340:     8414.030     8415.830     8416.290     8416.440     8417.060
   345:     8417.620     8417.950     8437.750     8437.780     8438.270
   350:     8438.980     8440.270     8440.330     8440.460     8440.500
   355:     8440.660     8441.760     8441.960     8442.300     8444.120
   360:     8444.480     8444.500     8445.230     8445.280     8445.310
   365:     8445.710     8446.670     8446.750     8446.840     8446.890
   370:     8447.010     8462.790     8463.390     8464.650     8464.890
   375:     8464.960     8465.710     8467.320     8550.740     8567.550
   380:     8570.070     8570.160     8570.290     8571.960     8594.070
   385:     8594.350     8594.520     8614.570     8614.630     8976.550
   390:     9102.820     9102.940     9102.980     9103.810     9136.550
   395:     9136.550     9136.550     9136.560     9146.550     9146.560
   400:     9161.960     9162.540     9163.770     9164.150     9164.970
   405:     9185.600     9190.930     9190.980     9203.470     9203.500
   410:     9203.930     9204.810     9204.950     9206.980     9207.070
   415:     9207.280     9208.930     9209.540     9210.640     9210.890
   420:     9212.090     9213.790     9214.060     9214.430     9214.500
   425:     9214.760     9215.320     9215.720     9215.840     9215.960
   430:     9216.890     9217.670     9218.430     9218.860     9219.290
   435:     9220.150     9220.640     9220.920     9233.930     9249.700
   440:     9249.930     9256.980     9370.420     9373.210     9375.390
   445:     9379.720     9380.280     9382.110     9382.420     9382.640
   450:     9384.360     9385.810     9385.980     9386.120     9386.270
   455:     9386.590     9392.810     9396.820     9396.990     9397.680
   460:     9397.900     9398.170     9398.790     9399.310     9399.360
   465:     9399.620     9399.680     9401.240     9402.360     9403.410
   470:     9404.080     9495.940     9579.680     9598.180     9599.440
   475:     9599.970     9600.200     9600.390     9600.470     9601.370
   480:     9601.470     9601.550     9601.580     9601.670     9603.040
   485:     9603.100     9603.190     9603.240     9604.590     9604.760
   490:     9605.060     9605.990     9606.080     9606.190     9606.420
   495:     9606.450     9606.510     9630.760     9630.890     9630.970
   500:     9633.030     9633.090     9633.320     9633.350     9717.330
   505:     9719.920     9728.680     9806.970     9820.150     9835.120
   510:     9840.080     9840.590     9840.910     9841.040     9842.670
   515:     9881.750    10290.290    10315.040    10315.100    10316.040
   520:    10316.120    10316.730    10316.910    10318.520    10319.790
   525:    10319.890    10320.360    10323.410    10323.650    10324.310
   530:    10325.570    10326.020    10326.250    10326.600    10326.900
   535:    10368.830    10369.160    10369.430    10372.430    10372.540
   540:    10372.570    10373.090    10463.730    10463.920    10464.520
   545:    10468.380    10469.100    10469.740    10470.460    10470.600
   550:    10470.720    10474.420    10474.570    10474.870    10474.950
   555:    10474.960    10476.090    10476.330    10476.410    10476.880
   560:    10476.950    10477.420    10477.490    10477.620    10479.460
   565:    10480.040    10484.220    10484.320    10484.360    10485.530
   570:    10485.590    10521.860    10522.040    10522.450    10523.650
   575:    10524.480    10524.760    10525.000    10525.360    10525.440
   580:    10569.520    10569.690    10569.710    10573.460    10573.510
   585:    10577.470    10580.890    10616.570    10616.930    10618.150
   590:    10618.190    10618.290    10618.590    10619.070    10619.110
   595:    10619.250    10619.320    10619.510    10620.150    10620.700
   600:    10622.990    10623.250    10623.390    10624.450    10624.730
   605:    10624.750    10624.990    10625.470    10625.570    10626.690
   610:    10629.570    10629.670    10630.680    10631.110    10631.290
   615:    10631.750    10632.210    10632.600    10635.260    10635.280
   620:    10635.340    10635.430    10636.360    10637.190    10637.270
   625:    10637.520    10637.940    10637.990    10638.340    10712.370
   630:    10712.450    10712.580    10712.930    10713.050    10713.110
   635:    10713.570    10714.030    10714.620    10714.870    10715.160
   640:    10715.810    10716.230    10716.280    10717.900    10718.090
   645:    10718.160    10718.230    10718.670    10719.050    10719.150
   650:    10721.580    10722.080    10722.460    10723.090    10723.250
   655:    10723.920    10724.180    10725.600    10726.020    10738.010
   660:    10738.330    10743.270    10744.690    10745.740    10746.480
   665:    10746.670    10747.620    10747.850    10756.540    10756.550
   670:    10756.620    10756.780    10756.830    10757.390    10757.900
   675:    10758.000    10796.980    10796.990    10797.040    10797.070
   680:    10797.850    10797.870    10797.910    10797.960    10799.300
   685:    10800.010
