File: C:\MED-PC\Data\2025-04-01_11h40m_Subject 87.txt


Start Date: 04/01/25
End Date: 04/01/25
Subject: 87
Experiment: OralFentSA
Group: One
Box: 3
Start Time: 11:40:42
End Time: 14:42:31
MSN: Golden_Liq_SelfAdmin_EXT
F:       0.000
G:     365.000
H:   10800.000
I:       0.000
J:       0.000
K:       0.000
L:       0.000
M:       0.000
N:       0.000
O:       0.000
P:       0.000
Q:       0.000
R:       0.000
S:       0.000
U:       0.000
V:       0.000
W:       0.000
X:       0.000
Y:       0.000
Z:       0.000
A:
     0:        0.000        0.000      180.000        4.000        0.000
     5:        5.000        0.000        5.000        0.000        0.000
    10:        1.000        0.000       10.000   100000.000       20.000
    15:       22.000      600.000        0.000        0.000        0.000
    20:        0.000
B:
     0:        0.000        0.000        0.000        0.000        0.000
     5:        0.000        0.000        0.000        0.000        0.000
    10:        0.000        0.000     1000.000 10000000.000        0.000
    15:        0.000        0.000        0.000        0.000        0.000
    20:        0.000
C:
     0:        0.000       15.000       89.000       15.000      172.000
     5:    10384.810       51.640       11.000     1570.370      142.761
    10:       15.000       89.000        0.000        0.000        0.000
    15:        0.000        0.000        0.000        0.000        0.000
    20:        0.000
D:
     0:      145.620       99.800      488.200       59.150      406.070
     5:        1.430        4.070      136.120      174.570        3.700
    10:       51.640
E:
     0:       19.000       11.000       26.000       27.000        6.000
     5:        6.000        6.000        6.000        6.000        6.000
    10:        6.000        6.000        2.000        4.000       22.000
    15:       24.000       12.000       19.000       11.000        2.000
    20:        4.000       22.000       24.000       12.000       19.000
    25:       11.000        2.000        4.000       22.000       24.000
    30:       12.000       19.000       11.000        1.000        1.000
    35:        1.000        1.000        1.000        6.000        6.000
    40:        6.000        6.000        6.000        6.000        6.000
    45:        6.000        6.000        6.000        6.000        1.000
    50:        1.000        1.000        6.000        6.000        6.000
    55:        6.000        6.000        6.000        6.000        6.000
    60:        6.000        6.000        1.000        1.000        2.000
    65:        4.000       22.000       24.000       12.000       21.000
    70:       22.000       19.000       11.000        1.000        1.000
    75:        1.000        1.000        1.000        6.000        6.000
    80:        6.000        2.000        4.000       22.000       24.000
    85:       12.000       19.000       11.000        1.000        1.000
    90:        1.000        1.000        1.000        6.000        6.000
    95:        2.000        4.000       22.000       24.000       12.000
   100:       19.000       11.000        6.000        6.000        6.000
   105:        6.000        6.000        6.000        2.000        4.000
   110:       22.000       24.000       12.000       19.000       11.000
   115:        6.000        6.000        6.000        6.000        1.000
   120:        1.000        6.000        6.000        6.000        6.000
   125:        6.000        6.000        6.000        6.000        6.000
   130:        6.000        6.000        6.000        6.000        6.000
   135:        6.000        6.000        6.000        6.000        6.000
   140:        1.000        6.000        6.000        6.000        6.000
   145:        6.000        6.000        6.000        6.000        6.000
   150:        6.000        6.000        6.000        6.000        6.000
   155:        6.000        6.000        6.000        1.000        6.000
   160:        6.000        6.000        1.000        1.000        6.000
   165:        6.000        2.000        4.000       22.000       24.000
   170:       12.000       19.000       11.000        1.000        1.000
   175:        1.000        1.000        1.000        1.000        1.000
   180:        1.000        2.000        4.000       22.000       24.000
   185:       12.000        6.000        6.000        6.000        6.000
   190:        6.000       19.000       11.000        1.000        1.000
   195:        1.000        2.000        4.000       22.000       24.000
   200:       12.000        6.000       19.000       11.000        6.000
   205:        6.000        6.000        6.000        6.000        6.000
   210:        6.000        6.000        6.000        6.000        6.000
   215:        6.000        6.000        6.000        6.000        6.000
   220:        6.000        1.000        1.000        1.000        1.000
   225:        6.000        6.000        6.000        1.000        1.000
   230:        2.000        4.000       22.000       24.000       12.000
   235:       19.000       11.000        1.000        1.000        1.000
   240:        6.000        6.000        6.000        6.000        6.000
   245:        6.000        6.000        6.000        6.000        6.000
   250:        6.000        1.000        1.000        6.000        1.000
   255:        1.000        1.000        1.000        1.000        6.000
   260:        1.000        1.000        1.000        1.000        1.000
   265:        1.000        1.000        6.000        6.000        6.000
   270:        2.000        4.000       22.000       24.000       12.000
   275:       19.000       11.000        6.000        6.000        6.000
   280:        6.000        6.000        6.000        6.000        6.000
   285:        1.000        1.000        1.000        1.000        6.000
   290:        6.000        6.000        6.000        6.000        6.000
   295:        6.000        1.000        1.000        1.000        1.000
   300:        1.000        6.000        6.000        1.000        1.000
   305:        6.000        6.000        6.000        6.000        6.000
   310:        6.000        6.000        1.000        6.000        6.000
   315:        6.000        6.000        1.000        1.000        6.000
   320:        6.000        1.000        6.000        6.000        6.000
   325:        2.000        4.000       22.000       24.000       12.000
   330:        6.000       19.000       11.000        1.000        1.000
   335:        1.000        1.000        1.000        1.000        2.000
   340:        4.000       22.000       24.000       12.000       19.000
   345:       11.000        1.000        1.000        1.000        1.000
   350:        6.000        6.000        1.000        1.000        1.000
   355:        1.000        6.000        6.000        6.000        6.000
   360:        6.000        6.000        6.000        6.000        6.000
   365:      100.000
T:
     0:        0.000        0.000        0.000        0.000       49.100
     5:       49.240       49.690       50.170       90.970       91.120
    10:       91.260       91.600      108.690      108.690      108.690
    15:      108.700      108.700      118.690      118.700      121.520
    20:      121.520      121.520      121.530      121.530      131.520
    25:      131.530      160.280      160.280      160.280      160.290
    30:      160.290      170.280      170.290      173.680      279.950
    35:      280.340      280.710      292.730      305.910      305.970
    40:      309.570      309.710      309.870      310.270      310.650
    45:      310.980      317.000      317.200      386.830      521.660
    50:      649.940      752.590      920.990      921.650      921.880
    55:      924.050      924.130      925.290      925.790      926.500
    60:      926.840      927.570      986.530      987.850     1015.110
    65:     1015.110     1015.110     1015.120     1015.120     1016.610
    70:     1016.610     1025.110     1025.120     1027.070     1027.480
    75:     1066.870     1071.230     1092.600     1114.920     1115.420
    80:     1118.380     1148.470     1148.470     1148.470     1148.480
    85:     1148.480     1158.470     1158.480     1216.440     1216.510
    90:     1237.770     1237.830     1255.080     1636.680     1671.670
    95:     1816.830     1816.830     1816.830     1816.840     1816.840
   100:     1826.830     1826.840     1875.990     1876.200     1876.370
   105:     2523.410     2525.070     2525.510     2556.190     2556.190
   110:     2556.190     2556.200     2556.200     2566.190     2566.200
   115:     2962.270     2963.360     2963.680     2964.510     2988.280
   120:     3026.770     3060.830     3060.970     3063.020     3064.300
   125:     3126.240     3153.680     3153.930     3154.100     3155.130
   130:     3156.070     3160.260     3168.790     3168.930     3173.940
   135:     3294.290     3365.820     3366.020     3366.240     3367.130
   140:     3374.200     3574.640     3575.170     3575.300     3575.480
   145:     3575.580     3575.630     3575.730     3619.910     3629.220
   150:     3629.350     3629.520     3629.730     3629.940     3630.210
   155:     3630.380     4082.690     4082.910     4283.410     4338.350
   160:     4339.730     4339.950     4570.910     4571.510     4687.770
   165:     4688.040     4699.330     4699.330     4699.330     4699.340
   170:     4699.340     4709.330     4709.340     4910.500     4910.620
   175:     4910.690     4911.050     4989.990     4993.750     4994.130
   180:     4995.530     5091.970     5091.970     5091.970     5091.980
   185:     5091.980     5093.410     5094.040     5094.540     5094.740
   190:     5095.640     5101.970     5101.980     5115.110     5115.170
   195:     5115.280     5250.820     5250.820     5250.820     5250.830
   200:     5250.830     5254.900     5260.820     5260.830     5322.500
   205:     5605.630     5605.870     5688.440     5691.340     5692.410
   210:     5692.530     5695.500     5696.060     5696.330     5700.430
   215:     5701.020     5701.700     5703.370     5741.580     5741.870
   220:     5829.840     5869.970     5870.270     5870.340     5873.230
   225:     5908.530     5946.170     5946.310     6430.940     6431.730
   230:     6452.540     6452.540     6452.540     6452.550     6452.550
   235:     6462.540     6462.550     6486.660     6487.800     6516.510
   240:     6588.670     6589.230     6590.170     6594.100     6695.620
   245:     6695.890     6697.390     7152.480     7153.200     7153.320
   250:     7153.380     7179.510     7252.160     7275.860     7288.060
   255:     7289.990     7290.110     7290.170     7290.380     7351.710
   260:     7380.820     7529.360     7700.280     7705.760     7706.280
   265:     7840.030     7872.940     7897.940     7954.810     7961.680
   270:     8000.320     8000.320     8000.320     8000.330     8000.330
   275:     8010.320     8010.330     8174.900     8175.040     8175.140
   280:     8222.960     8297.120     8297.160     8299.130     8312.010
   285:     8322.740     8323.230     8435.610     8436.050     8457.160
   290:     8457.440     8457.620     8457.790     8458.040     8632.270
   295:     8633.270     8639.770     8646.330     8889.890     8904.750
   300:     8942.990     8950.700     8951.000     9075.720     9321.230
   305:     9327.110     9355.060     9356.440     9360.630     9360.750
   310:     9361.760     9369.880     9625.850     9672.070     9699.900
   315:     9700.140     9700.980     9869.060     9870.800     9923.620
   320:     9924.340    10011.970    10117.450    10118.710    10119.790
   325:    10183.470    10183.470    10183.470    10183.480    10183.480
   330:    10187.180    10193.470    10193.480    10194.620    10195.290
   335:    10227.830    10234.000    10234.150    10355.030    10384.800
   340:    10384.800    10384.800    10384.810    10384.810    10394.800
   345:    10394.810    10397.760    10399.510    10423.830    10425.550
   350:    10436.450    10436.750    10522.870    10522.980    10523.070
   355:    10566.450    10638.190    10638.470    10643.910    10649.160
   360:    10649.870    10777.480    10778.710    10782.620    10783.700
   365:    10800.000
