File: C:\MED-PC\Data\2025-03-10_13h20m_Subject 95.txt


Start Date: 03/10/25
End Date: 03/10/25
Subject: 95
Experiment: OralFentSA
Group: One
Box: 12
Start Time: 13:20:28
End Time: 16:21:35
MSN: 20241014_Golden_Liq_SelfAdmin
F:       0.000
G:    1192.000
H:   10800.000
I:       0.000
J:       0.000
K:       0.000
L:       0.000
M:       0.000
N:       0.000
O:       0.000
P:       0.000
Q:       0.000
R:       0.000
S:       0.000
U:       0.000
V:       0.000
W:       0.000
X:       0.000
Y:       0.000
Z:       0.000
A:
     0:        0.000        0.000      180.000        4.000        0.000
     5:        5.000        0.000        5.000        0.000        0.000
    10:        1.000        0.000       10.000  3000000.000       19.000
    15:        6.000      640.000        0.000        0.000        0.000
    20:        0.000
B:
     0:        0.000        0.000        0.000      400.000        0.000
     5:      500.000        0.000      500.000        0.000        0.000
    10:        0.000        0.000     1000.000 300000000.000        0.000
    15:        0.000        0.000        0.000        0.000        0.000
    20:        0.000
C:
     0:       22.000       23.000        4.000       29.000      862.000
     5:    10764.440        2.080       22.000       47.850        2.175
    10:       29.000        4.000        0.000        0.000        0.000
    15:        0.000        0.000        0.000        0.000        0.000
    20:        0.000
D:
     0:        1.510        2.750        1.560        0.950        3.730
     5:        1.100        0.910        3.360        0.790        1.100
    10:        0.750        1.340        1.250        1.620        1.390
    15:        0.840        5.180       13.040        0.940        0.800
    20:        0.860        2.080
E:
     0:       19.000       11.000       26.000       27.000        6.000
     5:        2.000        4.000       22.000       24.000       12.000
    10:       13.000        8.000        5.000       17.000       21.000
    15:       22.000        6.000        6.000        6.000       18.000
    20:       14.000       10.000       19.000       11.000        6.000
    25:        6.000        6.000        6.000        6.000        6.000
    30:        6.000        6.000        6.000        6.000        6.000
    35:        6.000        6.000        6.000        2.000        4.000
    40:       22.000       24.000       12.000       13.000        8.000
    45:        5.000       17.000       21.000       22.000        6.000
    50:        6.000        6.000       18.000       14.000       10.000
    55:        6.000       21.000       22.000       19.000       11.000
    60:        6.000        6.000        6.000        2.000        4.000
    65:       22.000       24.000       12.000       13.000        8.000
    70:        5.000       17.000        6.000       18.000       14.000
    75:       10.000       19.000       11.000        6.000        2.000
    80:        4.000       22.000       24.000       12.000       13.000
    85:        8.000        5.000       17.000       21.000       22.000
    90:        6.000       18.000       14.000       10.000       19.000
    95:       11.000        6.000        2.000        4.000       22.000
   100:       24.000       12.000       13.000        8.000        5.000
   105:       17.000        6.000       18.000        6.000       14.000
   110:       10.000       19.000       11.000        6.000        6.000
   115:        6.000        6.000        6.000        6.000        6.000
   120:        6.000        6.000        1.000        1.000        1.000
   125:        6.000        6.000        6.000        6.000        6.000
   130:        6.000        6.000        6.000        6.000        6.000
   135:        6.000        6.000        6.000        6.000        6.000
   140:        6.000        6.000        6.000        6.000        6.000
   145:        6.000        6.000        6.000        6.000        1.000
   150:        6.000        6.000        6.000        6.000        6.000
   155:        6.000        6.000        6.000        6.000        6.000
   160:        6.000        6.000        6.000        6.000        6.000
   165:        6.000        6.000        6.000        6.000        6.000
   170:        6.000        6.000        6.000        6.000        6.000
   175:        6.000        6.000        6.000        6.000        6.000
   180:        6.000        6.000        6.000        6.000        6.000
   185:        6.000        6.000        6.000        6.000        6.000
   190:        6.000        6.000        6.000        6.000        6.000
   195:        6.000        6.000        6.000        6.000        6.000
   200:        6.000        6.000        6.000        6.000        6.000
   205:        6.000        6.000        6.000        6.000        6.000
   210:        6.000        6.000        6.000        6.000        6.000
   215:        6.000        6.000        6.000        6.000        6.000
   220:        6.000        6.000        6.000        6.000        6.000
   225:        6.000        6.000        6.000        6.000        6.000
   230:        6.000        6.000        6.000        6.000        6.000
   235:        6.000        6.000        6.000        6.000        6.000
   240:        6.000        6.000        6.000        6.000        6.000
   245:        6.000        6.000        6.000        6.000        6.000
   250:        6.000        6.000        6.000        6.000        6.000
   255:        6.000        6.000        6.000        6.000        6.000
   260:        6.000        6.000        6.000        6.000        6.000
   265:        6.000        6.000        6.000        6.000        6.000
   270:        6.000        6.000        6.000        6.000        6.000
   275:        6.000        6.000        6.000        6.000        6.000
   280:        6.000        6.000        6.000        6.000        6.000
   285:        6.000        6.000        6.000        6.000        6.000
   290:        6.000        6.000        6.000        6.000        6.000
   295:        6.000        6.000        6.000        6.000        6.000
   300:        6.000        6.000        6.000        6.000        6.000
   305:        6.000        6.000        6.000        6.000        6.000
   310:        6.000        6.000        2.000        4.000       22.000
   315:       24.000       12.000       13.000        8.000        5.000
   320:       17.000        6.000       18.000        6.000       14.000
   325:       10.000        6.000        6.000        6.000        6.000
   330:       19.000       11.000        2.000        4.000       22.000
   335:       24.000       12.000       13.000        8.000        5.000
   340:       17.000        6.000        6.000       18.000       14.000
   345:       10.000        6.000       19.000       11.000        6.000
   350:        6.000        6.000        6.000        6.000        2.000
   355:        4.000       22.000       24.000       12.000       13.000
   360:        8.000        5.000       17.000        6.000       18.000
   365:        6.000       14.000       10.000       19.000       11.000
   370:        6.000        6.000        6.000        6.000        6.000
   375:        6.000        6.000        6.000        6.000        6.000
   380:        6.000        6.000        6.000        6.000        6.000
   385:        6.000        6.000        6.000        6.000        6.000
   390:        6.000        6.000        6.000        6.000        6.000
   395:        6.000        6.000        6.000        6.000        6.000
   400:        6.000        6.000        6.000        6.000        6.000
   405:        6.000        6.000        6.000        6.000        6.000
   410:        6.000        6.000        6.000        6.000        6.000
   415:        6.000        6.000        6.000        6.000        6.000
   420:        6.000        6.000        6.000        6.000        6.000
   425:        6.000        6.000        6.000        6.000        6.000
   430:        6.000        6.000        6.000        6.000        6.000
   435:        6.000        6.000        6.000        6.000        6.000
   440:        6.000        6.000        6.000        6.000        6.000
   445:        6.000        6.000        6.000        2.000        4.000
   450:       22.000       24.000       12.000       13.000        8.000
   455:        5.000       17.000        6.000       18.000       14.000
   460:       10.000       19.000       11.000        6.000        6.000
   465:        6.000        6.000        6.000        6.000        6.000
   470:        6.000        6.000        6.000        6.000        6.000
   475:        6.000        6.000        6.000        6.000        6.000
   480:        6.000        6.000        6.000        6.000        2.000
   485:        4.000       22.000       24.000       12.000       13.000
   490:        8.000        5.000       17.000        6.000       18.000
   495:       14.000       10.000        6.000       19.000       11.000
   500:        2.000        4.000       22.000       24.000       12.000
   505:       13.000        8.000        5.000       17.000        6.000
   510:       18.000       14.000       10.000        6.000        6.000
   515:        6.000        6.000       19.000       11.000        6.000
   520:        6.000        6.000        6.000        2.000        4.000
   525:       22.000       24.000       12.000       13.000        8.000
   530:        5.000       17.000        6.000       18.000       14.000
   535:       10.000        6.000       19.000       11.000        6.000
   540:        6.000        6.000        6.000        6.000        6.000
   545:        6.000        6.000        6.000        6.000        6.000
   550:        6.000        6.000        6.000        6.000        6.000
   555:        6.000        6.000        6.000        6.000        6.000
   560:        6.000        6.000        6.000        6.000        2.000
   565:        4.000       22.000       24.000       12.000       13.000
   570:        8.000        5.000       17.000        6.000        6.000
   575:        6.000        6.000       18.000        6.000       14.000
   580:       10.000        6.000        6.000        6.000       19.000
   585:       11.000        6.000        6.000        6.000        6.000
   590:        6.000        6.000        6.000        6.000        6.000
   595:        6.000        6.000        6.000        6.000        6.000
   600:        6.000        6.000        6.000        6.000        6.000
   605:        6.000        6.000        6.000        6.000        6.000
   610:        6.000        6.000        6.000        6.000        6.000
   615:        6.000        6.000        6.000        6.000        6.000
   620:        6.000        6.000        6.000        6.000        6.000
   625:        6.000        6.000        6.000        6.000        6.000
   630:        6.000        6.000        6.000        6.000        6.000
   635:        6.000        6.000        6.000        6.000        6.000
   640:        6.000        6.000        6.000        6.000        6.000
   645:        6.000        6.000        6.000        6.000        6.000
   650:        6.000        6.000        6.000        6.000        6.000
   655:        6.000        6.000        6.000        6.000        6.000
   660:        6.000        6.000        6.000        6.000        6.000
   665:        6.000        6.000        6.000        6.000        6.000
   670:        6.000        6.000        6.000        6.000        6.000
   675:        6.000        6.000        6.000        6.000        6.000
   680:        6.000        2.000        4.000       22.000       24.000
   685:       12.000       13.000        8.000        5.000       17.000
   690:        6.000       18.000       14.000       10.000        6.000
   695:        6.000        6.000        6.000        6.000       19.000
   700:       11.000        6.000        6.000        6.000        6.000
   705:        6.000        6.000        6.000        6.000        6.000
   710:        6.000        6.000        6.000        6.000        6.000
   715:        6.000        6.000        6.000        6.000        6.000
   720:        2.000        4.000       22.000       24.000       12.000
   725:       13.000        8.000        5.000       17.000        6.000
   730:       18.000       14.000       10.000       19.000       11.000
   735:        6.000        2.000        4.000       22.000       24.000
   740:       12.000       13.000        8.000        5.000       17.000
   745:        6.000        6.000       18.000       14.000       10.000
   750:        6.000       19.000       11.000        6.000        6.000
   755:        6.000        6.000        6.000        6.000        6.000
   760:        6.000        2.000        4.000       22.000       24.000
   765:       12.000       13.000        8.000        5.000       17.000
   770:       18.000       14.000       10.000        6.000       19.000
   775:       11.000        6.000        6.000        6.000        6.000
   780:        6.000        6.000        6.000        6.000        6.000
   785:        6.000        6.000        2.000        4.000       22.000
   790:       24.000       12.000       13.000        8.000        5.000
   795:       17.000       18.000       14.000       10.000       19.000
   800:       11.000        6.000        2.000        4.000       22.000
   805:       24.000       12.000       13.000        8.000        5.000
   810:       17.000        6.000       18.000        6.000       14.000
   815:       10.000       21.000       22.000       21.000       22.000
   820:       19.000       11.000        6.000        6.000        6.000
   825:        6.000        6.000        6.000        6.000        6.000
   830:        6.000        6.000        6.000        6.000        6.000
   835:        6.000        6.000        6.000        6.000        6.000
   840:        6.000        6.000        6.000        6.000        6.000
   845:        6.000        6.000        6.000        6.000        6.000
   850:        6.000        6.000        6.000        6.000        6.000
   855:        6.000        6.000        6.000        6.000        6.000
   860:        6.000        6.000        6.000        6.000        6.000
   865:        6.000        6.000        6.000        6.000        6.000
   870:        6.000        6.000        6.000        6.000        6.000
   875:        6.000        6.000        6.000        6.000        6.000
   880:        6.000        6.000        6.000        6.000        6.000
   885:        6.000        6.000        6.000        6.000        6.000
   890:        6.000        6.000        6.000        6.000        6.000
   895:        6.000        6.000        6.000        6.000        6.000
   900:        6.000        6.000        6.000        6.000        6.000
   905:        6.000        6.000        6.000        6.000        6.000
   910:        6.000        6.000        6.000        6.000        6.000
   915:        6.000        6.000        6.000        6.000        6.000
   920:        6.000        6.000        6.000        6.000        6.000
   925:        6.000        6.000        6.000        6.000        6.000
   930:        6.000        6.000        6.000        6.000        6.000
   935:        6.000        6.000        6.000        6.000        6.000
   940:        6.000        6.000        6.000        6.000        6.000
   945:        6.000        6.000        6.000        6.000        6.000
   950:        6.000        6.000        6.000        6.000        6.000
   955:        6.000        6.000        6.000        6.000        6.000
   960:        6.000        6.000        6.000        6.000        6.000
   965:        6.000        6.000        6.000        6.000        6.000
   970:        6.000        6.000        6.000        6.000        6.000
   975:        6.000        6.000        6.000        6.000        6.000
   980:        6.000        6.000        6.000        6.000        6.000
   985:        6.000        6.000        6.000        6.000        6.000
   990:        6.000        6.000        6.000        6.000        6.000
   995:        6.000        2.000        4.000       22.000       24.000
  1000:       12.000       13.000        8.000        5.000       17.000
  1005:        6.000       18.000       14.000       10.000        6.000
  1010:       19.000       11.000        6.000        6.000        6.000
  1015:        6.000        2.000        4.000       22.000       24.000
  1020:       12.000       13.000        8.000        5.000       17.000
  1025:        6.000       18.000        6.000        6.000       14.000
  1030:       10.000        6.000       19.000       11.000        6.000
  1035:        6.000        6.000        6.000        6.000        6.000
  1040:        6.000        6.000        6.000        6.000        6.000
  1045:        6.000        6.000        6.000        6.000        6.000
  1050:        6.000        6.000        6.000        6.000        6.000
  1055:        6.000        6.000        6.000        6.000        6.000
  1060:        6.000        6.000        6.000        6.000        6.000
  1065:        6.000        6.000        6.000        6.000        6.000
  1070:        6.000        6.000        6.000        6.000        6.000
  1075:        6.000        6.000        6.000        6.000        6.000
  1080:        6.000        6.000        6.000        6.000        6.000
  1085:        6.000        6.000        6.000        6.000        6.000
  1090:        6.000        6.000        6.000        6.000        6.000
  1095:        6.000        6.000        6.000        6.000        6.000
  1100:        6.000        6.000        6.000        6.000        6.000
  1105:        6.000        6.000        6.000        6.000        6.000
  1110:        6.000        6.000        6.000        6.000        6.000
  1115:        6.000        6.000        6.000        6.000        6.000
  1120:        6.000        6.000        6.000        6.000        6.000
  1125:        6.000        6.000        6.000        6.000        6.000
  1130:        6.000        6.000        6.000        6.000        6.000
  1135:        6.000        6.000        6.000        6.000        6.000
  1140:        6.000        6.000        6.000        6.000        6.000
  1145:        6.000        6.000        6.000        6.000        6.000
  1150:        6.000        6.000        6.000        6.000        6.000
  1155:        6.000        6.000        6.000        6.000        6.000
  1160:        6.000        6.000        6.000        6.000        6.000
  1165:        6.000        6.000        6.000        6.000        6.000
  1170:        6.000        6.000        6.000        2.000        4.000
  1175:       22.000       24.000       12.000       13.000        8.000
  1180:        5.000       17.000       21.000       22.000        6.000
  1185:       18.000       14.000       10.000       19.000       11.000
  1190:        6.000        6.000      100.000
T:
     0:        0.000        0.000        0.000        0.000        5.510
     5:       19.950       19.950       19.950       19.960       19.960
    10:       19.960       19.960       19.960       19.960       20.510
    15:       20.510       21.470       23.680       23.780       23.960
    20:       24.960       24.960       29.950       29.960       30.210
    25:       30.310       30.460       39.350       58.610       80.860
    30:       93.930       95.290       95.380       97.380       98.750
    35:       98.830      106.060      116.060      117.270      117.270
    40:      117.270      117.280      117.280      117.280      117.280
    45:      117.280      117.280      118.360      118.360      120.030
    50:      120.130      120.550      121.280      122.280      122.280
    55:      122.960      124.590      124.590      127.270      127.280
    60:      131.060      147.580      148.380      154.060      154.060
    65:      154.060      154.070      154.070      154.070      154.070
    70:      154.070      154.070      155.630      158.070      159.070
    75:      159.070      164.060      164.070      164.400      175.890
    80:      175.890      175.890      175.900      175.900      175.900
    85:      175.900      175.900      175.900      176.250      176.250
    90:      176.850      179.900      180.900      180.900      185.890
    95:      185.900      199.490      200.580      200.580      200.580
   100:      200.590      200.590      200.590      200.590      200.590
   105:      200.590      204.320      204.590      204.590      205.590
   110:      205.590      210.580      210.590      240.040      240.080
   115:      260.930      279.280      291.890      292.050      307.000
   120:      313.140      313.730      377.360      380.800      381.040
   125:      401.030      403.690      423.040      426.930      447.720
   130:      448.610      448.950      449.310      449.350      449.420
   135:      451.070      539.530      548.330      557.250      568.530
   140:      569.970      575.350      575.460      575.940      576.260
   145:      576.310      577.230      578.350      584.300      590.780
   150:      608.050      616.250      700.230     1235.860     1349.490
   155:     1392.000     1404.140     1410.190     1410.380     1411.930
   160:     1412.790     1414.040     1415.830     1420.350     1462.360
   165:     1483.430     1504.370     1504.780     1505.520     1505.640
   170:     1505.820     1506.720     1507.700     1507.750     1763.700
   175:     1763.870     1769.290     1769.660     1770.200     1773.090
   180:     1777.100     1785.710     1941.300     1942.650     1969.170
   185:     1970.660     1971.100     1990.300     1990.330     1997.480
   190:     2008.620     2014.960     2025.460     2037.340     2042.690
   195:     2160.130     2163.780     2164.250     2164.440     2166.250
   200:     2381.090     2388.690     2401.840     2402.000     2402.090
   205:     2402.390     2402.680     2405.570     2417.440     2417.500
   210:     2422.150     2422.550     2452.200     2455.100     2460.190
   215:     2470.770     2480.920     2482.610     2489.550     2490.330
   220:     2490.760     2490.800     2491.020     2491.130     2491.240
   225:     2491.280     2491.690     2497.900     2526.270     2533.110
   230:     2533.640     2712.900     2713.160     2719.980     2745.630
   235:     2746.580     2784.240     2794.460     2794.880     2801.910
   240:     2803.390     2812.700     2832.510     2834.000     2871.670
   245:     2957.250     2958.840     2963.860     2966.390     3010.980
   250:     3011.450     3028.150     3052.520     3063.540     3063.830
   255:     3066.020     3075.710     3081.020     3086.940     3094.070
   260:     3113.880     3194.170     3213.070     3238.230     3255.380
   265:     3263.660     3286.020     3286.190     3286.720     3287.930
   270:     3331.660     3332.350     3335.410     3338.770     3343.620
   275:     3343.710     3343.820     3362.020     3362.420     3362.510
   280:     3362.560     3388.200     3391.230     3391.410     3391.500
   285:     3402.730     3448.450     3471.110     3473.740     3474.340
   290:     3500.900     3510.460     3510.500     3517.020     3547.960
   295:     3548.010     3548.030     3550.880     3551.800     3565.520
   300:     3566.190     3575.910     3579.940     3580.050     3580.260
   305:     3654.570     3659.000     3660.670     3660.720     3661.520
   310:     3661.940     3662.030     3696.500     3696.500     3696.500
   315:     3696.510     3696.510     3696.510     3696.510     3696.510
   320:     3696.510     3697.610     3700.510     3701.320     3701.510
   325:     3701.510     3701.570     3701.660     3701.710     3703.030
   330:     3706.500     3706.510     3706.720     3706.720     3706.720
   335:     3706.730     3706.730     3706.730     3706.730     3706.730
   340:     3706.730     3707.640     3708.750     3710.730     3711.730
   345:     3711.730     3715.140     3716.720     3716.730     3747.280
   350:     3760.930     3782.400     3793.270     3793.480     3795.120
   355:     3795.120     3795.120     3795.130     3795.130     3795.130
   360:     3795.130     3795.130     3795.130     3798.490     3799.130
   365:     3799.380     3800.130     3800.130     3805.120     3805.130
   370:     3811.240     3818.720     3819.060     3824.500     3841.220
   375:     3842.800     3845.580     4117.670     4117.930     4360.360
   380:     4361.690     4367.890     4371.180     4373.380     4407.000
   385:     4432.050     4449.270     4449.890     4461.400     4474.640
   390:     4491.100     4491.370     4491.710     4646.380     4647.550
   395:     4656.870     4701.350     4759.410     4768.090     4768.860
   400:     4768.970     4776.040     4783.840     4784.040     4804.680
   405:     4805.300     4814.730     4839.670     4841.350     4842.120
   410:     4842.330     4842.730     4842.820     4844.360     4848.770
   415:     4860.060     4860.210     4861.040     4861.140     4861.220
   420:     4865.580     4878.820     4879.210     5020.380     5058.670
   425:     5112.060     5121.670     5126.190     5133.880     5151.520
   430:     5154.260     5164.140     5193.520     5193.640     5290.900
   435:     5320.860     5348.330     5348.380     5348.610     5353.790
   440:     5354.090     5354.160     5354.400     5362.620     5431.170
   445:     5431.400     5432.010     5435.100     5463.410     5463.410
   450:     5463.410     5463.420     5463.420     5463.420     5463.420
   455:     5463.420     5463.420     5464.210     5467.420     5468.420
   460:     5468.420     5473.410     5473.420     5486.640     5494.240
   465:     5496.770     5497.880     5499.200     5501.170     5505.470
   470:     5506.010     5508.500     5510.140     5512.250     5513.820
   475:     5513.970     5518.980     5522.050     5523.390     5523.440
   480:     5616.560     5623.440     5624.360     5628.000     5631.420
   485:     5631.420     5631.420     5631.430     5631.430     5631.430
   490:     5631.430     5631.430     5631.430     5632.530     5635.430
   495:     5636.430     5636.430     5638.180     5641.420     5641.430
   500:     5649.380     5649.380     5649.380     5649.390     5649.390
   505:     5649.390     5649.390     5649.390     5649.390     5650.140
   510:     5653.390     5654.390     5654.390     5655.230     5657.460
   515:     5657.480     5657.720     5659.380     5659.390     5661.000
   520:     5661.180     5661.230     5662.150     5663.910     5663.910
   525:     5663.910     5663.920     5663.920     5663.920     5663.920
   530:     5663.920     5663.920     5665.260     5667.920     5668.920
   535:     5668.920     5670.900     5673.910     5673.920     5677.300
   540:     5677.550     5681.810     5694.110     5699.120     5699.750
   545:     5700.370     5703.730     5705.160     5705.220     5705.970
   550:     5706.000     5707.240     5707.740     5710.230     5711.420
   555:     5711.830     5712.680     5713.710     5713.950     5718.150
   560:     5718.280     5718.430     5720.690     5722.240     5725.280
   565:     5725.280     5725.280     5725.290     5725.290     5725.290
   570:     5725.290     5725.290     5725.290     5726.540     5728.390
   575:     5728.630     5729.280     5729.290     5729.830     5730.290
   580:     5730.290     5731.260     5733.960     5734.170     5735.280
   585:     5735.290     5735.430     5738.060     5738.670     5739.140
   590:     5751.620     5775.270     5775.420     5783.280     5784.090
   595:     5840.970     5844.470     5844.680     5885.450     5886.000
   600:     5886.260     5956.940     6759.350     6783.620     6784.130
   605:     6910.350     6912.560     6913.280     6913.340     6913.360
   610:     6913.840     6913.900     6913.960     6927.330     6928.810
   615:     6928.940     6941.610     6941.660     6945.480     6947.220
   620:     6947.660     6948.550     6952.910     6966.000     6970.480
   625:     6974.820     6974.940     6975.020     6982.840     6988.810
   630:     6989.090     6989.290     6989.780     6994.090     7013.370
   635:     7020.830     7042.060     7042.110     7159.990     7160.470
   640:     7160.870     7162.020     7162.080     7170.000     7176.240
   645:     7181.310     7181.970     7183.410     7184.200     7184.320
   650:     7185.100     7185.170     7185.570     7185.880     7187.320
   655:     7187.410     7187.880     7188.050     7188.700     7188.850
   660:     7190.880     7190.920     7191.330     7191.420     7193.630
   665:     7193.750     7193.850     7217.780     7217.920     7228.990
   670:     7247.350     7325.510     7325.910     7346.400     7346.720
   675:     7346.760     7346.820     7347.070     7395.310     7398.430
   680:     7415.670     7418.660     7418.660     7418.660     7418.670
   685:     7418.670     7418.670     7418.670     7418.670     7418.670
   690:     7420.290     7422.670     7423.670     7423.670     7424.650
   695:     7425.910     7426.080     7426.390     7427.870     7428.660
   700:     7428.670     7436.410     7462.930     7499.770     7499.790
   705:     7525.140     7525.420     7526.530     7534.920     7535.420
   710:     7535.490     7536.630     7537.030     7556.760     7562.140
   715:     7574.570     7575.130     7578.840     7579.420     7603.450
   720:     7608.320     7608.320     7608.320     7608.330     7608.330
   725:     7608.330     7608.330     7608.330     7608.330     7609.720
   730:     7612.330     7613.330     7613.330     7618.320     7618.330
   735:     7626.200     7639.280     7639.280     7639.280     7639.290
   740:     7639.290     7639.290     7639.290     7639.290     7639.290
   745:     7640.130     7641.030     7643.290     7644.290     7644.290
   750:     7648.260     7649.280     7649.290     7652.800     7656.030
   755:     7656.110     7657.790     7658.520     7661.260     7678.210
   760:     7678.520     7682.410     7682.410     7682.410     7682.420
   765:     7682.420     7682.420     7682.420     7682.420     7682.420
   770:     7686.420     7687.420     7687.420     7687.600     7692.410
   775:     7692.420     7701.400     7704.990     7715.650     7724.400
   780:     7724.430     7724.490     7725.560     7725.580     7725.850
   785:     7726.260     7726.310     7733.220     7733.220     7733.220
   790:     7733.230     7733.230     7733.230     7733.230     7733.230
   795:     7733.230     7737.230     7738.230     7738.230     7743.220
   800:     7743.230     7746.270     7749.790     7749.790     7749.790
   805:     7749.800     7749.800     7749.800     7749.800     7749.800
   810:     7749.800     7750.740     7753.800     7753.880     7754.800
   815:     7754.800     7755.910     7755.910     7757.680     7757.680
   820:     7759.790     7759.800     7776.960     7779.720     7782.010
   825:     7787.640     7794.260     7794.350     7796.230     7801.480
   830:     7801.700     7802.050     7802.190     7802.880     7808.540
   835:     7813.970     7814.890     7818.860     7818.970     7820.640
   840:     7820.660     7820.720     7821.960     7827.010     7834.900
   845:     7835.280     7838.770     7838.800     7839.570     7846.560
   850:     7852.670     7852.950     7854.120     7855.100     7856.910
   855:     7857.060     7857.240     7860.760     7863.770     7864.420
   860:     7864.840     7864.960     7867.710     7869.460     7872.780
   865:     7878.470     7880.040     7881.720     7882.050     7886.870
   870:     8006.650     8007.390     8009.540     8012.590     8017.840
   875:     8025.460     8032.140     8034.120     8034.920     8035.470
   880:     8036.160     8041.450     8041.650     8042.290     8042.940
   885:     8042.990     8044.530     8045.330     8045.680     8050.750
   890:     8054.180     8054.290     8070.640     8073.270     8073.620
   895:     8074.150     8074.170     8074.670     8076.220     8076.600
   900:     8076.690     8078.690     8079.000     8080.160     8082.850
   905:     8084.800     8092.370     8102.630     8105.670     8114.360
   910:     8115.280     8125.690     8127.560     8127.730     8128.170
   915:     8131.240     8133.160     8133.200     8133.490     8134.050
   920:     8135.590     8135.630     8137.740     8349.320     8350.140
   925:     8420.590     8421.500     8622.340     8622.820     8929.060
   930:     8929.600     8942.800     8952.650     8968.860     9258.100
   935:     9294.810     9295.730     9296.660     9297.050     9298.560
   940:     9309.160     9309.670     9321.250     9321.310     9321.330
   945:     9321.390     9323.880     9337.400     9337.890     9338.170
   950:     9339.070     9339.390     9339.610     9371.550     9372.460
   955:     9374.640     9378.000     9382.570     9407.050     9434.480
   960:     9435.650     9454.050     9454.690     9479.750     9479.890
   965:     9480.160     9480.700     9512.630     9513.600     9525.710
   970:     9534.930     9537.010     9537.130     9572.330     9577.720
   975:     9582.740     9595.560     9595.900     9596.590     9596.700
   980:     9596.840     9596.880     9603.240     9605.930     9607.590
   985:     9613.190     9615.080     9617.610     9850.850     9860.610
   990:     9860.840     9879.830     9905.230     9920.980     9921.580
   995:     9944.300     9950.970     9950.970     9950.970     9950.980
  1000:     9950.980     9950.980     9950.980     9950.980     9950.980
  1005:     9951.780     9954.980     9955.980     9955.980     9956.850
  1010:     9960.970     9960.980     9964.870     9969.170     9972.110
  1015:     9973.670     9992.130     9992.130     9992.130     9992.140
  1020:     9992.140     9992.140     9992.140     9992.140     9992.140
  1025:     9993.000     9996.140     9996.520     9997.100     9997.140
  1030:     9997.140     9997.730    10002.130    10002.140    10003.940
  1035:    10006.670    10007.660    10007.860    10008.170    10013.450
  1040:    10016.880    10026.550    10031.460    10032.180    10036.320
  1045:    10037.100    10037.880    10043.210    10045.740    10046.780
  1050:    10048.350    10051.240    10051.280    10051.630    10052.130
  1055:    10052.820    10055.030    10055.080    10055.260    10056.750
  1060:    10057.550    10060.350    10061.290    10061.340    10061.470
  1065:    10066.900    10068.040    10074.240    10074.290    10079.940
  1070:    10081.350    10082.830    10083.350    10083.850    10087.740
  1075:    10096.940    10102.930    10102.990    10103.090    10103.180
  1080:    10106.370    10168.470    10176.100    10184.740    10184.930
  1085:    10190.050    10199.670    10207.100    10208.440    10209.330
  1090:    10213.410    10220.480    10220.990    10238.760    10238.950
  1095:    10239.940    10241.060    10244.910    10245.030    10245.860
  1100:    10246.100    10253.650    10279.260    10289.050    10290.800
  1105:    10291.090    10292.220    10293.190    10293.390    10302.790
  1110:    10303.860    10321.170    10321.640    10322.600    10322.630
  1115:    10324.200    10325.540    10329.760    10329.810    10333.650
  1120:    10333.750    10337.500    10338.090    10339.610    10340.790
  1125:    10344.430    10355.120    10357.670    10391.120    10391.280
  1130:    10393.440    10393.890    10403.760    10405.860    10406.950
  1135:    10409.220    10411.290    10411.490    10418.520    10434.850
  1140:    10441.930    10443.110    10458.340    10459.690    10468.270
  1145:    10469.740    10473.560    10473.690    10475.010    10475.410
  1150:    10476.410    10476.670    10477.360    10525.480    10529.440
  1155:    10547.090    10553.100    10564.630    10569.420    10609.990
  1160:    10610.570    10628.930    10684.350    10697.170    10697.280
  1165:    10697.760    10698.440    10698.700    10711.900    10713.140
  1170:    10727.680    10733.130    10753.360    10764.430    10764.430
  1175:    10764.430    10764.440    10764.440    10764.440    10764.440
  1180:    10764.440    10764.440    10764.890    10764.890    10766.520
  1185:    10768.440    10769.440    10769.440    10774.430    10774.440
  1190:    10776.190    10776.280    10800.000
