File: C:\MED-PC\Data\2025-04-03_12h23m_Subject 95.txt


Start Date: 04/03/25
End Date: 04/03/25
Subject: 95
Experiment: OralFentSA
Group: One
Box: 12
Start Time: 12:23:16
End Time: 15:23:28
MSN: Golden_Liq_SelfAdmin_EXT
F:       0.000
G:    1111.000
H:   10800.000
I:       0.000
J:       0.000
K:       0.000
L:       0.000
M:       0.000
N:       0.000
O:       0.000
P:       0.000
Q:       0.000
R:       0.000
S:       0.000
U:       0.000
V:       0.000
W:       0.000
X:       0.000
Y:       0.000
Z:       0.000
A:
     0:        0.000        0.000      180.000        4.000        0.000
     5:        5.000        0.000        5.000        0.000        0.000
    10:        1.000        0.000       10.000   100000.000       22.000
    15:       24.000      600.000        0.000        0.000        0.000
    20:        0.000
B:
     0:        0.000        0.000        0.000        0.000        0.000
     5:        0.000        0.000        0.000        0.000        0.000
    10:        0.000        0.000     1000.000 10000000.000        0.000
    15:        0.000        0.000        0.000        0.000        0.000
    20:        0.000
C:
     0:        0.000       48.000       11.000       59.000      743.000
     5:    10740.990        8.380       34.000     2317.400       68.159
    10:       59.000       11.000        0.000        0.000        0.000
    15:        0.000        0.000        0.000        0.000        0.000
    20:        0.000
D:
     0:        4.060       95.540      237.960        1.100       36.320
     5:       65.920      293.540       10.550      347.330       23.150
    10:        3.120        5.170       35.140        1.120       48.640
    15:      277.940        4.400        2.950       18.670       11.210
    20:      317.940        8.150       68.280       68.330        5.720
    25:        5.870       54.750      101.740       56.530       10.020
    30:       11.700       25.010       51.150        8.380
E:
     0:       19.000       11.000       26.000       27.000        6.000
     5:        6.000        6.000        6.000        6.000        6.000
    10:        6.000        6.000        6.000        6.000        6.000
    15:        6.000        6.000        6.000        6.000        6.000
    20:        6.000        6.000        6.000        2.000        4.000
    25:       22.000       24.000       12.000        6.000       19.000
    30:       11.000        6.000        6.000        6.000        6.000
    35:        6.000        6.000        6.000        6.000        6.000
    40:        6.000        6.000        6.000        6.000        6.000
    45:        6.000        6.000        6.000        6.000        6.000
    50:        6.000        6.000        6.000        6.000        6.000
    55:        6.000        6.000        6.000        6.000        6.000
    60:        2.000        4.000       22.000       24.000       12.000
    65:       21.000       22.000       19.000       11.000        2.000
    70:        4.000       22.000       24.000       12.000       19.000
    75:       11.000        1.000        6.000        6.000        6.000
    80:        6.000        6.000        6.000        6.000        6.000
    85:        6.000        6.000        6.000        6.000        6.000
    90:        6.000        6.000        6.000        6.000        6.000
    95:        6.000        6.000        6.000        6.000        6.000
   100:        6.000        6.000        6.000        6.000        6.000
   105:        6.000        6.000        6.000        6.000        6.000
   110:        6.000        6.000        6.000        2.000        4.000
   115:       22.000       24.000       12.000       19.000       11.000
   120:        6.000        6.000        6.000        6.000        6.000
   125:        6.000        6.000        6.000        6.000        6.000
   130:        6.000        6.000        6.000        6.000        6.000
   135:        6.000        6.000        6.000        6.000        6.000
   140:        6.000        6.000        2.000        4.000       22.000
   145:       24.000       12.000        6.000       19.000       11.000
   150:        2.000        4.000       22.000       24.000       12.000
   155:       19.000       11.000        6.000        6.000        6.000
   160:        6.000        6.000        6.000        6.000        6.000
   165:        6.000        6.000        6.000        6.000        6.000
   170:        6.000        6.000        1.000        2.000        4.000
   175:       22.000       24.000       12.000       19.000       11.000
   180:        6.000        6.000        6.000        6.000        6.000
   185:        6.000        2.000        4.000       22.000       24.000
   190:       12.000       21.000       22.000       19.000       11.000
   195:        1.000        6.000        6.000        2.000        4.000
   200:       22.000       24.000       12.000       21.000       22.000
   205:       19.000       11.000        6.000        2.000        4.000
   210:       22.000       24.000       12.000       21.000       22.000
   215:       21.000       22.000       19.000       11.000        6.000
   220:        6.000        6.000        6.000        6.000        6.000
   225:        1.000        6.000        6.000        6.000        6.000
   230:        6.000        6.000        6.000        6.000        6.000
   235:        6.000        6.000        6.000        6.000        6.000
   240:        6.000        6.000        6.000        6.000        6.000
   245:        6.000        6.000        6.000        6.000        6.000
   250:        6.000        6.000        6.000        6.000        6.000
   255:        6.000        2.000        4.000       22.000       24.000
   260:       12.000       19.000       11.000        6.000        6.000
   265:        6.000        6.000        6.000        6.000        6.000
   270:        6.000        6.000        6.000        6.000        6.000
   275:        6.000        2.000        4.000       22.000       24.000
   280:       12.000        6.000        6.000        6.000        6.000
   285:        6.000        6.000        6.000        6.000        6.000
   290:        6.000        6.000        6.000        6.000        6.000
   295:       19.000       11.000        6.000        2.000        4.000
   300:       22.000       24.000       12.000        6.000        6.000
   305:       19.000       11.000        6.000        6.000        6.000
   310:        6.000        6.000        6.000        6.000        6.000
   315:        6.000        6.000        6.000        6.000        6.000
   320:        6.000        6.000        6.000        6.000        6.000
   325:        6.000        6.000        6.000        6.000        6.000
   330:        6.000        6.000        6.000        6.000        6.000
   335:        6.000        6.000        6.000        6.000        6.000
   340:        6.000        6.000        6.000        6.000        6.000
   345:        6.000        2.000        4.000       22.000       24.000
   350:       12.000       19.000       11.000        6.000        6.000
   355:        6.000        2.000        4.000       22.000       24.000
   360:       12.000        6.000        6.000        6.000        6.000
   365:        6.000        6.000        6.000        6.000        6.000
   370:        6.000       19.000       11.000        6.000        6.000
   375:        6.000        6.000        6.000        6.000        6.000
   380:        6.000        2.000        4.000       22.000       24.000
   385:       12.000       19.000       11.000        6.000        6.000
   390:        6.000        6.000        6.000        6.000        6.000
   395:        6.000        6.000        6.000        6.000        6.000
   400:        6.000        6.000        6.000        6.000        6.000
   405:        6.000        6.000        6.000        6.000        6.000
   410:        6.000        6.000        6.000        6.000        6.000
   415:        6.000        6.000        6.000        6.000        6.000
   420:        6.000        6.000        6.000        6.000        6.000
   425:        6.000        6.000        6.000        6.000        6.000
   430:        6.000        6.000        6.000        6.000        6.000
   435:        6.000        6.000        6.000        6.000        6.000
   440:        6.000        6.000        6.000        6.000        2.000
   445:        4.000       22.000       24.000       12.000       19.000
   450:       11.000        2.000        4.000       22.000       24.000
   455:       12.000       21.000       22.000       19.000       11.000
   460:        6.000        6.000        6.000        6.000        6.000
   465:        6.000        6.000        6.000        6.000        6.000
   470:        6.000        6.000        6.000        6.000        6.000
   475:        6.000        6.000        6.000        6.000        6.000
   480:        6.000        6.000        6.000        6.000        6.000
   485:        6.000        6.000        6.000        6.000        6.000
   490:        6.000        6.000        6.000        6.000        6.000
   495:        6.000        6.000        6.000        2.000        4.000
   500:       22.000       24.000       12.000       21.000       22.000
   505:       19.000       11.000        2.000        4.000       22.000
   510:       24.000       12.000        6.000        6.000        6.000
   515:       19.000       11.000        2.000        4.000       22.000
   520:       24.000       12.000        6.000        6.000        6.000
   525:        6.000       19.000       11.000        1.000        2.000
   530:        4.000       22.000       24.000       12.000       21.000
   535:       22.000       19.000       11.000        2.000        4.000
   540:       22.000       24.000       12.000       19.000       11.000
   545:        2.000        4.000       22.000       24.000       12.000
   550:       19.000       11.000        6.000        6.000        6.000
   555:        6.000        6.000        6.000        6.000        6.000
   560:        6.000        6.000        6.000        6.000        6.000
   565:        6.000        6.000        6.000        6.000        6.000
   570:        6.000        6.000        6.000        6.000        6.000
   575:        2.000        4.000       22.000       24.000       12.000
   580:       19.000       11.000        2.000        4.000       22.000
   585:       24.000       12.000       19.000       11.000        2.000
   590:        4.000       22.000       24.000       12.000       19.000
   595:       11.000        6.000        2.000        4.000       22.000
   600:       24.000       12.000       19.000       11.000        2.000
   605:        4.000       22.000       24.000       12.000       21.000
   610:       22.000       19.000       11.000        2.000        4.000
   615:       22.000       24.000       12.000       19.000       11.000
   620:        2.000        4.000       22.000       24.000       12.000
   625:       19.000       11.000        1.000        6.000        6.000
   630:        2.000        4.000       22.000       24.000       12.000
   635:       21.000       22.000       19.000       11.000        2.000
   640:        4.000       22.000       24.000       12.000        6.000
   645:        6.000       19.000       11.000        6.000        6.000
   650:        6.000        6.000        6.000        6.000        6.000
   655:        6.000        6.000        6.000        6.000        6.000
   660:        6.000        6.000        6.000        6.000        6.000
   665:        6.000        6.000        6.000        1.000        6.000
   670:        6.000        6.000        6.000        6.000        2.000
   675:        4.000       22.000       24.000       12.000       19.000
   680:       11.000        6.000        6.000        6.000        6.000
   685:        6.000        6.000        6.000        6.000        6.000
   690:        6.000        6.000        6.000        6.000        1.000
   695:        6.000        6.000        6.000        6.000        6.000
   700:        6.000        6.000        6.000        6.000        6.000
   705:        6.000        6.000        6.000        6.000        6.000
   710:        6.000        6.000        6.000        6.000        6.000
   715:        6.000        6.000        6.000        6.000        6.000
   720:        6.000        6.000        6.000        6.000        6.000
   725:        6.000        6.000        2.000        4.000       22.000
   730:       24.000       12.000       19.000       11.000        2.000
   735:        4.000       22.000       24.000       12.000       19.000
   740:       11.000        6.000        2.000        4.000       22.000
   745:       24.000       12.000        6.000        6.000        6.000
   750:        6.000       19.000       11.000        6.000        6.000
   755:        6.000        6.000        6.000        6.000        6.000
   760:        6.000        6.000        6.000        6.000        6.000
   765:        6.000        6.000        6.000        6.000        6.000
   770:        6.000        6.000        6.000        6.000        6.000
   775:        6.000        6.000        6.000        6.000        6.000
   780:        6.000        6.000        6.000        2.000        4.000
   785:       22.000       24.000       12.000       19.000       11.000
   790:        2.000        4.000       22.000       24.000       12.000
   795:        6.000        6.000        6.000       19.000       11.000
   800:        6.000        6.000        6.000        6.000        6.000
   805:        6.000        6.000        6.000        6.000        6.000
   810:        6.000        6.000        6.000        6.000        6.000
   815:        6.000        6.000        6.000        6.000        6.000
   820:        6.000        6.000        6.000        6.000        6.000
   825:        6.000        6.000        6.000        6.000        2.000
   830:        4.000       22.000       24.000       12.000       19.000
   835:       11.000        6.000        6.000        6.000        6.000
   840:        6.000        6.000        6.000        6.000        6.000
   845:        6.000        2.000        4.000       22.000       24.000
   850:       12.000       20.000       19.000       11.000        6.000
   855:        6.000        6.000        6.000        6.000        6.000
   860:        6.000        6.000        6.000        6.000        6.000
   865:        6.000        6.000        6.000        6.000        6.000
   870:        6.000        6.000        6.000        6.000        6.000
   875:        6.000        6.000        6.000        6.000        6.000
   880:        6.000        6.000        6.000        6.000        6.000
   885:        6.000        6.000        6.000        6.000        6.000
   890:        6.000        6.000        6.000        6.000        6.000
   895:        6.000        6.000        6.000        6.000        6.000
   900:        6.000        6.000        6.000        6.000        6.000
   905:        6.000        6.000        6.000        2.000        4.000
   910:       22.000       24.000       12.000       19.000       11.000
   915:        6.000        6.000        6.000        6.000        6.000
   920:        6.000        6.000        6.000        6.000        6.000
   925:        6.000        6.000        6.000        6.000        6.000
   930:        6.000        6.000        6.000        6.000        6.000
   935:        6.000        6.000        6.000        6.000        6.000
   940:        1.000        6.000        6.000        6.000        6.000
   945:        6.000        6.000        6.000        6.000        6.000
   950:        6.000        6.000        6.000        6.000        6.000
   955:        6.000        6.000        6.000        6.000        6.000
   960:        6.000        6.000        6.000        6.000        6.000
   965:        6.000        6.000        6.000        6.000        6.000
   970:        6.000        6.000        6.000        6.000        6.000
   975:        2.000        4.000       22.000       24.000       12.000
   980:       19.000       11.000        6.000        6.000        6.000
   985:        6.000        6.000        6.000        6.000        6.000
   990:        6.000        6.000        6.000        6.000        6.000
   995:        6.000        6.000        6.000        6.000        6.000
  1000:        6.000        6.000        6.000        6.000        6.000
  1005:        6.000        6.000        6.000        1.000        2.000
  1010:        4.000       22.000       24.000       12.000       21.000
  1015:       22.000       21.000       22.000       19.000       11.000
  1020:        6.000        6.000        6.000        6.000        6.000
  1025:        6.000        6.000        6.000        6.000        6.000
  1030:        6.000        6.000        6.000        6.000        6.000
  1035:        6.000        6.000        6.000        6.000        6.000
  1040:        6.000        6.000        6.000        6.000        6.000
  1045:        6.000        6.000        6.000        6.000        6.000
  1050:        6.000        6.000        6.000        6.000        6.000
  1055:        6.000        6.000        6.000        6.000        2.000
  1060:        4.000       22.000       24.000       12.000       19.000
  1065:       11.000        6.000        6.000        6.000        6.000
  1070:        6.000        6.000        6.000        6.000        6.000
  1075:        6.000        6.000        6.000        6.000        2.000
  1080:        4.000       22.000       24.000       12.000       19.000
  1085:       11.000        6.000        6.000        6.000        6.000
  1090:        6.000        6.000        6.000        6.000        6.000
  1095:        6.000        6.000        6.000        6.000        6.000
  1100:        6.000        6.000        2.000        4.000       22.000
  1105:       24.000       12.000        6.000        6.000       19.000
  1110:       11.000      100.000
T:
     0:        0.000        0.000        0.000        0.000        4.350
     5:        5.930        6.170        7.770        8.590       50.990
    10:       78.600       78.690       80.080       80.150       81.120
    15:       83.130       83.920       84.070       85.190       86.490
    20:       86.520       88.790      105.250      140.850      140.850
    25:      140.850      140.860      140.860      144.920      150.850
    30:      150.860      338.070      445.580      445.640      446.110
    35:      448.300      450.120      451.300      451.390      477.570
    40:      478.770      478.980      479.280      479.600      480.380
    45:      480.420      481.700      486.980      488.940      489.670
    50:      490.600      490.680      492.100      507.480      509.200
    55:      509.660      509.690      509.860      509.950      510.680
    60:      523.490      523.490      523.490      523.500      523.500
    65:      526.830      526.830      533.490      533.500      540.080
    70:      540.080      540.080      540.090      540.090      550.080
    75:      550.090      550.460      635.630      637.040      637.120
    80:      637.990      796.110      805.740      903.440      903.470
    85:      903.580      906.560      907.680      908.160      909.530
    90:      910.120      910.510      910.670      910.730      910.760
    95:      911.950      990.430     1033.770     1034.790     1034.850
   100:     1036.290     1037.270     1037.350     1038.410     1039.000
   105:     1040.010     1040.210     1042.500     1042.930     1043.850
   110:     1045.550     1045.780     1063.660     1073.340     1073.340
   115:     1073.340     1073.350     1073.350     1083.340     1083.350
   120:     1311.310     1312.270     1312.880     1313.890     1314.370
   125:     1314.460     1318.880     1321.470     1322.060     1325.950
   130:     1327.880     1328.470     1328.530     1328.840     1368.880
   135:     1369.020     1369.040     1369.320     1369.360     1371.950
   140:     1372.150     1372.240     1413.670     1413.670     1413.670
   145:     1413.680     1413.680     1414.780     1423.670     1423.680
   150:     1426.900     1426.900     1426.900     1426.910     1426.910
   155:     1436.900     1436.910     1463.230     1478.630     1479.210
   160:     1485.500     1485.820     1514.970     1515.060     1515.240
   165:     1515.270     1515.300     1515.320     1516.490     1521.040
   170:     1522.050     1523.280     1527.960     1607.160     1607.160
   175:     1607.160     1607.170     1607.170     1617.160     1617.170
   180:     1673.090     1674.550     1792.490     1795.630     1795.750
   185:     1795.770     1799.190     1799.190     1799.190     1799.200
   190:     1799.200     1806.350     1806.350     1809.190     1809.200
   195:     1811.780     2092.740     2111.920     2163.520     2163.520
   200:     2163.520     2163.530     2163.530     2167.700     2167.700
   205:     2173.520     2173.530     2174.080     2247.580     2247.580
   210:     2247.580     2247.590     2247.590     2248.600     2248.600
   215:     2252.150     2252.150     2257.580     2257.590     2594.920
   220:     2596.180     2599.240     2601.460     2601.530     2601.770
   225:     3090.680     3112.870     3112.890     3112.960     3113.060
   230:     3113.260     3116.680     3183.400     3185.450     3188.100
   235:     3188.510     3188.580     3188.650     3188.750     3190.870
   240:     3193.830     3194.920     3198.040     3198.090     3198.210
   245:     3199.070     3202.270     3203.100     3203.140     3203.280
   250:     3205.470     3205.950     3207.330     3208.250     3208.310
   255:     3209.070     3224.680     3224.680     3224.680     3224.690
   260:     3224.690     3234.680     3234.690     3247.840     3248.890
   265:     3250.250     3498.630     3499.390     3516.840     3533.970
   270:     3534.100     3534.170     3534.880     3535.480     3535.960
   275:     3536.150     3540.720     3540.720     3540.720     3540.730
   280:     3540.730     3543.850     3543.870     3544.630     3545.360
   285:     3546.160     3546.270     3546.420     3546.520     3547.260
   290:     3547.300     3547.870     3547.980     3548.250     3550.150
   295:     3550.720     3550.730     3551.290     3878.580     3878.580
   300:     3878.580     3878.590     3878.590     3883.760     3887.330
   305:     3888.580     3888.590     3889.040     3890.030     3890.970
   310:     3892.780     3893.680     3893.710     3915.720     3916.060
   315:     3925.030     3925.850     3925.940     3926.120     3927.290
   320:     3928.820     3928.870     3929.560     3929.590     3929.710
   325:     3930.020     3934.070     3934.470     3934.490     3934.600
   330:     3934.740     3937.480     3938.910     3941.780     3942.410
   335:     3943.930     3944.320     3946.530     3946.560     3946.610
   340:     3947.590     3949.580     3953.240     3954.330     3954.760
   345:     4081.130     4108.930     4108.930     4108.930     4108.940
   350:     4108.940     4118.930     4118.940     4144.080     4144.100
   355:     4252.180     4260.980     4260.980     4260.980     4260.990
   360:     4260.990     4262.110     4262.950     4263.140     4263.220
   365:     4268.370     4268.570     4268.690     4268.760     4269.400
   370:     4269.870     4270.980     4270.990     4271.860     4273.940
   375:     4274.250     4277.730     4279.840     4280.020     4280.080
   380:     4302.460     4313.520     4313.520     4313.520     4313.530
   385:     4313.530     4323.520     4323.530     4362.170     4363.510
   390:     4363.650     4363.740     4366.760     4367.710     4368.350
   395:     4370.820     4372.370     4372.650     4374.010     4375.970
   400:     4378.140     4378.460     4378.550     4381.000     4382.870
   405:     4384.020     4384.740     4385.880     4385.940     4386.030
   410:     4386.390     4387.200     4389.450     4390.700     4392.270
   415:     4392.540     4393.050     4393.350     4393.520     4397.890
   420:     4399.380     4399.600     4399.930     4400.530     4402.550
   425:     4402.600     4404.770     4410.350     4411.750     4412.250
   430:     4412.540     4413.420     4414.320     4414.850     4415.670
   435:     4415.790     4416.020     4417.050     4417.150     4417.530
   440:     4418.150     4418.390     4419.690     4420.940     4617.940
   445:     4617.940     4617.940     4617.950     4617.950     4627.940
   450:     4627.950     4738.740     4738.740     4738.740     4738.750
   455:     4738.750     4747.040     4747.040     4748.740     4748.750
   460:     5016.690     5081.500     5081.840     5193.640     5193.670
   465:     5194.560     5195.030     5196.150     5196.180     5196.380
   470:     5197.880     5199.110     5199.250     5200.070     5200.370
   475:     5200.570     5200.680     5200.770     5202.340     5203.600
   480:     5203.660     5210.260     5211.340     5211.520     5212.590
   485:     5218.160     5219.070     5219.430     5219.510     5219.570
   490:     5219.690     5221.380     5222.060     5223.760     5225.010
   495:     5225.570     5227.040     5227.870     5267.740     5267.740
   500:     5267.740     5267.750     5267.750     5273.130     5273.130
   505:     5277.740     5277.750     5277.880     5277.880     5277.880
   510:     5277.890     5277.890     5282.290     5283.360     5283.710
   515:     5287.880     5287.890     5635.500     5635.500     5635.500
   520:     5635.510     5635.510     5638.460     5639.610     5640.320
   525:     5642.580     5645.500     5645.510     5663.510     5691.640
   530:     5691.640     5691.640     5691.650     5691.650     5695.100
   535:     5695.100     5701.640     5701.650     5702.760     5702.760
   540:     5702.760     5702.770     5702.770     5712.760     5712.770
   545:     5734.830     5734.830     5734.830     5734.840     5734.840
   550:     5744.830     5744.840     5753.510     5754.240     5754.980
   555:     5758.830     5759.510     5761.100     5761.450     5761.560
   560:     5762.070     5763.300     5763.630     5763.650     5764.550
   565:     5765.030     5765.070     5765.950     5767.160     5767.260
   570:     5767.510     5767.610     5768.440     5768.470     5769.570
   575:     5863.320     5863.320     5863.320     5863.330     5863.330
   580:     5873.320     5873.330     5903.890     5903.890     5903.890
   585:     5903.900     5903.900     5913.890     5913.900     5926.090
   590:     5926.090     5926.090     5926.100     5926.100     5936.090
   595:     5936.100     5937.310     5942.110     5942.110     5942.110
   600:     5942.120     5942.120     5952.110     5952.120     5954.180
   605:     5954.180     5954.180     5954.190     5954.190     5958.290
   610:     5958.290     5964.180     5964.190     5964.400     5964.400
   615:     5964.400     5964.410     5964.410     5974.400     5974.410
   620:     6028.520     6028.520     6028.520     6028.530     6028.530
   625:     6038.520     6038.530     6251.510     6346.470     6552.320
   630:     6557.710     6557.710     6557.710     6557.720     6557.720
   635:     6561.540     6561.540     6567.710     6567.720     6800.830
   640:     6800.830     6800.830     6800.840     6800.840     6808.990
   645:     6810.060     6810.830     6810.840     6812.220     6812.820
   650:     6815.360     6816.240     6816.300     6817.120     6817.310
   655:     6817.950     6819.000     6820.590     6821.720     6822.360
   660:     6822.710     6823.470     6823.650     6823.800     6824.130
   665:     6824.820     6825.830     6843.910     6896.940     6962.910
   670:     6963.710     7088.110     7090.450     7091.110     7196.860
   675:     7196.860     7196.860     7196.870     7196.870     7206.860
   680:     7206.870     7265.150     7265.210     7265.260     7265.450
   685:     7266.120     7266.880     7267.040     7267.780     7269.030
   690:     7273.530     7274.380     7274.520     7274.540     7461.670
   695:     7698.570     7698.660     7698.790     7698.810     7698.970
   700:     7699.080     7699.310     7701.830     7703.850     7704.190
   705:     7704.460     7705.460     7705.790     7706.860     7707.090
   710:     7708.580     7709.430     7709.700     7709.770     7709.810
   715:     7709.870     7709.950     7710.590     7711.620     7711.750
   720:     7712.940     7715.070     7716.680     7864.200     7864.670
   725:     7871.660     7871.870     7875.950     7875.950     7875.950
   730:     7875.960     7875.960     7885.950     7885.960     8106.480
   735:     8106.480     8106.480     8106.490     8106.490     8116.480
   740:     8116.490     8174.820     8440.010     8440.010     8440.010
   745:     8440.020     8440.020     8445.740     8445.770     8445.860
   750:     8445.940     8450.010     8450.020     8462.250     8462.590
   755:     8589.910     8590.730     8591.530     8592.270     8592.570
   760:     8592.590     8592.730     8594.650     8595.280     8595.370
   765:     8595.950     8596.350     8596.920     8597.000     8597.060
   770:     8597.270     8599.150     8599.180     8599.240     8600.070
   775:     8601.270     8602.010     8602.050     8602.900     8604.110
   780:     8605.650     8606.160     8606.220     8659.540     8659.540
   785:     8659.540     8659.550     8659.550     8669.540     8669.550
   790:     8894.500     8894.500     8894.500     8894.510     8894.510
   795:     8900.380     8901.330     8904.450     8904.500     8904.510
   800:     8904.580     8906.320     8907.740     8908.200     8908.720
   805:     8909.020     8909.080     8909.140     8909.170     8909.930
   810:     8912.010     8912.570     8912.860     8912.910     8913.300
   815:     8913.730     8914.090     8914.230     8914.480     8915.380
   820:     8916.610     8917.180     8917.210     8918.390     8919.480
   825:     8920.280     8935.580     8935.680     8936.660     8960.140
   830:     8960.140     8960.140     8960.150     8960.150     8970.140
   835:     8970.150     9014.900     9014.920     9014.950     9015.000
   840:     9016.290     9016.360     9016.710     9016.730     9016.930
   845:     9016.950     9027.910     9027.910     9027.910     9027.920
   850:     9027.920     9032.040     9037.910     9037.920     9129.660
   855:     9129.730     9132.630     9133.630     9133.670     9134.270
   860:     9135.050     9135.070     9135.230     9136.680     9137.410
   865:     9137.860     9139.650     9139.710     9139.760     9140.760
   870:     9143.870     9147.050     9147.220     9148.570     9149.370
   875:     9150.270     9153.030     9153.140     9153.780     9153.920
   880:     9154.350     9155.010     9155.380     9155.630     9155.790
   885:     9155.810     9155.830     9156.330     9156.570     9156.760
   890:     9156.990     9157.100     9158.370     9159.170     9159.430
   895:     9160.560     9161.340     9161.450     9161.640     9164.480
   900:     9165.270     9169.470     9170.510     9170.730     9170.830
   905:     9174.190     9176.900     9237.840     9380.960     9380.960
   910:     9380.960     9380.970     9380.970     9390.960     9390.970
   915:     9437.500     9451.250     9451.310     9452.260     9452.950
   920:     9552.480     9552.520     9552.550     9557.550     9557.650
   925:     9558.050     9559.410     9561.020     9561.060     9561.090
   930:     9561.200     9561.230     9563.260     9563.330     9563.590
   935:     9565.690     9565.720     9671.860     9672.960     9702.490
   940:     9717.700     9837.990     9839.100     9841.160     9841.230
   945:     9841.300     9841.830     9841.960     9842.090     9842.350
   950:     9843.210     9843.570     9844.210     9844.350     9844.380
   955:     9845.300     9845.390     9846.020     9848.130     9851.340
   960:     9851.800     9852.460     9852.510     9852.560     9853.420
   965:     9853.500     9853.620     9855.250     9857.790     9858.180
   970:     9858.250     9859.820     9860.500     9860.800     9863.250
   975:    10035.160    10035.160    10035.160    10035.170    10035.170
   980:    10045.160    10045.170    10045.190    10047.820    10048.160
   985:    10049.030    10049.360    10050.500    10050.600    10050.950
   990:    10050.990    10051.810    10054.330    10056.590    10057.280
   995:    10058.430    10059.250    10059.500    10059.520    10059.600
  1000:    10060.630    10061.290    10061.500    10062.620    10063.300
  1005:    10063.720    10063.900    10063.980    10165.250    10242.010
  1010:    10242.010    10242.010    10242.020    10242.020    10245.380
  1015:    10245.380    10250.810    10250.810    10252.010    10252.020
  1020:    10253.720    10256.350    10257.680    10257.830    10258.230
  1025:    10258.420    10258.440    10259.850    10260.360    10260.510
  1030:    10260.530    10261.460    10261.700    10265.440    10266.040
  1035:    10266.070    10267.730    10271.290    10271.920    10272.130
  1040:    10272.370    10275.490    10275.910    10276.290    10277.150
  1045:    10278.720    10279.860    10282.240    10282.820    10285.350
  1050:    10285.420    10286.450    10286.910    10289.890    10291.340
  1055:    10292.360    10292.900    10294.190    10448.810    10485.140
  1060:    10485.140    10485.140    10485.150    10485.150    10495.140
  1065:    10495.150    10510.160    10510.260    10511.580    10513.370
  1070:    10513.390    10515.940    10516.730    10536.940    10538.120
  1075:    10538.370    10612.450    10612.840    10613.400    10648.750
  1080:    10648.750    10648.750    10648.760    10648.760    10658.750
  1085:    10658.760    10699.910    10699.940    10700.040    10703.160
  1090:    10703.360    10704.380    10709.970    10710.450    10711.380
  1095:    10713.290    10713.870    10715.200    10715.400    10715.780
  1100:    10717.800    10717.960    10740.980    10740.980    10740.980
  1105:    10740.990    10740.990    10749.370    10749.560    10750.980
  1110:    10750.990    10800.000
