File: C:\MED-PC IV\DATA\!2025-02-21_10h01m.Subject 63



Start Date: 02/21/25
End Date: 02/21/25
Subject: 63
Experiment: OralFentSA
Group: One
Box: 7
Start Time: 10:01:21
End Time: 13:01:38
MSN: Golden_Liq_SelfAdmin
F:       0.000
G:     492.000
H:   10800.010
I:       0.000
J:       0.000
K:       0.000
L:       0.000
M:       0.000
N:       0.000
O:       0.000
P:       0.000
Q:       0.000
R:       0.000
S:       0.000
U:       0.000
V:       0.000
W:       0.000
X:       0.000
Y:       0.000
Z:       0.000
A:
     0:        0.000        0.000      180.000        4.000        0.000
     5:        5.000        0.000        5.000        0.000        0.000
    10:        1.000        0.000       10.000 1000000000.0       25.000
    15:       10.000      640.000        0.000        0.000        0.000
    20:        0.000
B:
     0:        0.000        0.000        0.000        0.000        0.000
     5:        0.000        0.000        0.000        0.000        0.000
    10:        0.000        0.000        0.000 100000000000        0.000
    15:        0.000        0.000        0.000        0.000        0.000
    20:        0.000
C:
     0:        0.000        1.000        0.000        0.000      488.000
     5:        0.000        0.000        0.000        0.000        0.000
    10:        0.000        0.000        0.000        0.000        0.000
    15:        0.000        0.000        0.000        0.000        0.000
    20:        0.000
D:
E:
     0:       19.000       11.000       26.000       27.000        6.000
     5:        6.000        6.000        6.000        6.000        6.000
    10:        6.000        6.000        6.000        6.000        6.000
    15:        6.000        6.000        6.000        6.000        6.000
    20:        6.000        6.000        6.000        6.000        6.000
    25:        6.000        6.000        6.000        6.000        6.000
    30:        6.000        6.000        6.000        6.000        6.000
    35:        6.000        6.000        6.000        6.000        6.000
    40:        6.000        6.000        6.000        6.000        6.000
    45:        6.000        6.000        6.000        6.000        6.000
    50:        6.000        6.000        6.000        6.000        6.000
    55:        6.000        6.000        6.000        6.000        6.000
    60:        6.000        6.000        6.000        6.000        6.000
    65:        6.000        6.000        6.000        6.000        6.000
    70:        6.000        6.000        6.000        6.000        6.000
    75:        6.000        6.000        6.000        6.000        6.000
    80:        6.000        6.000        6.000        6.000        6.000
    85:        6.000        6.000        6.000        6.000        6.000
    90:        6.000        6.000        6.000        6.000        6.000
    95:        6.000        6.000        6.000        6.000        6.000
   100:        6.000        6.000        6.000        6.000        6.000
   105:        6.000        6.000        6.000        6.000        6.000
   110:        6.000        6.000        6.000        6.000        6.000
   115:        6.000        6.000        6.000        6.000        6.000
   120:        6.000        6.000        6.000        6.000        6.000
   125:        6.000        6.000        6.000        6.000        6.000
   130:        6.000        6.000        6.000        6.000        6.000
   135:        6.000        6.000        6.000        6.000        6.000
   140:        6.000        6.000        6.000        6.000        6.000
   145:        6.000        6.000        6.000        6.000        6.000
   150:        6.000        6.000        6.000        6.000        6.000
   155:        6.000        6.000        6.000        6.000        6.000
   160:        6.000        6.000        6.000        6.000        6.000
   165:        6.000        6.000        6.000        6.000        6.000
   170:        6.000        6.000        6.000        6.000        6.000
   175:        6.000        6.000        6.000        6.000        6.000
   180:        6.000        6.000        6.000        6.000        6.000
   185:        6.000        6.000        6.000        6.000        6.000
   190:        6.000        6.000        6.000        6.000        6.000
   195:        6.000        6.000        6.000        6.000        6.000
   200:        6.000        6.000        6.000        6.000        6.000
   205:        6.000        6.000        6.000        6.000        6.000
   210:        6.000        6.000        6.000        6.000        6.000
   215:        6.000        6.000        6.000        6.000        6.000
   220:        6.000        6.000        6.000        6.000        6.000
   225:        6.000        6.000        6.000        6.000        6.000
   230:        6.000        6.000        6.000        6.000        6.000
   235:        6.000        6.000        6.000        6.000        6.000
   240:        6.000        6.000        6.000        6.000        6.000
   245:        6.000        6.000        6.000        6.000        6.000
   250:        6.000        6.000        6.000        6.000        6.000
   255:        6.000        6.000        6.000        6.000        6.000
   260:        6.000        6.000        6.000        6.000        6.000
   265:        6.000        6.000        6.000        6.000        6.000
   270:        6.000        6.000        6.000        6.000        6.000
   275:        6.000        6.000        6.000        6.000        6.000
   280:        6.000        6.000        6.000        6.000        6.000
   285:        6.000        6.000        6.000        6.000        6.000
   290:        6.000        6.000        6.000        6.000        6.000
   295:        6.000        6.000        6.000        6.000        6.000
   300:        6.000        6.000        6.000        6.000        6.000
   305:        6.000        6.000        6.000        6.000        6.000
   310:        6.000        6.000        6.000        6.000        6.000
   315:        6.000        6.000        6.000        6.000        6.000
   320:        6.000        6.000        6.000        6.000        6.000
   325:        6.000        6.000        6.000        6.000        6.000
   330:        6.000        6.000        6.000        6.000        6.000
   335:        6.000        6.000        6.000        6.000        6.000
   340:        6.000        6.000        6.000        6.000        6.000
   345:        6.000        6.000        6.000        6.000        6.000
   350:        6.000        6.000        6.000        6.000        6.000
   355:        6.000        6.000        6.000        6.000        6.000
   360:        6.000        6.000        6.000        6.000        6.000
   365:        6.000        6.000        6.000        6.000        6.000
   370:        6.000        6.000        6.000        6.000        6.000
   375:        6.000        6.000        6.000        6.000        6.000
   380:        6.000        6.000        6.000        6.000        6.000
   385:        6.000        6.000        6.000        6.000        6.000
   390:        6.000        6.000        6.000        6.000        6.000
   395:        6.000        6.000        6.000        6.000        6.000
   400:        6.000        6.000        6.000        6.000        6.000
   405:        6.000        6.000        6.000        6.000        6.000
   410:        6.000        6.000        6.000        6.000        6.000
   415:        6.000        6.000        6.000        6.000        6.000
   420:        6.000        6.000        6.000        6.000        6.000
   425:        6.000        6.000        6.000        6.000        6.000
   430:        6.000        6.000        6.000        6.000        6.000
   435:        6.000        6.000        6.000        6.000        6.000
   440:        6.000        6.000        6.000        6.000        6.000
   445:        6.000        6.000        6.000        6.000        6.000
   450:        6.000        6.000        6.000        6.000        6.000
   455:        6.000        6.000        6.000        6.000        6.000
   460:        6.000        6.000        6.000        6.000        6.000
   465:        6.000        6.000        6.000        6.000        6.000
   470:        6.000        6.000        6.000        6.000        6.000
   475:        6.000        6.000        6.000        6.000        6.000
   480:        6.000        6.000        6.000        6.000        6.000
   485:        6.000        6.000        6.000        6.000        6.000
   490:        6.000        6.000      100.000
T:
     0:        0.000        0.000        0.000        0.000       18.030
     5:       18.940       19.040       34.150       35.250       35.280
    10:       38.910      104.220      127.790      128.040      188.060
    15:      188.150      188.230      188.320      188.630      188.660
    20:      188.690      188.840      188.930      477.420      479.520
    25:      516.600      554.070      554.450      991.230      991.250
    30:     1317.650     1422.190     1915.170     2081.000     2202.550
    35:     2205.660     2228.190     2240.960     2242.460     2243.060
    40:     2245.130     2245.370     2246.150     2247.080     3118.050
    45:     3440.490     3551.340     4164.290     4181.190     4181.990
    50:     4187.030     4187.040     4218.120     4233.340     4337.770
    55:     4431.460     4488.540     4510.020     4785.940     4786.840
    60:     4989.560     4989.570     5109.250     5127.110     5635.810
    65:     5635.850     5636.190     5638.980     6027.350     6054.460
    70:     6058.670     6059.060     6059.130     6061.870     6062.420
    75:     6062.450     6063.030     6064.270     6067.470     6067.880
    80:     6068.550     6068.610     6070.930     6071.640     6102.590
    85:     6105.920     6105.960     6106.040     6106.170     6106.410
    90:     6113.480     6113.830     6115.780     6119.950     6120.370
    95:     6121.570     6152.160     6202.470     6211.520     6212.180
   100:     6213.220     6214.640     6215.770     6489.480     6489.540
   105:     6491.870     6491.890     6578.860     6578.890     6607.540
   110:     7259.290     7259.380     7259.420     7260.620     7261.250
   115:     7264.820     7513.160     7513.200     7513.460     7519.400
   120:     7519.670     7519.750     7521.940     7521.990     7524.260
   125:     7525.280     7525.340     7526.100     7526.210     7526.250
   130:     7526.400     7526.450     7526.570     7527.340     7527.620
   135:     7528.140     7565.290     7568.390     7575.060     7624.760
   140:     7647.500     7648.020     7651.460     7655.800     7665.890
   145:     7665.950     7666.240     7668.770     7668.870     7669.200
   150:     7669.470     7669.510     7670.900     7671.230     7671.520
   155:     7671.690     7672.650     7672.870     7672.910     7673.000
   160:     7674.340     7674.580     7674.740     7675.540     7676.030
   165:     7681.290     7681.670     7681.830     7682.550     7683.730
   170:     7683.920     7683.960     7685.100     7685.670     7686.510
   175:     7686.760     7687.810     7868.580     7869.320     7889.160
   180:     7949.840     7950.070     7950.100     7963.370     7964.040
   185:     7965.410     7965.460     7966.190     7968.660     7968.680
   190:     7968.950     7969.800     7969.970     7970.050     7979.590
   195:     7979.820     7981.190     7981.220     7981.390     7981.490
   200:     7984.130     7984.200     7984.510     7984.560     7984.980
   205:     7985.300     7988.060     7988.210     7988.430     7988.510
   210:     7988.570     7988.620     8063.220     8063.380     8063.440
   215:     8064.150     8437.250     8667.250     8673.060     8699.700
   220:     8703.180     8703.260     8703.290     8703.370     8703.700
   225:     8703.890     8704.040     8704.350     8803.710     8804.160
   230:     8845.010     8994.140     8997.140     8997.220     8997.280
   235:     8998.180     9006.190     9006.460     9331.710     9383.490
   240:     9383.560     9384.480     9390.160     9390.210     9390.410
   245:     9390.600     9390.800     9390.930     9390.960     9391.080
   250:     9392.330     9394.900     9395.690     9396.140     9396.320
   255:     9396.980     9400.810     9400.860     9401.360     9402.070
   260:     9402.180     9402.400     9418.260     9418.310     9421.350
   265:     9421.600     9421.660     9422.400     9433.830     9433.980
   270:     9448.870     9448.920     9448.930     9459.310     9480.090
   275:     9487.860     9488.260     9491.280     9491.310     9543.570
   280:     9547.300     9574.390     9574.490     9577.230     9622.920
   285:     9659.680     9659.760     9708.440     9736.740     9736.770
   290:     9736.780     9736.890     9737.020     9737.080     9738.340
   295:     9738.460     9738.510     9738.600     9738.690     9740.870
   300:     9797.290     9806.790     9807.410     9807.460     9807.730
   305:     9807.760     9809.240     9809.570     9856.480     9856.570
   310:     9858.640     9862.600     9862.800     9867.330     9868.650
   315:     9874.950     9875.140     9875.280     9875.530     9876.380
   320:     9877.800     9878.140     9878.170     9878.190     9878.410
   325:     9879.060     9880.340     9882.450     9885.890     9886.400
   330:     9886.910     9887.480     9888.420     9888.680     9888.820
   335:     9889.920     9890.480     9890.630     9890.960     9891.760
   340:     9904.330     9905.460     9905.830     9905.950     9906.140
   345:     9907.080     9908.900     9913.810     9916.370     9920.660
   350:     9921.640     9921.850     9922.110     9922.310     9923.280
   355:     9923.670     9923.830     9924.850     9924.960     9925.000
   360:     9925.060     9925.120     9925.510     9925.560     9926.540
   365:     9928.680     9929.560     9936.820     9989.460     9990.020
   370:     9991.190     9991.200     9991.440     9991.600     9991.660
   375:     9991.740     9992.960     9993.120     9993.370     9993.420
   380:     9994.480     9995.310     9998.490     9998.610     9998.640
   385:     9999.080     9999.120    10001.050    10001.170    10001.230
   390:    10012.340    10012.430    10055.990    10056.030    10056.340
   395:    10059.360    10060.790    10065.500    10065.610    10065.890
   400:    10066.230    10066.340    10067.700    10068.250    10068.330
   405:    10068.720    10069.050    10069.220    10069.410    10095.910
   410:    10095.970    10096.180    10124.950    10125.020    10125.130
   415:    10125.250    10125.650    10125.700    10127.870    10128.020
   420:    10139.630    10175.480    10179.590    10179.950    10182.350
   425:    10455.950    10461.930    10462.800    10515.190    10523.920
   430:    10523.980    10528.670    10528.970    10529.190    10531.830
   435:    10532.140    10533.430    10533.440    10533.610    10533.730
   440:    10533.780    10534.060    10535.440    10537.550    10537.820
   445:    10541.910    10542.390    10542.680    10543.130    10543.540
   450:    10545.940    10545.960    10546.030    10546.150    10546.460
   455:    10546.660    10546.740    10546.840    10546.940    10547.240
   460:    10547.360    10547.410    10547.690    10548.220    10548.310
   465:    10548.350    10572.860    10572.890    10575.840    10575.940
   470:    10614.150    10619.270    10619.360    10619.690    10621.700
   475:    10622.770    10622.820    10622.910    10623.380    10625.750
   480:    10628.300    10628.570    10628.820    10628.870    10629.070
   485:    10629.260    10629.550    10674.930    10677.170    10684.240
   490:    10727.630    10727.730    10800.010
