File: C:\MED-PC IV\DATA\!2025-02-18_12h18m.Subject 69



Start Date: 02/18/25
End Date: 02/18/25
Subject: 69
Experiment: OralFentSA
Group: One
Box: 5
Start Time: 12:18:47
End Time: 15:20:29
MSN: Golden_Liq_SelfAdmin
F:       0.000
G:     711.000
H:   10800.010
I:       0.000
J:       0.000
K:       0.000
L:       0.000
M:       0.000
N:       0.000
O:       0.000
P:       0.000
Q:       0.000
R:       0.000
S:       0.000
U:       0.000
V:       0.000
W:       0.000
X:       0.000
Y:       0.000
Z:       0.000
A:
     0:        0.000        0.000      180.000        4.000        0.000
     5:        5.000        0.000        5.000        0.000        0.000
    10:        1.000        0.000       10.000 100000000.00       23.000
    15:        7.000      640.000        0.000        0.000        0.000
    20:        0.000
B:
     0:        0.000        0.000        0.000      400.000        0.000
     5:      500.000        0.000      500.000        0.000        0.000
    10:        0.000        0.000     1000.000 10000000000.        0.000
    15:        0.000        0.000        0.000        0.000        0.000
    20:        0.000
C:
     0:       13.000       14.000        0.000       16.000      518.000
     5:    10299.140        8.680       12.000       96.350        8.029
    10:       16.000        1.000        0.000        0.000        0.000
    15:        0.000        0.000        0.000        0.000        0.000
    20:        0.000
D:
     0:        0.490        9.930        2.860        5.350        8.960
     5:        5.540        8.510        3.490       22.050        9.450
    10:       11.040        8.680
E:
     0:       19.000       11.000       26.000       27.000        6.000
     5:        6.000        6.000        6.000        6.000        6.000
    10:        6.000        6.000        6.000        6.000        6.000
    15:        6.000        6.000        6.000        6.000        6.000
    20:        6.000        6.000        6.000        6.000        6.000
    25:        6.000        6.000        6.000        6.000        6.000
    30:        6.000        6.000        6.000        6.000        6.000
    35:        6.000        6.000        6.000        6.000        6.000
    40:        6.000        6.000        6.000        6.000        6.000
    45:        6.000        6.000        6.000        6.000        6.000
    50:        6.000        6.000        6.000        6.000        6.000
    55:        6.000        6.000        6.000        6.000        6.000
    60:        6.000        6.000        6.000        6.000        6.000
    65:        6.000        6.000        6.000        6.000        6.000
    70:        6.000        6.000        6.000        6.000        6.000
    75:        6.000        6.000        6.000        6.000        6.000
    80:        6.000        6.000        6.000        6.000        6.000
    85:        6.000        6.000        6.000        6.000        6.000
    90:        6.000        6.000        6.000        6.000        6.000
    95:        6.000        6.000        6.000        6.000        6.000
   100:        6.000        6.000        6.000        6.000        6.000
   105:        6.000        6.000        6.000        6.000        6.000
   110:        6.000        6.000        6.000        6.000        6.000
   115:        6.000        6.000        6.000        6.000        6.000
   120:        6.000        6.000        6.000        6.000        6.000
   125:        6.000        6.000        6.000        6.000        6.000
   130:        6.000        6.000        6.000        6.000        6.000
   135:        6.000        6.000        6.000        6.000        6.000
   140:        6.000        6.000        6.000        6.000        6.000
   145:        6.000        6.000        6.000        6.000        6.000
   150:        6.000        6.000        6.000        6.000        6.000
   155:        6.000        6.000        6.000        6.000        6.000
   160:        6.000        6.000        6.000        6.000        6.000
   165:        6.000        6.000        6.000        6.000        6.000
   170:        6.000        6.000        6.000        6.000        6.000
   175:        6.000        6.000        6.000        6.000        6.000
   180:        6.000        6.000        6.000        6.000        6.000
   185:        6.000        6.000        6.000        6.000        6.000
   190:        6.000        2.000        4.000       22.000       24.000
   195:       12.000       13.000        8.000        5.000       17.000
   200:        6.000       18.000       14.000       10.000       19.000
   205:       11.000        6.000        6.000        6.000        6.000
   210:        6.000        6.000        6.000        6.000        6.000
   215:        6.000        6.000        6.000        6.000        6.000
   220:        6.000        6.000        6.000        6.000        6.000
   225:        6.000        6.000        6.000        6.000        6.000
   230:        6.000        6.000        6.000        6.000        6.000
   235:        6.000        6.000        6.000        6.000        6.000
   240:        6.000        6.000        6.000        6.000       23.000
   245:        6.000        2.000        4.000       22.000       24.000
   250:       12.000       13.000        8.000        5.000       17.000
   255:       18.000       14.000       10.000        6.000       19.000
   260:       11.000        6.000        6.000        2.000        4.000
   265:       22.000       24.000       12.000       13.000        8.000
   270:        5.000       17.000        6.000       18.000       14.000
   275:       10.000        6.000       19.000       11.000        6.000
   280:        6.000        6.000        6.000        6.000        6.000
   285:        6.000        6.000        6.000        6.000        6.000
   290:        6.000        6.000        6.000        6.000        6.000
   295:        6.000        6.000        6.000        6.000        6.000
   300:        6.000        6.000        6.000        6.000        6.000
   305:        6.000        6.000        6.000        6.000        6.000
   310:        6.000        6.000        6.000        6.000        6.000
   315:        6.000        6.000        6.000        6.000        6.000
   320:        6.000        6.000        6.000        6.000        6.000
   325:        6.000        6.000        6.000        6.000        6.000
   330:        6.000        6.000        6.000        6.000        6.000
   335:        6.000        6.000        6.000        6.000        6.000
   340:        2.000        4.000       22.000       24.000       12.000
   345:       13.000        8.000        5.000       17.000       18.000
   350:       14.000       10.000        6.000       19.000       11.000
   355:        6.000        6.000        6.000        6.000        2.000
   360:        4.000       22.000       24.000       12.000       13.000
   365:        8.000        5.000       17.000       18.000       14.000
   370:       10.000        6.000        6.000       19.000       11.000
   375:        6.000        6.000        6.000        6.000        6.000
   380:        6.000        6.000        6.000        6.000        6.000
   385:        6.000        6.000        6.000        6.000        6.000
   390:        6.000        6.000        6.000        6.000        6.000
   395:        6.000        6.000        6.000        6.000        6.000
   400:        6.000        6.000        6.000        6.000        6.000
   405:        6.000        6.000        6.000        6.000        6.000
   410:        6.000        6.000        6.000        6.000        6.000
   415:        6.000        6.000        6.000        6.000        6.000
   420:        6.000        6.000        6.000        6.000        6.000
   425:        6.000        6.000        2.000        4.000       22.000
   430:       24.000       12.000       13.000        8.000        5.000
   435:       17.000       18.000       14.000       10.000        6.000
   440:       21.000       22.000       19.000       11.000        6.000
   445:        6.000        6.000        6.000        6.000        6.000
   450:        6.000        6.000        6.000        6.000        6.000
   455:        6.000        6.000        6.000        6.000        6.000
   460:        6.000        6.000        6.000        6.000        6.000
   465:        6.000        6.000        6.000        6.000        6.000
   470:        6.000        6.000        6.000        6.000        6.000
   475:        6.000        6.000        6.000        6.000        6.000
   480:        6.000        6.000        6.000        6.000        6.000
   485:        6.000        6.000        6.000        6.000        6.000
   490:        6.000        6.000        6.000        6.000        6.000
   495:        6.000        6.000        6.000        6.000        6.000
   500:        6.000        6.000        6.000        6.000        6.000
   505:        6.000        6.000        6.000        6.000        6.000
   510:        6.000        6.000        6.000        6.000        6.000
   515:        6.000        6.000        6.000        6.000        6.000
   520:        6.000        6.000        6.000        6.000        6.000
   525:        6.000        6.000        6.000        6.000        6.000
   530:        6.000        6.000        6.000        6.000        6.000
   535:        6.000        6.000        6.000        6.000        6.000
   540:        6.000        6.000        6.000        6.000        6.000
   545:        6.000        6.000        2.000        4.000       22.000
   550:       24.000       12.000       13.000        8.000        5.000
   555:       17.000       18.000       14.000       10.000        6.000
   560:       19.000       11.000        6.000        6.000        6.000
   565:        6.000        2.000        4.000       22.000       24.000
   570:       12.000       13.000        8.000        5.000       17.000
   575:        6.000       18.000       14.000       10.000       19.000
   580:       11.000        6.000        6.000        2.000        4.000
   585:       22.000       24.000       12.000       13.000        8.000
   590:        5.000       17.000       21.000       22.000       18.000
   595:       14.000       10.000       19.000       11.000        6.000
   600:        6.000        6.000        6.000        6.000        6.000
   605:        6.000        6.000        6.000        6.000        6.000
   610:        6.000        6.000        6.000        6.000        6.000
   615:        2.000        4.000       22.000       24.000       12.000
   620:       13.000        8.000        5.000       17.000       18.000
   625:       14.000       10.000        6.000       19.000       11.000
   630:        6.000        6.000        6.000        2.000        4.000
   635:       22.000       24.000       12.000       13.000        8.000
   640:        5.000       17.000       21.000       22.000       18.000
   645:       14.000       10.000       19.000       11.000        6.000
   650:        6.000        6.000        2.000        4.000       22.000
   655:       24.000       12.000       13.000        8.000        5.000
   660:       17.000       18.000       14.000       10.000       19.000
   665:       11.000        2.000        4.000       22.000       24.000
   670:       12.000       13.000        8.000        5.000       17.000
   675:       18.000       14.000       10.000        6.000       19.000
   680:       11.000        6.000        6.000        6.000        6.000
   685:        6.000        6.000        6.000        6.000        6.000
   690:        6.000        6.000        6.000        6.000        6.000
   695:        6.000        6.000        6.000        6.000        6.000
   700:        6.000        6.000        6.000        6.000        6.000
   705:        6.000        6.000        6.000        6.000        6.000
   710:        6.000      100.000
T:
     0:        0.000        0.000        0.000        0.000      106.000
     5:      155.430      156.380      163.150      166.730      238.350
    10:      238.730      239.150      258.810      258.940      258.990
    15:      265.460      265.770      291.570      291.600      297.920
    20:      319.040      323.220      421.130      421.260      422.020
    25:      433.130      433.380      470.000      470.080      471.080
    30:      471.170      471.350      544.260      550.810      551.650
    35:      552.090      552.590      553.430      553.580      554.540
    40:      561.380      561.450      574.380      577.030      577.080
    45:      611.620      611.910      623.670      678.690      754.060
    50:      758.310      763.370      790.070      863.050      863.150
    55:      863.700      869.700     1044.710     1046.970     1047.180
    60:     1047.210     1054.610     1055.490     1125.480     1127.190
    65:     1199.780     1254.020     1266.920     1267.030     1277.640
    70:     1280.900     1282.540     1282.790     1295.640     1296.010
    75:     1302.110     1302.450     1308.430     1315.750     1315.980
    80:     1329.000     1329.110     1331.220     1331.670     1333.700
    85:     1334.020     1335.810     1335.870     1336.220     1337.450
    90:     1346.190     1348.270     1348.360     1360.620     1366.820
    95:     1387.980     1389.590     1391.190     1391.980     1409.300
   100:     1409.340     1409.420     1409.520     1419.620     1419.940
   105:     1421.840     1437.600     1437.730     1437.830     1437.940
   110:     1445.460     1461.240     1465.540     1468.760     1470.470
   115:     1470.580     1474.990     1476.780     1484.400     1484.540
   120:     1485.070     1515.140     1537.730     1539.890     1540.300
   125:     1571.860     1573.920     1574.030     1574.220     1574.810
   130:     1576.150     1577.110     1577.350     1591.960     1594.970
   135:     1599.300     1599.560     1600.520     1602.410     1606.240
   140:     1624.870     1625.450     1625.840     1625.970     1626.540
   145:     1626.630     1627.320     1628.610     1629.060     1629.240
   150:     1630.340     1631.010     1632.430     1638.010     1643.880
   155:     1644.470     1674.740     1674.760     1674.900     1711.600
   160:     1714.090     1716.030     1717.380     1717.600     1728.490
   165:     1735.580     1735.970     1737.930     1755.910     1758.190
   170:     1758.610     1758.650     1758.790     1759.700     1759.860
   175:     1779.350     1779.770     1788.290     1791.840     1793.590
   180:     1794.870     1800.430     1807.060     1812.790     1813.170
   185:     1825.850     1966.700     1967.100     1967.480     2060.240
   190:     2060.570     2086.090     2086.090     2086.090     2086.100
   195:     2086.100     2086.100     2086.100     2086.100     2086.100
   200:     2086.590     2090.100     2091.100     2091.100     2096.090
   205:     2096.100     2109.080     2126.430     2126.490     2126.670
   210:     2131.560     2133.040     2150.810     2169.750     2171.640
   215:     2173.830     2173.930     2194.960     2215.850     2239.260
   220:     2265.220     2283.690     2289.400     2289.450     2289.500
   225:     2289.550     2289.630     2306.130     2330.360     2330.630
   230:     2331.770     2354.010     2359.860     2374.120     2379.000
   235:     2415.660     2474.220     2626.730     2626.790     2983.300
   240:     4075.620     4152.300     4193.600     4193.850     4215.450
   245:     4223.400     4334.580     4334.580     4334.580     4334.590
   250:     4334.590     4334.590     4334.590     4334.590     4334.590
   255:     4338.590     4339.590     4339.590     4344.520     4344.580
   260:     4344.590     4375.830     4375.900     4380.350     4380.350
   265:     4380.350     4380.360     4380.360     4380.360     4380.360
   270:     4380.360     4380.360     4383.220     4384.360     4385.360
   275:     4385.360     4389.760     4390.350     4390.360     4444.050
   280:     4446.230     4446.590     4446.680     4447.430     4447.570
   285:     4471.710     4475.390     4476.290     4478.020     4480.310
   290:     4480.540     4484.630     4486.450     4486.620     4490.310
   295:     4490.390     4491.080     4491.490     4491.680     4491.870
   300:     4491.990     4492.090     4492.150     4492.240     4493.550
   305:     4494.610     4494.810     4495.230     4495.520     4495.570
   310:     4495.950     4496.050     4508.960     4535.160     4549.340
   315:     4551.640     4575.650     4576.440     4756.030     4830.310
   320:     4832.960     4840.270     4842.310     4903.810     4903.930
   325:     4904.150     4905.040     4905.500     4948.190     5024.980
   330:     5029.100     5051.540     5052.920     5055.510     5055.700
   335:     5060.600     5136.740     5137.020     5147.340     5824.020
   340:     5862.390     5862.390     5862.390     5862.400     5862.400
   345:     5862.400     5862.400     5862.400     5862.400     5866.400
   350:     5867.400     5867.400     5867.750     5872.390     5872.400
   355:     5874.800     5888.080     5889.290     5891.990     5898.570
   360:     5898.570     5898.570     5898.580     5898.580     5898.580
   365:     5898.580     5898.580     5898.580     5902.580     5903.580
   370:     5903.580     5907.540     5908.200     5908.570     5908.580
   375:     5958.860     5960.910     5961.080     5969.380     5969.650
   380:     5994.210     5995.070     6023.600     6027.620     6062.180
   385:     6152.130     6154.230     6173.280     6312.980     6313.070
   390:     6313.980     6314.120     6314.740     6314.830     6314.870
   395:     6314.960     6315.020     6315.120     6316.720     6319.350
   400:     6366.680     6366.940     6367.260     6367.330     6367.440
   405:     6367.550     6367.650     6367.790     6367.950     6368.220
   410:     6368.470     6368.910     6369.290     6369.470     6369.800
   415:     6370.150     6376.690     6376.980     6377.090     6377.160
   420:     6377.320     6377.540     6405.300     6652.010     7044.480
   425:     7170.360     7207.370     7211.510     7211.510     7211.510
   430:     7211.520     7211.520     7211.520     7211.520     7211.520
   435:     7211.520     7215.520     7216.520     7216.520     7217.060
   440:     7221.150     7221.150     7221.510     7221.520     7300.980
   445:     7325.370     7367.860     7367.990     7368.050     7368.230
   450:     7381.510     7417.770     7476.490     7477.140     7477.200
   455:     7477.700     7480.590     7525.740     7535.400     7535.840
   460:     7580.320     7589.780     7589.980     7595.290     7603.680
   465:     7611.670     7612.120     7686.110     7686.150     7688.860
   470:     7694.400     7696.040     7776.380     7781.520     7782.170
   475:     7862.110     7863.800     7985.990     7986.070     7987.560
   480:     7992.340     7992.940     7993.050     7996.190     7996.680
   485:     8000.300     8000.890     8010.570     8010.820     8011.260
   490:     8012.160     8012.290     8013.230     8013.340     8013.740
   495:     8013.790     8014.580     8017.870     8017.920     8019.150
   500:     8037.810     8320.700     8595.920     8598.030     8598.720
   505:     8598.800     8599.050     8599.470     8669.300     8669.410
   510:     8669.750     8670.230     8670.870     8718.970     8728.770
   515:     8729.220     8730.440     8730.470     8731.280     8731.610
   520:     8753.350     8817.090     8850.060     8850.540     8858.130
   525:     8866.770     8868.810     8870.330     8871.410     9013.080
   530:     9057.610     9058.210     9058.310     9059.230     9129.780
   535:     9192.390     9195.860     9196.930     9197.350     9269.840
   540:     9270.160     9291.570     9305.310     9307.490     9307.760
   545:     9307.920     9329.840     9347.770     9347.770     9347.770
   550:     9347.780     9347.780     9347.780     9347.780     9347.780
   555:     9347.780     9351.780     9352.780     9352.780     9356.290
   560:     9357.770     9357.780     9371.680     9372.770     9373.120
   565:     9373.190     9380.700     9380.700     9380.700     9380.710
   570:     9380.710     9380.710     9380.710     9380.710     9380.710
   575:     9384.200     9384.710     9385.710     9385.710     9390.700
   580:     9390.710     9473.040     9474.860     9507.660     9507.660
   585:     9507.660     9507.670     9507.670     9507.670     9507.670
   590:     9507.670     9507.670     9507.820     9507.820     9511.670
   595:     9512.670     9512.670     9517.660     9517.670     9529.720
   600:     9530.500    10056.560    10056.790    10060.440    10062.270
   605:    10062.300    10065.090    10075.830    10076.000    10077.880
   610:    10078.950    10103.820    10116.060    10178.120    10178.590
   615:    10229.030    10229.030    10229.030    10229.040    10229.040
   620:    10229.040    10229.040    10229.040    10229.040    10233.040
   625:    10234.040    10234.040    10238.490    10239.030    10239.040
   630:    10241.670    10242.840    10242.950    10259.890    10259.890
   635:    10259.890    10259.900    10259.900    10259.900    10259.900
   640:    10259.900    10259.900    10261.260    10261.260    10263.900
   645:    10264.900    10264.900    10269.890    10269.900    10270.940
   650:    10271.050    10271.390    10279.500    10279.500    10279.500
   655:    10279.510    10279.510    10279.510    10279.510    10279.510
   660:    10279.510    10283.510    10284.510    10284.510    10289.500
   665:    10289.510    10299.130    10299.130    10299.130    10299.140
   670:    10299.140    10299.140    10299.140    10299.140    10299.140
   675:    10303.140    10304.140    10304.140    10307.820    10309.130
   680:    10309.140    10310.110    10329.950    10336.030    10336.130
   685:    10336.310    10341.140    10341.260    10345.500    10368.420
   690:    10382.250    10382.540    10384.630    10400.760    10401.190
   695:    10408.080    10408.140    10427.610    10447.570    10456.310
   700:    10456.650    10457.090    10477.110    10477.210    10477.520
   705:    10477.720    10511.900    10527.170    10610.180    10734.800
   710:    10772.110    10800.010
