File: C:\MED-PC IV\DATA\!2025-03-17_12h45m.Subject 67



Start Date: 03/17/25
End Date: 03/17/25
Subject: 67
Experiment: OralFentSA
Group: One
Box: 3
Start Time: 12:45:15
End Time: 15:46:45
MSN: Golden_Liq_SelfAdmin_EXT
F:       0.000
G:     592.000
H:   10800.010
I:       0.000
J:       0.000
K:       0.000
L:       0.000
M:       0.000
N:       0.000
O:       0.000
P:       0.000
Q:       0.000
R:       0.000
S:       0.000
U:       0.000
V:       0.000
W:       0.000
X:       0.000
Y:       0.000
Z:       0.000
A:
     0:        0.000        0.000      180.000        4.000        0.000
     5:        5.000        0.000        5.000        0.000        0.000
    10:        1.000        0.000       10.000 100000000.00       22.000
    15:       26.000      640.000        0.000        0.000        0.000
    20:        0.000
B:
     0:        0.000        0.000        0.000        0.000        0.000
     5:        0.000        0.000        0.000        0.000        0.000
    10:        0.000        0.000     1000.000 10000000000.        0.000
    15:        0.000        0.000        0.000        0.000        0.000
    20:        0.000
C:
     0:        0.000       26.000        0.000       29.000      325.000
     5:    10649.000       11.000       23.000     1565.710       68.074
    10:       29.000      105.000        0.000        0.000        0.000
    15:        0.000        0.000        0.000        0.000        0.000
    20:        0.000
D:
     0:      116.790       26.600       77.110       51.800        5.100
     5:      113.680       95.640       50.850        1.070        1.870
    10:       33.940      286.020       46.170        5.280      297.350
    15:       62.560       83.770       46.760        3.340      135.470
    20:        0.830       12.710       11.000
E:
     0:       19.000       11.000       26.000       27.000        6.000
     5:        6.000        6.000        6.000        6.000        2.000
    10:        4.000       22.000       24.000       19.000       11.000
    15:        6.000        6.000       23.000       23.000       23.000
    20:       23.000       23.000       23.000        6.000        6.000
    25:       23.000       23.000        6.000        6.000        6.000
    30:        6.000        6.000        6.000        6.000        6.000
    35:        2.000        4.000       22.000       24.000       21.000
    40:       22.000       19.000       11.000        6.000        6.000
    45:       23.000        6.000        6.000        6.000        2.000
    50:        4.000       22.000       24.000       19.000       11.000
    55:        6.000        6.000       23.000        2.000        4.000
    60:       22.000       24.000       19.000       11.000        6.000
    65:       23.000        6.000        6.000        6.000        6.000
    70:        6.000        6.000       23.000       23.000        6.000
    75:        6.000        6.000        6.000        2.000        4.000
    80:       22.000       24.000        6.000       19.000       11.000
    85:       23.000        6.000        6.000        6.000        6.000
    90:        6.000        2.000        4.000       22.000       24.000
    95:       19.000       11.000        6.000       23.000       23.000
   100:       23.000        6.000        6.000        6.000        6.000
   105:        6.000        6.000        6.000        6.000        6.000
   110:        6.000        6.000        6.000        6.000        6.000
   115:        6.000        6.000        6.000       23.000       23.000
   120:       23.000        2.000        4.000       22.000       24.000
   125:       19.000       11.000        6.000        6.000        6.000
   130:        6.000        6.000        6.000        6.000        2.000
   135:        4.000       22.000       24.000       19.000       11.000
   140:        6.000        6.000        6.000        6.000       23.000
   145:        6.000        6.000        6.000        6.000        6.000
   150:        6.000        6.000        6.000        6.000        6.000
   155:        6.000        2.000        4.000       22.000       24.000
   160:        6.000        6.000        6.000       21.000       22.000
   165:       19.000       11.000        6.000       23.000       23.000
   170:       23.000       23.000       23.000       23.000       23.000
   175:       23.000        6.000        2.000        4.000       22.000
   180:       24.000        6.000       19.000       11.000       23.000
   185:       23.000        2.000        4.000       22.000       24.000
   190:       19.000       11.000        6.000        6.000        6.000
   195:        6.000        6.000        6.000        6.000        6.000
   200:        6.000        6.000        6.000        6.000        6.000
   205:        6.000        6.000        6.000        6.000        6.000
   210:       23.000       23.000       23.000        6.000        6.000
   215:        6.000        6.000        6.000        6.000        2.000
   220:        4.000       22.000       24.000       19.000       11.000
   225:       23.000        6.000        6.000        6.000       23.000
   230:       23.000       23.000       23.000       23.000       23.000
   235:       23.000       23.000        6.000        6.000        6.000
   240:        6.000        6.000       23.000        6.000        6.000
   245:        6.000        6.000        6.000        6.000        6.000
   250:        6.000        2.000        4.000       22.000       24.000
   255:       19.000       11.000        6.000        6.000        2.000
   260:        4.000       22.000       24.000        6.000       19.000
   265:       11.000       23.000       23.000       23.000       23.000
   270:       23.000       23.000       23.000       23.000       23.000
   275:       23.000       23.000       23.000       23.000       23.000
   280:        6.000       23.000        2.000        4.000       22.000
   285:       24.000       19.000       11.000        6.000        6.000
   290:        6.000        6.000        6.000        6.000        6.000
   295:        6.000        6.000        6.000        6.000        6.000
   300:        6.000        6.000        6.000        6.000        6.000
   305:        6.000        6.000        6.000        6.000       23.000
   310:        6.000        6.000        6.000        6.000        6.000
   315:        6.000        2.000        4.000       22.000       24.000
   320:       21.000       22.000       21.000       22.000       19.000
   325:       11.000        2.000        4.000       22.000       24.000
   330:       19.000       11.000        6.000        6.000       23.000
   335:       23.000       23.000        6.000        6.000        6.000
   340:        6.000       23.000       23.000       23.000       23.000
   345:       23.000       23.000       23.000        2.000        4.000
   350:       22.000       24.000       19.000       11.000        2.000
   355:        4.000       22.000       24.000       19.000       11.000
   360:        6.000       23.000       23.000       23.000       23.000
   365:        6.000        2.000        4.000       22.000       24.000
   370:       19.000       11.000        6.000        6.000        6.000
   375:        6.000        6.000        6.000        6.000        6.000
   380:        6.000        6.000        6.000       23.000       23.000
   385:       23.000        6.000        2.000        4.000       22.000
   390:       24.000        6.000       19.000       11.000       23.000
   395:       23.000        6.000        6.000        6.000        6.000
   400:        6.000        6.000        6.000        6.000        6.000
   405:        6.000        6.000        6.000        6.000        6.000
   410:        2.000        4.000       22.000       24.000       19.000
   415:       11.000       23.000       23.000        6.000        6.000
   420:       23.000        6.000        2.000        4.000       22.000
   425:       24.000        6.000       19.000       11.000        6.000
   430:        6.000        6.000        6.000        6.000        6.000
   435:        6.000        6.000        6.000        6.000        6.000
   440:        6.000        6.000        6.000        6.000        6.000
   445:        6.000        6.000        6.000        6.000        6.000
   450:        6.000        6.000       23.000        6.000        6.000
   455:        2.000        4.000       22.000       24.000       19.000
   460:       11.000        6.000        6.000        6.000        6.000
   465:        6.000        6.000        6.000        6.000        6.000
   470:        6.000        6.000        6.000        6.000        6.000
   475:        6.000        6.000        6.000        6.000        6.000
   480:        6.000        6.000       23.000        6.000        6.000
   485:        6.000        6.000        6.000        6.000        6.000
   490:        6.000        6.000        6.000        6.000        6.000
   495:        6.000        6.000        6.000        6.000        6.000
   500:        6.000        6.000        6.000        6.000        6.000
   505:        6.000        6.000        6.000        6.000        6.000
   510:       23.000       23.000       23.000       23.000       23.000
   515:       23.000       23.000       23.000       23.000       23.000
   520:       23.000       23.000       23.000        6.000        6.000
   525:        6.000        6.000        6.000        6.000        6.000
   530:        6.000        6.000        6.000        6.000        6.000
   535:        6.000        6.000        6.000        6.000        6.000
   540:        6.000        6.000        6.000        6.000        6.000
   545:        6.000        6.000        6.000        6.000        6.000
   550:        6.000       23.000        6.000        6.000        6.000
   555:        6.000       23.000       23.000       23.000       23.000
   560:        6.000        6.000        6.000        6.000        6.000
   565:        6.000        6.000        6.000        6.000        6.000
   570:        6.000        6.000        6.000        6.000        6.000
   575:        6.000        6.000        6.000        6.000        6.000
   580:        6.000        6.000       23.000        2.000        4.000
   585:       22.000       24.000       19.000       11.000        6.000
   590:       23.000       23.000      100.000
T:
     0:        0.000        0.000        0.000        0.000       16.570
     5:       26.030       36.130       57.920       67.670      102.180
    10:      102.180      102.180      102.190      112.180      112.190
    15:      218.980      219.190      248.580      261.620      261.710
    20:      261.890      283.780      289.650      298.930      300.730
    25:      318.990      322.770      326.240      327.070      330.030
    30:      330.270      334.000      356.730      382.520      390.540
    35:      420.310      420.310      420.310      420.320      423.350
    40:      423.350      430.310      430.320      446.920      605.290
    45:      642.470      728.630      738.590      738.780      803.490
    50:      803.490      803.490      803.500      813.490      813.500
    55:      880.610      897.870      940.330     1017.680     1017.680
    60:     1017.680     1017.690     1027.680     1027.690     1069.490
    65:     1079.710     1178.400     1196.370     1197.810     1204.110
    70:     1210.370     1501.800     1599.610     1602.610     1654.680
    75:     1654.800     1676.840     1697.500     1701.080     1701.080
    80:     1701.080     1701.090     1706.190     1711.080     1711.090
    85:     1733.040     1762.150     1762.280     1766.260     1805.190
    90:     1894.170     1934.900     1934.900     1934.900     1934.910
    95:     1944.900     1944.910     2048.590     2094.530     2097.730
   100:     2098.100     2139.720     2143.570     2143.590     2150.050
   105:     2175.220     2221.530     2230.760     2236.010     2248.920
   110:     2248.990     2252.230     2252.400     2261.910     2261.960
   115:     2262.150     2262.210     2263.530     2359.620     2360.970
   120:     2362.250     2372.970     2372.970     2372.970     2372.980
   125:     2382.970     2382.980     2468.620     2492.430     2549.400
   130:     2549.950     2550.190     2550.450     2552.440     2596.560
   135:     2596.560     2596.560     2596.570     2606.560     2606.570
   140:     2647.420     2701.890     2702.420     2730.540     2733.330
   145:     2762.050     2812.720     2827.420     2833.150     2833.330
   150:     2833.730     2834.000     2834.070     2835.120     2846.900
   155:     2852.040     2858.560     2858.560     2858.560     2858.570
   160:     2859.640     2862.160     2862.290     2868.430     2868.430
   165:     2868.560     2868.570     2991.200     3140.310     3141.690
   170:     3141.950     3142.420     3143.990     3144.120     3160.140
   175:     3175.020     3237.850     3393.450     3393.450     3393.450
   180:     3393.460     3395.330     3403.450     3403.460     3453.580
   185:     3453.850     3455.830     3455.830     3455.830     3455.840
   190:     3465.830     3465.840     3489.780     3490.150     3491.910
   195:     3492.350     3492.910     3492.940     3493.000     3495.670
   200:     3687.400     3687.420     3695.980     3809.400     3866.190
   205:     3961.230     3961.270     3962.110     3962.120     3964.850
   210:     3989.230     4027.840     4030.250     4043.010     4043.280
   215:     4043.870     4044.330     4050.640     4050.700     4064.880
   220:     4064.880     4064.880     4064.890     4074.880     4074.890
   225:     4201.930     4350.910     4351.260     4351.450     4368.120
   230:     4393.910     4396.100     4413.710     4417.400     4440.730
   235:     4442.360     4446.210     4505.110     4544.030     4545.330
   240:     4711.950     4712.700     4745.400     4755.280     4755.560
   245:     4755.580     4839.460     4839.480     4844.400     4845.190
   250:     4850.650     4862.160     4862.160     4862.160     4862.170
   255:     4872.160     4872.170     4908.340     4908.840     4922.450
   260:     4922.450     4922.450     4922.460     4927.740     4932.450
   265:     4932.460     4952.310     4953.270     4954.160     4954.720
   270:     4955.510     4955.910     4956.610     4956.880     4969.750
   275:     4970.560     4976.130     4977.110     4977.970     4987.510
   280:     5038.340     5101.410     5110.250     5110.250     5110.250
   285:     5110.260     5120.250     5120.260     5407.610     5409.630
   290:     5529.610     5529.710     5529.970     5530.920     5533.140
   295:     5533.190     5533.260     5544.380     5559.470     5560.290
   300:     5566.310     5567.500     5569.200     5573.310     5578.950
   305:     5581.340     5658.600     5659.150     5699.090     5745.410
   310:     5787.820     5807.520     5807.530     5807.710     5808.350
   315:     5840.090     5871.060     5871.060     5871.060     5871.070
   320:     5871.250     5871.250     5877.520     5877.520     5881.060
   325:     5881.070     5882.100     5882.100     5882.100     5882.110
   330:     5892.100     5892.110     5944.670     5994.350     5999.780
   335:     6002.250     6004.320     6018.360     6018.850     6040.650
   340:     6094.110     6241.070     6241.430     6243.980     6244.150
   345:     6245.070     6255.960     6256.010     6262.020     6262.020
   350:     6262.020     6262.030     6272.020     6272.030     6279.540
   355:     6279.540     6279.540     6279.550     6289.540     6289.550
   360:     6363.320     6429.750     6537.730     6647.130     6647.620
   365:     6656.430     6689.240     6689.240     6689.240     6689.250
   370:     6699.240     6699.250     6736.010     6736.340     6736.490
   375:     6736.590     6747.200     6751.390     6751.430     6751.490
   380:     6751.520     6751.850     6762.770     6794.430     6934.120
   385:     6937.550     6955.800     6968.360     6968.360     6968.360
   390:     6968.370     6971.710     6978.360     6978.370     7158.730
   395:     7159.380     7319.560     7337.520     7343.850     7344.390
   400:     7353.180     7353.510     7355.620     7356.460     7357.590
   405:     7366.930     7367.430     7372.660     7376.740     7376.960
   410:     7413.390     7413.390     7413.390     7413.400     7423.390
   415:     7423.400     7503.960     7504.610     7548.870     7548.990
   420:     7580.670     7662.120     7674.680     7674.680     7674.680
   425:     7674.690     7675.520     7684.680     7684.690     7722.370
   430:     7722.380     7846.060     7847.250     7847.270     7863.680
   435:     7863.800     7863.850     7864.620     7894.160     7894.410
   440:     7894.510     7899.750     7900.450     7901.310     7902.790
   445:     7904.650     7905.800     7968.900     7970.200     8117.710
   450:     8118.050     8178.370     8289.320     8304.320     8324.090
   455:     8337.920     8337.920     8337.920     8337.930     8347.920
   460:     8347.930     8350.640     8381.970     8382.340     8389.650
   465:     8394.280     8465.220     8468.870     8482.470     8498.280
   470:     8545.530     8560.130     8560.610     8567.350     8642.860
   475:     8642.980     8643.040     8644.430     8656.270     8657.230
   480:     8658.300     8694.400     8796.050     8819.760     8833.880
   485:     8833.960     8837.580     8846.240     8846.320     8846.610
   490:     8846.640     8848.790     8848.860     8848.900     8860.040
   495:     8860.270     8860.520     8861.420     8863.920     8868.790
   500:     9211.540     9216.680     9216.760     9216.820     9216.990
   505:     9227.540     9371.210     9371.230     9371.260     9377.520
   510:     9385.460     9388.660     9388.850     9404.090     9404.420
   515:     9405.600     9405.920     9407.440     9429.560     9430.010
   520:     9430.220     9439.040     9440.260     9508.920     9509.560
   525:     9510.200     9510.390     9673.490     9675.660     9675.900
   530:     9682.350     9683.070     9683.660     9684.340     9685.070
   535:     9695.390     9723.710     9724.320     9724.960     9725.470
   540:     9726.060     9726.280     9727.290     9729.070     9730.300
   545:     9730.530     9731.000     9731.280     9731.660     9731.740
   550:     9731.810     9745.350     9799.760     9899.610     9916.240
   555:     9916.460    10028.230    10081.260    10083.040    10084.200
   560:    10258.380    10258.480    10333.560    10341.620    10342.360
   565:    10342.860    10343.060    10344.350    10345.420    10345.730
   570:    10346.320    10362.510    10362.830    10362.930    10373.710
   575:    10373.770    10373.780    10374.450    10517.330    10517.410
   580:    10547.840    10566.340    10599.130    10648.990    10648.990
   585:    10648.990    10649.000    10658.990    10659.000    10660.000
   590:    10787.570    10787.760    10800.010
