File: C:\MED-PC IV\DATA\!2025-02-25_13h39m.Subject 68



Start Date: 02/25/25
End Date: 02/25/25
Subject: 68
Experiment: OralFentSA
Group: One
Box: 4
Start Time: 13:39:11
End Time: 16:39:35
MSN: Golden_Liq_SelfAdmin
F:       0.000
G:    1789.000
H:   10800.010
I:       0.000
J:       0.000
K:       0.000
L:       0.000
M:       0.000
N:       0.000
O:       0.000
P:       0.000
Q:       0.000
R:       0.000
S:       0.000
U:       0.000
V:       0.000
W:       0.000
X:       0.000
Y:       0.000
Z:       0.000
A:
     0:        0.000        0.000      180.000        4.000        0.000
     5:        5.000        0.000        5.000        0.000        0.000
    10:        1.000        0.000       10.000 100000000.00       22.000
    15:       12.000      640.000        0.000        0.000        0.000
    20:        0.000
B:
     0:        0.000        0.000        0.000      400.000        0.000
     5:      500.000        0.000      500.000        0.000        0.000
    10:        0.000        0.000     1000.000 10000000000.        0.000
    15:        0.000        0.000        0.000        0.000        0.000
    20:        0.000
C:
     0:       42.000       43.000        0.000       71.000     1101.000
     5:    10748.930        3.820       38.000      662.300       17.429
    10:       71.000       38.000        0.000        0.000        0.000
    15:        0.000        0.000        0.000        0.000        0.000
    20:        0.000
D:
     0:       43.130        2.330       18.930       82.480       10.790
     5:       52.460        4.860       17.800        5.050        7.070
    10:        4.610        0.750       14.100        9.790        6.320
    15:        4.970      113.060        3.050        2.820        9.230
    20:       82.970        7.910        4.040        8.780        1.290
    25:       44.160        5.820        4.710        8.740        3.650
    30:        8.000        3.930       13.310        6.500        4.470
    35:       32.570        4.030        3.820
E:
     0:       19.000       11.000       26.000       27.000        6.000
     5:        6.000        6.000        6.000        6.000        6.000
    10:        6.000        2.000        4.000       22.000       24.000
    15:       12.000       13.000        8.000        5.000       17.000
    20:       18.000       14.000       10.000       19.000       11.000
    25:        2.000        4.000       22.000       24.000       12.000
    30:       13.000        8.000        5.000       17.000       18.000
    35:       14.000       10.000       19.000       11.000       23.000
    40:       23.000        6.000        6.000        6.000        6.000
    45:        6.000        2.000        4.000       22.000       24.000
    50:       12.000       13.000        8.000        5.000       17.000
    55:        6.000       18.000       14.000       10.000       23.000
    60:       19.000       11.000       23.000        6.000        6.000
    65:        6.000        6.000        6.000        6.000        6.000
    70:        2.000        4.000       22.000       24.000       12.000
    75:       13.000        8.000        5.000       17.000       18.000
    80:       14.000       10.000       19.000       11.000       23.000
    85:       23.000       23.000        2.000        4.000       22.000
    90:       24.000       12.000       13.000        8.000        5.000
    95:       17.000       18.000       14.000       10.000       19.000
   100:       11.000        6.000        6.000       23.000       23.000
   105:       23.000       23.000        6.000        2.000        4.000
   110:       22.000       24.000       12.000       13.000        8.000
   115:        5.000       17.000       21.000       22.000       21.000
   120:       22.000       18.000       14.000       10.000       19.000
   125:       11.000        6.000        6.000        6.000        6.000
   130:        2.000        4.000       22.000       24.000       12.000
   135:       13.000        8.000        5.000       17.000       21.000
   140:       22.000       21.000       22.000       18.000       14.000
   145:       10.000       19.000       11.000        6.000        6.000
   150:       23.000        2.000        4.000       22.000       24.000
   155:       12.000       13.000        8.000        5.000       17.000
   160:       18.000       14.000       10.000       19.000       11.000
   165:       23.000       23.000        6.000        6.000        6.000
   170:        2.000        4.000       22.000       24.000       12.000
   175:       13.000        8.000        5.000       17.000       18.000
   180:        6.000       14.000       10.000       21.000       22.000
   185:       19.000       11.000       23.000        6.000        6.000
   190:        6.000        6.000        6.000       23.000       23.000
   195:        2.000        4.000       22.000       24.000       12.000
   200:       13.000        8.000        5.000       17.000       21.000
   205:       22.000       18.000       14.000       10.000       19.000
   210:       11.000        2.000        4.000       22.000       24.000
   215:       12.000       13.000        8.000        5.000       17.000
   220:       18.000       14.000       10.000       19.000       11.000
   225:        6.000        2.000        4.000       22.000       24.000
   230:       12.000       13.000        8.000        5.000       17.000
   235:       18.000       14.000       10.000       21.000       22.000
   240:       21.000       22.000       21.000       22.000       19.000
   245:       11.000        2.000        4.000       22.000       24.000
   250:       12.000       13.000        8.000        5.000       17.000
   255:       21.000       22.000       18.000       14.000       10.000
   260:        6.000        6.000        6.000        6.000       19.000
   265:       11.000        6.000        6.000        6.000        6.000
   270:        6.000        6.000        6.000        6.000        6.000
   275:        6.000        6.000        6.000        6.000        6.000
   280:        6.000        6.000        6.000        6.000        6.000
   285:        6.000        6.000        2.000        4.000       22.000
   290:       24.000       12.000       13.000        8.000        5.000
   295:       17.000       18.000       14.000       10.000        6.000
   300:        6.000        6.000       19.000       11.000        6.000
   305:        6.000        6.000        6.000        6.000       23.000
   310:        6.000        6.000        6.000        6.000        6.000
   315:        6.000        6.000        6.000        6.000        6.000
   320:        6.000        6.000        6.000        6.000        6.000
   325:        6.000        6.000        6.000        6.000        6.000
   330:        6.000        6.000        6.000        6.000        6.000
   335:       23.000       23.000       23.000        6.000        6.000
   340:        6.000        6.000        6.000        6.000        6.000
   345:        6.000        6.000        6.000        6.000        6.000
   350:        6.000        6.000        6.000        6.000        2.000
   355:        4.000       22.000       24.000       12.000       13.000
   360:        8.000        5.000       17.000       18.000        6.000
   365:       14.000       10.000       19.000       11.000        6.000
   370:        6.000        6.000        6.000        6.000        6.000
   375:        6.000        6.000        6.000        6.000        6.000
   380:        6.000        6.000        6.000        6.000        6.000
   385:        6.000        6.000        6.000        6.000        6.000
   390:       23.000        6.000       23.000        6.000        6.000
   395:        6.000        6.000        6.000        6.000        6.000
   400:        6.000        6.000        6.000        6.000        6.000
   405:        2.000        4.000       22.000       24.000       12.000
   410:       13.000        8.000        5.000       17.000        6.000
   415:        6.000        6.000        6.000        6.000        6.000
   420:        6.000        6.000        6.000       18.000        6.000
   425:        6.000        6.000       14.000       10.000       19.000
   430:       11.000        6.000        6.000        6.000        6.000
   435:        2.000        4.000       22.000       24.000       12.000
   440:       13.000        8.000        5.000       17.000       21.000
   445:       22.000       21.000       22.000       21.000       22.000
   450:       21.000       22.000       21.000       22.000       18.000
   455:       21.000       22.000       14.000       10.000       21.000
   460:       22.000       21.000       22.000       19.000       11.000
   465:        6.000        6.000        6.000        6.000        6.000
   470:        6.000        6.000        6.000        6.000        6.000
   475:        6.000        6.000        6.000        6.000        2.000
   480:        4.000       22.000       24.000       12.000       13.000
   485:        8.000        5.000       17.000       18.000       14.000
   490:       10.000        6.000       19.000       11.000        6.000
   495:        6.000        6.000        2.000        4.000       22.000
   500:       24.000       12.000       13.000        8.000        5.000
   505:       17.000       18.000       14.000       10.000        6.000
   510:        6.000        6.000       19.000       11.000        6.000
   515:        6.000        6.000        6.000        6.000        6.000
   520:        6.000        6.000        6.000        6.000        6.000
   525:        6.000        6.000        6.000        6.000        6.000
   530:        2.000        4.000       22.000       24.000       12.000
   535:       13.000        8.000        5.000       17.000       18.000
   540:        6.000       14.000       10.000       19.000       11.000
   545:        6.000        6.000        6.000        2.000        4.000
   550:       22.000       24.000       12.000       13.000        8.000
   555:        5.000       17.000       18.000       14.000       10.000
   560:       19.000       11.000        6.000        6.000        6.000
   565:        6.000        6.000        6.000        6.000        6.000
   570:        2.000        4.000       22.000       24.000       12.000
   575:       13.000        8.000        5.000       17.000        6.000
   580:        6.000       18.000       14.000       10.000       19.000
   585:       11.000        6.000        6.000        6.000        6.000
   590:        6.000        6.000        2.000        4.000       22.000
   595:       24.000       12.000       13.000        8.000        5.000
   600:       17.000       21.000       22.000       21.000       22.000
   605:        6.000        6.000       18.000       21.000       22.000
   610:       21.000       22.000       21.000       22.000       14.000
   615:       10.000       19.000       11.000        2.000        4.000
   620:       22.000       24.000       12.000       13.000        8.000
   625:        5.000       17.000       18.000       14.000       10.000
   630:        6.000       19.000       11.000        6.000        6.000
   635:        6.000        6.000        6.000        6.000        6.000
   640:        6.000        6.000        6.000        6.000        6.000
   645:        6.000        6.000        6.000        6.000        6.000
   650:        6.000        6.000        6.000        6.000        6.000
   655:        6.000        6.000        6.000        6.000        6.000
   660:        6.000        6.000        6.000        6.000        6.000
   665:        6.000        6.000        6.000        6.000        6.000
   670:        6.000        6.000        6.000        6.000        6.000
   675:        6.000        6.000        6.000        6.000        6.000
   680:        6.000        6.000        6.000        2.000        4.000
   685:       22.000       24.000       12.000       13.000        8.000
   690:        5.000       17.000       18.000       14.000       10.000
   695:       19.000       11.000        6.000        6.000        6.000
   700:        6.000        6.000        6.000        6.000        6.000
   705:        2.000        4.000       22.000       24.000       12.000
   710:       13.000        8.000        5.000       17.000       18.000
   715:       14.000       10.000        6.000        6.000        6.000
   720:        6.000        6.000        6.000       19.000       11.000
   725:        6.000        6.000        2.000        4.000       22.000
   730:       24.000       12.000       13.000        8.000        5.000
   735:       17.000       18.000        6.000        6.000       14.000
   740:       10.000       19.000       11.000        6.000        6.000
   745:        6.000        6.000        6.000        6.000        6.000
   750:        6.000        6.000        6.000        6.000        6.000
   755:        6.000        6.000        6.000        6.000        6.000
   760:        6.000        6.000        6.000        6.000        2.000
   765:        4.000       22.000       24.000       12.000       13.000
   770:        8.000        5.000       17.000       21.000       22.000
   775:       21.000       22.000       18.000       14.000       10.000
   780:        6.000        6.000       19.000       11.000        6.000
   785:        6.000        6.000        6.000        6.000        6.000
   790:        6.000        6.000        6.000        6.000        6.000
   795:        6.000        6.000        6.000        6.000        6.000
   800:        2.000        4.000       22.000       24.000       12.000
   805:       13.000        8.000        5.000       17.000        6.000
   810:        6.000       18.000       14.000       10.000       19.000
   815:       11.000        6.000        6.000        6.000        6.000
   820:        6.000        2.000        4.000       22.000       24.000
   825:       12.000       13.000        8.000        5.000       17.000
   830:       18.000       14.000       10.000       19.000       11.000
   835:        6.000        6.000        6.000        6.000        6.000
   840:        6.000        6.000        6.000        6.000        6.000
   845:        6.000        6.000        6.000        6.000        6.000
   850:        2.000        4.000       22.000       24.000       12.000
   855:       13.000        8.000        5.000       17.000       21.000
   860:       22.000       21.000       22.000       21.000       22.000
   865:       18.000       14.000       10.000        6.000        6.000
   870:       19.000       11.000        6.000        6.000        6.000
   875:        6.000        6.000        6.000        6.000        6.000
   880:       23.000       23.000       23.000       23.000       23.000
   885:       23.000        6.000        6.000       23.000        6.000
   890:       23.000        6.000        2.000        4.000       22.000
   895:       24.000       12.000       13.000        8.000        5.000
   900:       17.000       18.000        6.000       14.000       10.000
   905:       21.000       22.000       19.000       11.000       23.000
   910:       23.000        6.000        6.000        2.000        4.000
   915:       22.000       24.000       12.000       13.000        8.000
   920:        5.000       17.000       18.000       14.000       10.000
   925:        6.000        6.000       19.000       11.000        6.000
   930:        6.000        6.000        6.000        6.000        6.000
   935:        6.000        6.000        6.000        6.000        6.000
   940:        6.000        6.000        6.000        6.000        6.000
   945:        6.000        6.000        6.000        6.000        6.000
   950:        6.000        6.000        6.000        6.000        6.000
   955:        6.000        6.000        6.000        6.000        6.000
   960:        6.000        6.000        6.000        6.000        6.000
   965:        6.000        6.000        6.000        6.000        6.000
   970:        6.000        6.000        6.000        6.000        6.000
   975:        6.000        6.000        6.000        6.000        6.000
   980:        6.000        6.000        6.000        6.000        6.000
   985:        6.000        6.000        6.000        6.000        6.000
   990:        6.000        6.000        6.000        6.000        6.000
   995:        6.000        6.000        6.000        6.000        6.000
  1000:        6.000        6.000        6.000        6.000        6.000
  1005:        6.000        6.000        6.000        6.000        6.000
  1010:        6.000        6.000        6.000        6.000        6.000
  1015:        6.000        6.000        6.000        6.000        6.000
  1020:        6.000        6.000        6.000        6.000        6.000
  1025:        6.000        6.000        6.000        6.000        6.000
  1030:        6.000        6.000        6.000        6.000        6.000
  1035:        6.000        6.000        6.000        6.000        6.000
  1040:        6.000        6.000        6.000        6.000        6.000
  1045:        6.000        6.000        6.000        6.000        6.000
  1050:        6.000        6.000        6.000        6.000        6.000
  1055:        6.000        6.000        6.000        6.000        6.000
  1060:        6.000        6.000        6.000        6.000        6.000
  1065:        6.000        6.000        6.000        6.000        6.000
  1070:        6.000        6.000        6.000        6.000        6.000
  1075:        6.000        6.000        6.000        6.000        6.000
  1080:        6.000        6.000        6.000        6.000        6.000
  1085:        6.000        6.000        6.000        6.000        6.000
  1090:        6.000        6.000        6.000        6.000        6.000
  1095:        6.000        6.000        6.000        6.000        6.000
  1100:        6.000        6.000        6.000        6.000        6.000
  1105:        6.000        6.000        6.000        6.000        6.000
  1110:        6.000        6.000        6.000        6.000        6.000
  1115:        6.000        6.000        6.000        6.000        6.000
  1120:        6.000        6.000        6.000        6.000        6.000
  1125:        6.000        6.000        6.000        6.000        6.000
  1130:        6.000        6.000        6.000        2.000        4.000
  1135:       22.000       24.000       12.000       13.000        8.000
  1140:        5.000       17.000        6.000        6.000       18.000
  1145:       14.000       10.000       19.000       11.000        6.000
  1150:        6.000        6.000        6.000        6.000        6.000
  1155:        6.000        2.000        4.000       22.000       24.000
  1160:       12.000       13.000        8.000        5.000       17.000
  1165:       18.000       14.000       10.000        6.000        6.000
  1170:        6.000        6.000        6.000       19.000       11.000
  1175:        6.000        6.000        6.000        6.000        6.000
  1180:        6.000        6.000        6.000        6.000        6.000
  1185:        6.000        6.000        6.000        6.000        6.000
  1190:        6.000        6.000        6.000       23.000        6.000
  1195:        6.000        6.000        6.000        6.000        6.000
  1200:        6.000        6.000        6.000        6.000        6.000
  1205:        6.000        6.000        6.000        6.000        6.000
  1210:        6.000        6.000        6.000        6.000        6.000
  1215:        6.000        6.000        6.000        6.000        6.000
  1220:        6.000        6.000        6.000        6.000        6.000
  1225:        6.000        6.000        6.000        2.000        4.000
  1230:       22.000       24.000       12.000       13.000        8.000
  1235:        5.000       17.000        6.000       18.000       14.000
  1240:       10.000        6.000        6.000        6.000        6.000
  1245:       19.000       11.000        6.000        6.000        6.000
  1250:        6.000        6.000        6.000        6.000        6.000
  1255:        6.000        6.000        6.000        6.000        6.000
  1260:        6.000        6.000        6.000        6.000        6.000
  1265:        6.000        6.000        6.000        6.000        6.000
  1270:        6.000        6.000        6.000        6.000        6.000
  1275:        6.000        6.000        6.000        6.000        6.000
  1280:        6.000        6.000        6.000        6.000        6.000
  1285:        6.000        6.000        6.000        6.000        6.000
  1290:        6.000        6.000        6.000        6.000        6.000
  1295:        6.000        6.000        6.000        6.000        6.000
  1300:        6.000        6.000        6.000        6.000        6.000
  1305:        6.000        6.000        6.000        6.000        6.000
  1310:        6.000        6.000        6.000        6.000        6.000
  1315:        6.000        6.000        6.000        6.000        6.000
  1320:        6.000        6.000        6.000        6.000        6.000
  1325:        6.000        6.000        6.000        6.000        6.000
  1330:        6.000        6.000        6.000        6.000        6.000
  1335:        6.000        6.000        6.000        6.000        6.000
  1340:        6.000        6.000        6.000        6.000        6.000
  1345:        6.000        6.000        2.000        4.000       22.000
  1350:       24.000       12.000       13.000        8.000        5.000
  1355:       17.000       18.000       14.000       10.000       19.000
  1360:       11.000        6.000        6.000        6.000        6.000
  1365:        6.000        6.000        6.000        6.000        6.000
  1370:        6.000        6.000        6.000        6.000        6.000
  1375:        6.000        6.000        6.000        6.000        6.000
  1380:        6.000        6.000        6.000        6.000        6.000
  1385:        6.000        6.000        6.000        6.000        6.000
  1390:        6.000        6.000        6.000        6.000        6.000
  1395:        6.000        6.000        6.000        6.000        6.000
  1400:        6.000        6.000        6.000        6.000        6.000
  1405:        6.000        6.000        6.000        6.000        6.000
  1410:        6.000        6.000        6.000        6.000        6.000
  1415:        6.000        6.000        6.000        6.000        6.000
  1420:        6.000        6.000        6.000        6.000        6.000
  1425:        6.000        6.000        6.000        6.000        6.000
  1430:        6.000        6.000        6.000        6.000        6.000
  1435:        6.000        6.000        6.000        6.000        6.000
  1440:        6.000        6.000        6.000        6.000        6.000
  1445:        6.000        6.000        6.000        6.000        6.000
  1450:        6.000        6.000        6.000        6.000        6.000
  1455:        6.000        6.000        6.000        6.000        6.000
  1460:        6.000        6.000        6.000        6.000        6.000
  1465:        6.000        6.000        6.000        6.000        6.000
  1470:        6.000        6.000        6.000        6.000        6.000
  1475:        6.000        6.000        6.000        6.000        6.000
  1480:        6.000        6.000        6.000        6.000        6.000
  1485:        6.000        6.000        6.000        6.000        6.000
  1490:        6.000        6.000        6.000        6.000        6.000
  1495:        6.000        6.000        6.000        6.000        6.000
  1500:        6.000        6.000        6.000        6.000        6.000
  1505:        6.000        6.000        6.000        6.000        6.000
  1510:        6.000        6.000        6.000        6.000        6.000
  1515:        6.000        6.000        6.000        6.000        6.000
  1520:        6.000        6.000        6.000        6.000        6.000
  1525:        6.000        6.000        6.000        6.000        6.000
  1530:        6.000        6.000        6.000        6.000        6.000
  1535:        6.000        6.000        6.000        6.000        6.000
  1540:        6.000        6.000        6.000        6.000        6.000
  1545:        6.000        6.000        6.000        6.000        6.000
  1550:        6.000        6.000        6.000        6.000        6.000
  1555:        6.000        6.000        6.000        6.000        6.000
  1560:        6.000        6.000        6.000        6.000        6.000
  1565:        6.000        6.000        6.000        6.000        6.000
  1570:        6.000        6.000        6.000        6.000        6.000
  1575:        6.000        6.000        6.000        6.000        6.000
  1580:        6.000        6.000        6.000        6.000        6.000
  1585:        6.000        6.000        6.000        6.000        6.000
  1590:        6.000        6.000        6.000        6.000        6.000
  1595:        6.000        6.000        6.000        6.000        6.000
  1600:        6.000        6.000        6.000        6.000        6.000
  1605:        6.000        6.000        6.000        6.000        6.000
  1610:        6.000        6.000        2.000        4.000       22.000
  1615:       24.000       12.000       13.000        8.000        5.000
  1620:       17.000       18.000       14.000       10.000        6.000
  1625:        6.000        6.000        6.000        6.000       19.000
  1630:       11.000        6.000        6.000        6.000        6.000
  1635:        6.000        6.000        6.000        6.000        6.000
  1640:       23.000        6.000        6.000        6.000        6.000
  1645:       23.000        6.000        6.000        6.000        6.000
  1650:        6.000        6.000        6.000        6.000        6.000
  1655:        6.000        6.000        6.000       23.000        6.000
  1660:        6.000        6.000        6.000        6.000        6.000
  1665:        6.000        6.000        6.000        6.000        6.000
  1670:        6.000        6.000        6.000        6.000        6.000
  1675:        6.000        6.000        6.000        6.000        6.000
  1680:        6.000        6.000        6.000        2.000        4.000
  1685:       22.000       24.000       12.000       13.000        8.000
  1690:        5.000       17.000       18.000        6.000       14.000
  1695:       10.000        6.000        6.000       19.000       11.000
  1700:        6.000        6.000        6.000        6.000        6.000
  1705:        6.000        6.000        2.000        4.000       22.000
  1710:       24.000       12.000       13.000        8.000        5.000
  1715:       17.000       18.000       14.000       10.000       19.000
  1720:       11.000       23.000        6.000        6.000        6.000
  1725:        6.000        6.000        2.000        4.000       22.000
  1730:       24.000       12.000       13.000        8.000        5.000
  1735:       17.000       18.000        6.000       14.000       10.000
  1740:       19.000       11.000        6.000        6.000        6.000
  1745:        6.000        6.000        6.000        6.000        6.000
  1750:        6.000        6.000        6.000        6.000        6.000
  1755:        6.000        6.000        6.000        6.000        6.000
  1760:        6.000        2.000        4.000       22.000       24.000
  1765:       12.000       13.000        8.000        5.000       17.000
  1770:        6.000       18.000        6.000        6.000        6.000
  1775:       14.000       10.000       19.000       11.000        6.000
  1780:        6.000        6.000        6.000        6.000        6.000
  1785:        6.000        6.000        6.000        6.000      100.000
T:
     0:        0.000        0.000        0.000        0.000       36.370
     5:       42.740       43.000       43.620       44.400       64.850
    10:       66.160       74.280       74.280       74.280       74.290
    15:       74.290       74.290       74.290       74.290       74.290
    20:       78.290       79.290       79.290       84.280       84.290
    25:       90.660       90.660       90.660       90.670       90.670
    30:       90.670       90.670       90.670       90.670       94.670
    35:       95.670       95.670      100.660      100.670      127.650
    40:      128.920      133.800      134.910      135.030      140.780
    45:      141.300      166.570      166.570      166.570      166.580
    50:      166.580      166.580      166.580      166.580      166.580
    55:      168.910      170.580      171.580      171.580      173.020
    60:      176.570      176.580      177.560      181.270      185.920
    65:      187.810      188.080      188.140      188.230      188.300
    70:      191.600      191.600      191.600      191.610      191.610
    75:      191.610      191.610      191.610      191.610      195.610
    80:      196.610      196.610      201.600      201.610      237.740
    85:      265.630      271.340      275.000      275.000      275.000
    90:      275.010      275.010      275.010      275.010      275.010
    95:      275.010      279.010      280.010      280.010      285.000
   100:      285.010      293.940      294.260      315.840      318.280
   105:      320.150      322.820      347.890      427.300      427.300
   110:      427.300      427.310      427.310      427.310      427.310
   115:      427.310      427.310      428.010      428.010      429.380
   120:      429.380      431.310      432.310      432.310      437.300
   125:      437.310      509.790      511.460      512.570      513.410
   130:      519.660      519.660      519.660      519.670      519.670
   135:      519.670      519.670      519.670      519.670      519.880
   140:      519.880      520.140      520.140      523.670      524.670
   145:      524.670      529.660      529.670      530.460      531.320
   150:      550.980      572.710      572.710      572.710      572.720
   155:      572.720      572.720      572.720      572.720      572.720
   160:      576.720      577.720      577.720      582.710      582.720
   165:      589.560      592.490      625.180      625.390      625.560
   170:      629.880      629.880      629.880      629.890      629.890
   175:      629.890      629.890      629.890      629.890      633.890
   180:      634.750      634.890      634.890      638.320      638.320
   185:      639.880      639.890      652.090      669.840      670.120
   190:      741.110      741.500      741.630      808.650      810.800
   195:      817.200      817.200      817.200      817.210      817.210
   200:      817.210      817.210      817.210      817.210      817.380
   205:      817.380      821.210      822.210      822.210      827.200
   210:      827.210      834.490      834.490      834.490      834.500
   215:      834.500      834.500      834.500      834.500      834.500
   220:      838.500      839.500      839.500      844.490      844.500
   225:      852.300     1064.160     1064.160     1064.160     1064.170
   230:     1064.170     1064.170     1064.170     1064.170     1064.170
   235:     1068.170     1069.170     1069.170     1072.290     1072.290
   240:     1072.400     1072.400     1073.850     1073.850     1074.160
   245:     1074.170     1076.630     1076.630     1076.630     1076.640
   250:     1076.640     1076.640     1076.640     1076.640     1076.640
   255:     1078.230     1078.230     1080.640     1081.640     1081.640
   260:     1081.690     1085.130     1086.010     1086.060     1086.630
   265:     1086.640     1086.900     1088.380     1088.590     1088.650
   270:     1088.690     1089.350     1089.770     1089.940     1090.230
   275:     1091.110     1091.150     1091.260     1091.320     1091.570
   280:     1091.720     1091.730     1092.190     1092.790     1092.940
   285:     1094.010     1097.410     1098.840     1098.840     1098.840
   290:     1098.850     1098.850     1098.850     1098.850     1098.850
   295:     1098.850     1102.850     1103.850     1103.850     1105.920
   300:     1108.150     1108.220     1108.840     1108.850     1109.000
   305:     1109.190     1109.780     1109.960     1110.200     1134.870
   310:     1142.590     1143.530     1145.740     1146.110     1146.180
   315:     1147.600     1147.970     1151.280     1152.230     1152.330
   320:     1152.450     1152.780     1153.840     1156.970     1157.690
   325:     1178.940     1188.830     1189.760     1191.320     1191.370
   330:     1191.430     1191.600     1191.840     1218.660     1239.950
   335:     1285.320     1301.150     1341.180     1351.400     1351.650
   340:     1351.980     1352.000     1352.020     1352.070     1550.200
   345:     1589.180     1590.120     1711.180     1717.970     1718.710
   350:     1755.550     1755.670     1996.030     2000.150     2010.790
   355:     2010.790     2010.790     2010.800     2010.800     2010.800
   360:     2010.800     2010.800     2010.800     2014.800     2015.410
   365:     2015.800     2015.800     2020.790     2020.800     2032.990
   370:     2033.690     2049.270     2058.050     2101.170     2120.350
   375:     2124.930     2126.260     2127.050     2127.460     2127.470
   380:     2127.810     2127.850     2128.130     2128.140     2128.600
   385:     2128.750     2129.650     2130.130     2133.220     2133.250
   390:     2145.470     2173.510     2176.500     2178.160     2196.320
   395:     2215.600     2219.990     2299.980     2327.970     2343.940
   400:     2344.300     2344.460     2344.820     2345.090     2345.230
   405:     2351.460     2351.460     2351.460     2351.470     2351.470
   410:     2351.470     2351.470     2351.470     2351.470     2352.220
   415:     2353.510     2353.900     2354.910     2355.020     2355.070
   420:     2355.100     2355.390     2355.410     2355.470     2355.470
   425:     2355.540     2355.600     2356.470     2356.470     2361.460
   430:     2361.470     2364.250     2368.440     2388.940     2390.790
   435:     2394.750     2394.750     2394.750     2394.760     2394.760
   440:     2394.760     2394.760     2394.760     2394.760     2395.250
   445:     2395.250     2395.430     2395.430     2396.000     2396.000
   450:     2396.960     2396.960     2397.350     2397.350     2398.760
   455:     2399.010     2399.010     2399.760     2399.760     2400.380
   460:     2400.380     2400.770     2400.770     2404.750     2404.760
   465:     2408.860     2432.220     2433.660     2446.830     2448.930
   470:     2450.220     2450.340     2453.660     2456.580     2456.990
   475:     2461.680     2470.400     2487.750     2495.010     2497.100
   480:     2497.100     2497.100     2497.110     2497.110     2497.110
   485:     2497.110     2497.110     2497.110     2501.110     2502.110
   490:     2502.110     2506.900     2507.100     2507.110     2511.370
   495:     2511.940     2521.110     2536.140     2536.140     2536.140
   500:     2536.150     2536.150     2536.150     2536.150     2536.150
   505:     2536.150     2540.150     2541.150     2541.150     2542.470
   510:     2542.760     2542.850     2546.140     2546.150     2550.680
   515:     2552.500     2553.850     2553.990     2554.060     2554.390
   520:     2554.930     2555.020     2555.180     2557.730     2557.910
   525:     2568.470     2568.580     2569.720     2569.780     2569.810
   530:     2608.450     2608.450     2608.450     2608.460     2608.460
   535:     2608.460     2608.460     2608.460     2608.460     2612.460
   540:     2613.430     2613.460     2613.460     2618.450     2618.460
   545:     2626.990     2632.410     2632.700     2634.380     2634.380
   550:     2634.380     2634.390     2634.390     2634.390     2634.390
   555:     2634.390     2634.390     2638.390     2639.390     2639.390
   560:     2644.380     2644.390     2747.450     2778.480     2948.650
   565:     2952.420     2975.010     2997.510     2998.430     2998.520
   570:     2999.550     2999.550     2999.550     2999.560     2999.560
   575:     2999.560     2999.560     2999.560     2999.560     3002.610
   580:     3002.820     3003.560     3004.560     3004.560     3009.550
   585:     3009.560     3018.040     3018.350     3018.440     3035.980
   590:     3036.980     3039.350     3065.250     3065.250     3065.250
   595:     3065.260     3065.260     3065.260     3065.260     3065.260
   600:     3065.260     3065.960     3065.960     3067.000     3067.000
   605:     3068.080     3068.450     3069.260     3069.760     3069.760
   610:     3069.780     3069.780     3069.790     3069.790     3070.260
   615:     3070.260     3075.250     3075.260     3086.740     3086.740
   620:     3086.740     3086.750     3086.750     3086.750     3086.750
   625:     3086.750     3086.750     3090.750     3091.750     3091.750
   630:     3095.980     3096.740     3096.750     3105.960     3106.520
   635:     3106.680     3121.140     3123.390     3139.540     3139.930
   640:     3140.230     3142.010     3143.780     3145.350     3146.590
   645:     3146.780     3146.970     3147.660     3147.940     3148.420
   650:     3148.820     3149.470     3150.250     3150.310     3151.930
   655:     3152.350     3153.740     3154.660     3156.320     3157.950
   660:     3158.700     3160.480     3161.040     3162.160     3162.280
   665:     3162.520     3165.960     3166.560     3166.940     3171.140
   670:     3172.030     3172.590     3173.900     3175.430     3177.360
   675:     3179.120     3181.190     3200.640     3201.140     3203.770
   680:     3213.150     3219.830     3232.830     3265.750     3265.750
   685:     3265.750     3265.760     3265.760     3265.760     3265.760
   690:     3265.760     3265.760     3269.760     3270.760     3270.760
   695:     3275.750     3275.760     3348.730     3624.440     3625.700
   700:     3692.010     3693.690     3806.960     3825.590     3859.620
   705:     3873.840     3873.840     3873.840     3873.850     3873.850
   710:     3873.850     3873.850     3873.850     3873.850     3877.850
   715:     3878.850     3878.850     3881.760     3882.360     3882.410
   720:     3882.490     3882.610     3882.720     3883.840     3883.850
   725:     3900.470     3915.800     3916.800     3916.800     3916.800
   730:     3916.810     3916.810     3916.810     3916.810     3916.810
   735:     3916.810     3920.810     3920.850     3921.550     3921.810
   740:     3921.810     3926.800     3926.810     3933.820     3933.890
   745:     3935.070     3935.680     3937.840     3993.730     3994.100
   750:     3995.150     3996.030     4015.720     4015.970     4062.520
   755:     4063.580     4071.240     4181.070     4196.360     4204.610
   760:     4217.120     4217.250     4217.340     4217.480     4220.490
   765:     4220.490     4220.490     4220.500     4220.500     4220.500
   770:     4220.500     4220.500     4220.500     4221.700     4221.700
   775:     4223.280     4223.280     4224.500     4225.500     4225.500
   780:     4229.280     4230.010     4230.490     4230.500     4288.220
   785:     4288.810     4290.230     4291.310     4291.420     4305.850
   790:     4306.080     4306.200     4307.390     4761.980     4763.640
   795:     4772.580     4805.830     4820.150     4820.300     4822.650
   800:     4825.620     4825.620     4825.620     4825.630     4825.630
   805:     4825.630     4825.630     4825.630     4825.630     4826.920
   810:     4827.030     4829.630     4830.630     4830.630     4835.620
   815:     4835.630     4854.650     4859.210     4859.390     4859.620
   820:     4880.190     4886.650     4886.650     4886.650     4886.660
   825:     4886.660     4886.660     4886.660     4886.660     4886.660
   830:     4890.660     4891.660     4891.660     4896.650     4896.660
   835:     4930.820     4942.500     4949.860     4956.390     4957.080
   840:     4957.540     4959.170     4967.140     4985.500     4999.060
   845:     4999.830     5000.020     5015.220     5016.280     5016.640
   850:     5018.560     5018.560     5018.560     5018.570     5018.570
   855:     5018.570     5018.570     5018.570     5018.570     5019.580
   860:     5019.580     5019.800     5019.800     5019.940     5019.940
   865:     5022.570     5023.570     5023.570     5024.390     5024.670
   870:     5028.560     5028.570     5103.570     5104.350     5105.060
   875:     5105.110     5105.500     5112.470     5112.640     5150.830
   880:     5161.020     5187.430     5194.650     5203.480     5214.740
   885:     5229.290     5240.360     5240.380     5271.880     5276.140
   890:     5281.660     5310.740     5334.640     5334.640     5334.640
   895:     5334.650     5334.650     5334.650     5334.650     5334.650
   900:     5334.650     5338.650     5339.360     5339.650     5339.650
   905:     5344.040     5344.040     5344.640     5344.650     5348.920
   910:     5352.220     5363.480     5382.390     5386.120     5386.120
   915:     5386.120     5386.130     5386.130     5386.130     5386.130
   920:     5386.130     5386.130     5390.130     5391.130     5391.130
   925:     5394.870     5395.520     5396.120     5396.130     5397.070
   930:     5433.800     5438.340     5460.820     5461.010     5461.590
   935:     5461.630     5461.700     5462.060     5462.110     5462.440
   940:     5463.490     5463.550     5464.320     5464.920     5466.080
   945:     5466.990     5467.410     5468.140     5468.210     5468.220
   950:     5468.530     5468.840     5469.130     5476.250     5477.230
   955:     5477.520     5477.650     5477.660     5479.120     5483.090
   960:     5483.790     5483.890     5484.310     5484.610     5484.660
   965:     5485.220     5485.750     5485.770     5486.270     5487.010
   970:     5487.970     5488.030     5488.190     5488.670     5488.950
   975:     5491.100     5492.510     5494.680     5498.980     5499.460
   980:     5499.720     5501.250     5501.300     5501.400     5501.640
   985:     5501.850     5501.920     5501.940     5505.080     5505.280
   990:     5507.370     5507.450     5507.690     5507.740     5508.650
   995:     5508.860     5508.960     5508.980     5509.020     5509.170
  1000:     5511.140     5511.190     5511.340     5511.620     5514.840
  1005:     5515.220     5515.330     5515.390     5515.510     5522.290
  1010:     5522.790     5524.170     5524.220     5525.250     5525.380
  1015:     5525.440     5525.480     5525.860     5525.990     5526.270
  1020:     5526.720     5527.630     5528.700     5530.530     5530.820
  1025:     5531.590     5531.980     5533.060     5533.080     5533.210
  1030:     5533.940     5537.700     5538.830     5540.120     5540.440
  1035:     5540.650     5540.910     5541.000     5541.640     5544.300
  1040:     5544.400     5544.940     5545.060     5546.600     5550.780
  1045:     5551.560     5552.270     5553.570     5555.400     5563.910
  1050:     5564.120     5564.650     5565.250     5565.290     5565.750
  1055:     5565.770     5566.000     5566.380     5566.410     5566.440
  1060:     5566.930     5567.000     5567.430     5568.630     5569.210
  1065:     5570.340     5570.390     5582.150     5582.800     5583.790
  1070:     5584.480     5584.750     5584.920     5585.040     5585.870
  1075:     5586.960     5586.970     5587.120     5587.290     5587.660
  1080:     5588.330     5588.660     5589.660     5590.000     5590.510
  1085:     5592.010     5592.060     5601.650     5603.990     5635.910
  1090:     5941.840     5942.960     5971.430     5972.050     5972.320
  1095:     5986.650     5986.890     5987.230     5987.540     5987.690
  1100:     5987.860     5988.620     5988.700     5989.980     5991.320
  1105:     5991.490     5993.330     5995.550     5996.170     5996.360
  1110:     6004.080     6004.350     6009.280     6016.390     6016.670
  1115:     6017.350     6017.370     6017.560     6018.250     6018.790
  1120:     6019.860     6021.110     6023.320     6024.010     6024.110
  1125:     6025.120     6026.470     6029.290     6030.510     6031.240
  1130:     6033.900     6055.380     6072.780     6086.300     6086.300
  1135:     6086.300     6086.310     6086.310     6086.310     6086.310
  1140:     6086.310     6086.310     6089.960     6089.990     6090.310
  1145:     6091.310     6091.310     6096.300     6096.310     6111.160
  1150:     6112.510     6121.740     6122.540     6123.990     6138.660
  1155:     6154.610     6185.480     6185.480     6185.480     6185.490
  1160:     6185.490     6185.490     6185.490     6185.490     6185.490
  1165:     6189.490     6190.490     6190.490     6193.490     6193.960
  1170:     6194.110     6194.680     6194.830     6195.480     6195.490
  1175:     6266.940     6412.370     6471.160     6539.020     6639.610
  1180:     6644.000     6657.220     6657.660     6680.560     6680.790
  1185:     6681.200     6681.450     6681.680     6685.600     6685.770
  1190:     6687.360     6688.430     6689.010     6691.500     6692.550
  1195:     6693.870     6755.180     6756.150     6756.210     6756.590
  1200:     6757.380     6763.430     6806.450     6852.610     6856.960
  1205:     6898.060     6899.280     6917.630     6918.490     6936.510
  1210:     6943.890     6944.450     6944.780     6945.220     6957.980
  1215:     6958.280     6976.970     7156.640     7196.370     7200.540
  1220:     7200.590     7237.250     7237.890     7238.320     7241.680
  1225:     7242.040     7242.100     7270.080     7273.840     7273.840
  1230:     7273.840     7273.850     7273.850     7273.850     7273.850
  1235:     7273.850     7273.850     7277.780     7277.850     7278.850
  1240:     7278.850     7279.550     7282.180     7283.450     7283.740
  1245:     7283.840     7283.850     7284.960     7287.540     7290.530
  1250:     7291.660     7294.420     7333.970     7334.300     7334.690
  1255:     7339.750     7340.580     7343.850     7344.290     7350.910
  1260:     7351.100     7351.880     7352.150     7353.740     7354.510
  1265:     7354.950     7354.990     7355.030     7359.050     7359.340
  1270:     7360.400     7361.860     7363.200     7363.550     7364.420
  1275:     7364.540     7364.630     7367.360     7367.940     7368.230
  1280:     7371.430     7371.810     7372.860     7375.220     7375.320
  1285:     7375.470     7376.140     7376.270     7377.160     7377.340
  1290:     7378.840     7379.050     7380.490     7381.920     7384.570
  1295:     7389.860     7390.390     7391.270     7391.390     7391.480
  1300:     7391.880     7392.210     7392.960     7396.510     7397.670
  1305:     7398.930     7399.260     7400.280     7402.270     7402.570
  1310:     7402.980     7404.270     7404.380     7404.640     7404.880
  1315:     7406.650     7406.760     7406.790     7408.070     7408.730
  1320:     7413.910     7414.110     7414.700     7415.970     7422.000
  1325:     7423.590     7423.610     7427.620     7428.150     7428.220
  1330:     7428.520     7433.040     7433.390     7434.420     7435.230
  1335:     7435.890     7438.250     7438.310     7439.730     7442.170
  1340:     7443.430     7443.460     7443.590     7443.790     7444.140
  1345:     7446.330     7464.130     7474.370     7474.370     7474.370
  1350:     7474.380     7474.380     7474.380     7474.380     7474.380
  1355:     7474.380     7478.380     7479.380     7479.380     7484.370
  1360:     7484.380     7487.690     7488.450     7488.650     7488.760
  1365:     7490.550     7491.740     7491.750     7491.790     7495.450
  1370:     7495.830     7495.930     7497.470     7497.590     7498.310
  1375:     7502.590     7505.810     7507.540     7509.440     7553.880
  1380:     7554.200     7554.300     7559.190     7559.540     7560.420
  1385:     7564.610     7564.980     7565.230     7568.050     7568.090
  1390:     7571.270     7575.400     7576.600     7576.970     7576.980
  1395:     7579.070     7580.820     7581.600     7584.890     7585.010
  1400:     7585.270     7585.490     7585.560     7585.600     7588.660
  1405:     7589.770     7594.660     7595.120     7596.280     7596.830
  1410:     7596.900     7598.800     7600.350     7604.500     7605.180
  1415:     7606.620     7607.460     7607.980     7608.230     7609.520
  1420:     7610.980     7611.590     7611.640     7614.750     7620.550
  1425:     7622.430     7622.530     7622.940     7623.530     7623.870
  1430:     7624.020     7624.070     7627.160     7631.190     7631.370
  1435:     7631.600     7632.720     7634.020     7634.040     7635.230
  1440:     7647.580     7647.790     7647.860     7648.330     7648.890
  1445:     7649.230     7649.510     7652.160     7652.790     7652.900
  1450:     7652.960     7660.600     7660.840     7677.840     7683.900
  1455:     7684.410     7684.620     7685.920     7690.460     7690.790
  1460:     7690.830     7690.930     7692.730     7735.340     7736.260
  1465:     7736.900     7738.810     7739.180     7739.810     7739.980
  1470:     7742.650     7743.110     7748.140     7748.390     7748.780
  1475:     7749.880     7945.830     7946.010     7989.570     8353.290
  1480:     8373.800     8377.110     8565.840     8565.940     8566.010
  1485:     8566.140     8634.580     8665.540     8665.720     8673.070
  1490:     8680.500     8717.300     8717.600     8727.860     8728.430
  1495:     8728.760     8729.210     8743.460     8743.800     8755.430
  1500:     8760.670     8783.630     8810.610     8828.670     8835.720
  1505:     8854.840     8859.620     8859.700     8866.560     8903.300
  1510:     8903.700     8904.030     8905.200     8914.060     8914.580
  1515:     8914.710     8915.300     8917.180     8917.630     8918.040
  1520:     8918.820     8923.840     8936.550     8937.230     8949.260
  1525:     8949.480     8949.980     8950.210     8950.820     8954.260
  1530:     8955.400     8955.570     8955.800     8958.090     8958.280
  1535:     8961.290     8961.600     8965.380     8965.750     8965.780
  1540:     8965.960     8965.990     8966.030     8966.090     8967.200
  1545:     8971.790     8972.170     8975.010     8975.050     8976.100
  1550:     8976.950     8977.290     9009.160     9009.870     9010.350
  1555:     9011.460     9064.900     9072.760     9077.300     9078.090
  1560:     9078.350     9098.530     9119.120     9123.310     9127.370
  1565:     9127.420     9127.490     9127.890     9127.930     9130.000
  1570:     9134.090     9135.030     9135.220     9136.410     9136.590
  1575:     9144.900     9145.500     9145.880     9146.310     9147.000
  1580:     9152.550     9153.020     9153.680     9153.870     9154.030
  1585:     9154.170     9154.290     9155.130     9161.720     9191.830
  1590:     9192.290     9192.850     9197.360     9198.250     9198.380
  1595:     9209.560     9209.940     9219.410     9226.730     9242.420
  1600:     9245.290     9435.360     9466.380     9466.740     9509.020
  1605:     9565.490     9566.780     9567.410     9573.460     9595.490
  1610:     9596.340     9597.900     9600.540     9600.540     9600.540
  1615:     9600.550     9600.550     9600.550     9600.550     9600.550
  1620:     9600.550     9604.550     9605.550     9605.550     9607.050
  1625:     9609.370     9609.430     9609.760     9609.880     9610.540
  1630:     9610.550     9611.550     9612.250     9631.240     9631.710
  1635:     9632.050     9632.800     9663.430     9664.250     9675.070
  1640:     9735.370     9738.880     9754.210     9774.190     9775.330
  1645:     9780.230     9789.800     9815.480     9815.980     9816.030
  1650:     9895.060     9895.420     9948.820     9949.610    10078.920
  1655:    10325.560    10336.410    10350.050    10355.340    10357.960
  1660:    10360.100    10361.660    10368.090    10372.330    10416.870
  1665:    10417.170    10417.540    10446.350    10450.410    10499.300
  1670:    10513.550    10513.910    10516.540    10516.730    10516.840
  1675:    10516.940    10517.070    10532.850    10532.880    10533.190
  1680:    10533.360    10533.380    10533.460    10538.200    10538.200
  1685:    10538.200    10538.210    10538.210    10538.210    10538.210
  1690:    10538.210    10538.210    10542.210    10542.680    10543.210
  1695:    10543.210    10543.690    10543.760    10548.200    10548.210
  1700:    10552.180    10552.280    10552.810    10554.830    10555.210
  1705:    10576.360    10576.890    10578.500    10578.500    10578.500
  1710:    10578.510    10578.510    10578.510    10578.510    10578.510
  1715:    10578.510    10582.510    10583.510    10583.510    10588.500
  1720:    10588.510    10589.780    10611.080    10614.330    10614.410
  1725:    10614.460    10614.570    10627.850    10627.850    10627.850
  1730:    10627.860    10627.860    10627.860    10627.860    10627.860
  1735:    10627.860    10631.860    10631.890    10632.860    10632.860
  1740:    10637.850    10637.860    10643.010    10643.850    10644.000
  1745:    10648.910    10649.340    10654.520    10701.600    10715.940
  1750:    10718.980    10724.730    10733.790    10734.830    10734.840
  1755:    10735.280    10735.630    10735.680    10735.990    10736.720
  1760:    10736.740    10748.920    10748.920    10748.920    10748.930
  1765:    10748.930    10748.930    10748.930    10748.930    10748.930
  1770:    10752.750    10752.930    10753.720    10753.770    10753.860
  1775:    10753.930    10753.930    10758.920    10758.930    10759.490
  1780:    10760.330    10764.260    10764.660    10764.860    10765.250
  1785:    10766.410    10772.240    10780.670    10784.650    10800.010
