File: C:\MED-PC IV\DATA\!2025-02-21_13h33m.Subject 67



Start Date: 02/21/25
End Date: 02/21/25
Subject: 67
Experiment: OralFentSA
Group: One
Box: 3
Start Time: 13:33:39
End Time: 16:34:05
MSN: Golden_Liq_SelfAdmin
F:       0.000
G:    1941.000
H:   10800.010
I:       0.000
J:       0.000
K:       0.000
L:       0.000
M:       0.000
N:       0.000
O:       0.000
P:       0.000
Q:       0.000
R:       0.000
S:       0.000
U:       0.000
V:       0.000
W:       0.000
X:       0.000
Y:       0.000
Z:       0.000
A:
     0:        0.000        0.000      180.000        4.000        0.000
     5:        5.000        0.000        5.000        0.000        0.000
    10:        1.000        0.000       10.000 100000000.00       19.000
    15:       10.000      640.000        0.000        0.000        0.000
    20:        0.000
B:
     0:        0.000        0.000        0.000      400.000        0.000
     5:      500.000        0.000      500.000        0.000        0.000
    10:        0.000        0.000     1000.000 10000000000.        0.000
    15:        0.000        0.000        0.000        0.000        0.000
    20:        0.000
C:
     0:       60.000       61.000        0.000       99.000      999.000
     5:    10702.200       14.770       58.000      501.040        8.639
    10:       99.000       20.000        0.000        0.000        0.000
    15:        0.000        0.000        0.000        0.000        0.000
    20:        0.000
D:
     0:        2.770        3.750       10.040       35.590       29.100
     5:        7.800        4.100        2.520        4.030        5.170
    10:        6.840       11.690        1.260        3.400        2.560
    15:        3.390        1.910        7.510        0.760        2.780
    20:       11.360        8.750       27.740       16.450        0.780
    25:        1.380        5.020        0.720        0.930       31.270
    30:       32.480        6.090        9.290       12.890       44.360
    35:       17.320        1.360        1.220       15.970        6.350
    40:        2.460       25.900       12.750        4.960        1.040
    45:        1.220        1.040        1.970        0.690        5.120
    50:        9.130        8.550        2.230        1.280        1.690
    55:        0.910        6.630       14.770
E:
     0:       19.000       11.000       26.000       27.000        6.000
     5:        6.000        6.000        6.000        6.000        6.000
    10:        6.000        6.000        6.000        6.000        6.000
    15:        6.000        6.000        6.000        6.000        6.000
    20:        6.000        6.000        6.000        6.000        6.000
    25:        6.000        6.000        2.000        4.000       22.000
    30:       24.000       12.000       13.000        8.000        5.000
    35:       17.000        6.000       18.000       14.000       10.000
    40:        6.000       19.000       11.000        6.000        6.000
    45:        6.000        2.000        4.000       22.000       24.000
    50:       12.000       13.000        8.000        5.000       17.000
    55:        6.000       18.000       14.000       10.000       21.000
    60:       22.000       19.000       11.000        2.000        4.000
    65:       22.000       24.000       12.000       13.000        8.000
    70:        5.000       17.000       18.000       14.000       10.000
    75:       21.000       22.000       21.000       22.000       19.000
    80:       11.000        6.000        6.000        6.000        6.000
    85:        6.000        2.000        4.000       22.000       24.000
    90:       12.000       13.000        8.000        5.000       17.000
    95:       18.000       14.000       10.000       19.000       11.000
   100:       23.000       23.000       23.000        6.000        6.000
   105:        6.000        6.000        6.000        6.000        6.000
   110:        6.000        6.000        2.000        4.000       22.000
   115:       24.000       12.000       13.000        8.000        5.000
   120:       17.000       18.000       14.000       10.000       19.000
   125:       11.000        6.000        6.000        6.000        6.000
   130:        6.000        6.000        6.000        6.000        6.000
   135:        6.000        6.000        6.000        6.000        6.000
   140:        6.000        6.000        6.000        6.000        6.000
   145:        6.000        6.000        6.000        6.000        6.000
   150:        6.000        6.000        6.000        6.000        6.000
   155:        6.000        6.000        6.000        6.000        6.000
   160:        6.000        6.000        6.000        6.000        6.000
   165:        6.000        6.000        6.000        6.000        6.000
   170:        6.000        6.000        6.000        6.000        6.000
   175:        6.000        6.000        6.000        6.000        6.000
   180:        6.000        6.000        6.000        6.000        6.000
   185:        6.000        6.000        6.000        6.000        6.000
   190:        6.000        6.000        6.000        6.000        6.000
   195:        6.000        6.000        6.000        6.000        6.000
   200:        6.000        6.000        6.000        6.000        6.000
   205:        6.000        6.000        6.000        6.000        6.000
   210:        6.000        6.000        6.000        6.000        6.000
   215:        6.000        6.000        6.000        6.000        6.000
   220:        6.000        6.000        6.000        6.000        6.000
   225:        6.000        6.000        6.000        6.000        6.000
   230:        6.000        6.000        6.000        6.000        6.000
   235:        6.000        6.000        6.000        6.000        2.000
   240:        4.000       22.000       24.000       12.000       13.000
   245:        8.000        5.000       17.000       18.000       14.000
   250:       10.000        6.000       19.000       11.000        6.000
   255:        6.000        6.000        6.000        6.000        6.000
   260:        6.000        6.000        6.000        6.000        6.000
   265:        2.000        4.000       22.000       24.000       12.000
   270:       13.000        8.000        5.000       17.000       18.000
   275:        6.000       14.000       10.000        6.000       19.000
   280:       11.000        6.000        6.000        6.000        6.000
   285:        6.000        6.000        6.000        6.000        6.000
   290:        6.000        6.000        6.000        6.000        6.000
   295:        6.000        6.000        6.000        6.000        6.000
   300:        6.000        6.000        6.000        6.000        6.000
   305:        6.000        6.000        6.000        6.000        6.000
   310:        2.000        4.000       22.000       24.000       12.000
   315:       13.000        8.000        5.000       17.000        6.000
   320:       18.000       14.000       10.000       19.000       11.000
   325:        6.000        6.000        6.000        6.000        6.000
   330:        6.000        6.000        6.000        6.000        6.000
   335:        6.000        6.000        2.000        4.000       22.000
   340:       24.000       12.000       13.000        8.000        5.000
   345:       17.000       18.000        6.000       14.000       10.000
   350:        6.000        6.000        6.000        6.000       19.000
   355:       11.000        6.000        6.000        6.000        6.000
   360:        6.000        6.000        6.000        6.000        6.000
   365:        6.000        6.000        6.000        6.000        6.000
   370:        6.000        2.000        4.000       22.000       24.000
   375:       12.000       13.000        8.000        5.000       17.000
   380:       18.000       14.000       10.000        6.000        6.000
   385:        6.000       19.000       11.000        6.000        6.000
   390:        2.000        4.000       22.000       24.000       12.000
   395:       13.000        8.000        5.000       17.000       18.000
   400:       14.000       10.000        6.000        6.000        6.000
   405:        6.000       19.000       11.000        6.000        6.000
   410:        6.000        6.000        6.000        6.000        6.000
   415:        6.000        6.000        6.000        6.000        6.000
   420:        6.000        2.000        4.000       22.000       24.000
   425:       12.000       13.000        8.000        5.000       17.000
   430:       18.000       14.000       10.000       19.000       11.000
   435:        6.000        6.000        6.000        2.000        4.000
   440:       22.000       24.000       12.000       13.000        8.000
   445:        5.000       17.000        6.000       18.000        6.000
   450:       14.000       10.000        6.000        6.000        6.000
   455:       19.000       11.000        6.000        6.000        6.000
   460:        6.000        6.000        6.000        6.000        6.000
   465:        6.000        6.000        6.000        6.000        6.000
   470:        6.000        2.000        4.000       22.000       24.000
   475:       12.000       13.000        8.000        5.000       17.000
   480:        6.000       18.000       14.000       10.000       19.000
   485:       11.000        6.000        6.000        6.000        6.000
   490:        6.000        6.000        6.000        6.000        6.000
   495:        6.000        6.000        2.000        4.000       22.000
   500:       24.000       12.000       13.000        8.000        5.000
   505:       17.000       21.000       22.000        6.000       18.000
   510:       14.000       10.000       19.000       11.000        6.000
   515:        6.000        6.000        6.000        6.000        6.000
   520:        6.000        6.000        6.000        6.000        6.000
   525:        6.000        6.000        6.000        6.000        6.000
   530:        6.000        6.000        6.000        6.000        6.000
   535:        6.000        6.000        6.000        6.000        6.000
   540:        6.000        2.000        4.000       22.000       24.000
   545:       12.000       13.000        8.000        5.000       17.000
   550:       21.000       22.000        6.000       18.000        6.000
   555:       14.000       10.000       19.000       11.000       23.000
   560:        6.000        2.000        4.000       22.000       24.000
   565:       12.000       13.000        8.000        5.000       17.000
   570:        6.000       21.000       22.000       18.000       14.000
   575:       10.000        6.000        6.000        6.000        6.000
   580:        6.000        6.000       19.000       11.000        6.000
   585:        2.000        4.000       22.000       24.000       12.000
   590:       13.000        8.000        5.000       17.000       21.000
   595:       22.000       18.000       14.000       10.000        6.000
   600:        6.000        6.000        6.000       21.000       22.000
   605:       19.000       11.000        6.000        6.000        6.000
   610:        6.000        6.000        2.000        4.000       22.000
   615:       24.000       12.000       13.000        8.000        5.000
   620:       17.000        6.000        6.000        6.000        6.000
   625:        6.000       18.000        6.000       14.000       10.000
   630:        6.000        6.000        6.000       19.000       11.000
   635:        6.000        6.000        6.000        6.000        6.000
   640:        6.000        6.000        6.000        6.000        6.000
   645:        6.000        6.000        6.000        6.000        6.000
   650:        6.000        6.000        6.000        6.000        6.000
   655:        6.000        6.000        6.000        6.000       23.000
   660:        6.000        6.000        6.000        6.000        6.000
   665:        6.000        6.000        6.000        6.000        6.000
   670:        6.000        6.000        2.000        4.000       22.000
   675:       24.000       12.000       13.000        8.000        5.000
   680:       17.000        6.000       18.000       14.000       10.000
   685:        6.000        6.000       19.000       11.000        6.000
   690:        6.000        6.000        6.000        6.000        6.000
   695:        6.000        6.000        6.000        6.000        6.000
   700:        6.000        6.000        6.000        6.000        6.000
   705:        6.000        6.000        6.000        6.000        6.000
   710:        6.000        6.000        6.000        6.000        6.000
   715:        6.000        6.000        6.000        6.000        6.000
   720:        6.000        6.000        6.000        6.000        6.000
   725:        6.000        6.000        6.000        6.000        6.000
   730:        2.000        4.000       22.000       24.000       12.000
   735:       13.000        8.000        5.000       17.000       18.000
   740:       14.000       10.000       19.000       11.000        6.000
   745:        6.000        6.000        6.000        6.000        6.000
   750:        6.000        6.000        6.000        6.000        2.000
   755:        4.000       22.000       24.000       12.000       13.000
   760:        8.000        5.000       17.000       18.000       14.000
   765:       10.000        6.000       19.000       11.000        6.000
   770:        6.000        2.000        4.000       22.000       24.000
   775:       12.000       13.000        8.000        5.000       17.000
   780:       18.000       14.000       10.000       19.000       11.000
   785:        6.000        6.000        6.000        6.000        6.000
   790:        6.000        6.000        6.000        6.000        6.000
   795:        6.000        6.000        6.000        6.000        6.000
   800:        6.000        6.000        6.000        6.000        6.000
   805:        6.000        6.000        6.000        6.000        6.000
   810:        6.000        2.000        4.000       22.000       24.000
   815:       12.000       13.000        8.000        5.000       17.000
   820:       18.000       14.000       10.000       19.000       11.000
   825:        6.000        6.000        6.000        6.000        6.000
   830:        6.000        6.000        6.000        2.000        4.000
   835:       22.000       24.000       12.000       13.000        8.000
   840:        5.000       17.000        6.000       18.000       14.000
   845:       10.000       19.000       11.000        6.000        6.000
   850:        2.000        4.000       22.000       24.000       12.000
   855:       13.000        8.000        5.000       17.000       21.000
   860:       22.000        6.000       21.000       22.000        6.000
   865:       18.000       14.000       10.000       19.000       11.000
   870:        6.000        6.000        6.000        6.000        6.000
   875:        6.000        6.000        6.000        2.000        4.000
   880:       22.000       24.000       12.000       13.000        8.000
   885:        5.000       17.000       18.000       14.000       10.000
   890:        6.000        6.000        6.000        6.000        6.000
   895:       19.000       11.000        6.000        6.000        6.000
   900:        6.000        6.000        2.000        4.000       22.000
   905:       24.000       12.000       13.000        8.000        5.000
   910:       17.000        6.000        6.000        6.000       18.000
   915:       14.000       10.000       19.000       11.000        6.000
   920:        6.000        6.000        6.000        6.000        6.000
   925:        6.000        6.000        6.000        6.000        6.000
   930:        6.000        6.000        6.000        6.000        6.000
   935:        6.000        6.000        6.000        6.000        6.000
   940:        6.000        6.000        6.000        6.000        6.000
   945:        6.000        6.000        6.000        2.000        4.000
   950:       22.000       24.000       12.000       13.000        8.000
   955:        5.000       17.000       18.000       14.000       10.000
   960:       19.000       11.000        2.000        4.000       22.000
   965:       24.000       12.000       13.000        8.000        5.000
   970:       17.000       21.000       22.000       18.000       14.000
   975:       10.000       19.000       11.000        2.000        4.000
   980:       22.000       24.000       12.000       13.000        8.000
   985:        5.000       17.000        6.000       18.000       14.000
   990:       10.000        6.000        6.000       21.000       22.000
   995:       19.000       11.000        2.000        4.000       22.000
  1000:       24.000       12.000       13.000        8.000        5.000
  1005:       17.000       18.000       14.000       10.000       19.000
  1010:       11.000        6.000        6.000        6.000        6.000
  1015:        6.000        2.000        4.000       22.000       24.000
  1020:       12.000       13.000        8.000        5.000       17.000
  1025:       18.000       14.000       10.000       19.000       11.000
  1030:        6.000        2.000        4.000       22.000       24.000
  1035:       12.000       13.000        8.000        5.000       17.000
  1040:       21.000       22.000       18.000       21.000       22.000
  1045:       14.000       10.000        6.000        6.000       21.000
  1050:       22.000       21.000       22.000       21.000       22.000
  1055:       19.000       11.000        6.000        2.000        4.000
  1060:       22.000       24.000       12.000       13.000        8.000
  1065:        5.000       17.000       18.000       14.000       10.000
  1070:        6.000       19.000       11.000        6.000        6.000
  1075:        6.000        6.000        6.000        6.000        6.000
  1080:        6.000        2.000        4.000       22.000       24.000
  1085:       12.000       13.000        8.000        5.000       17.000
  1090:       18.000       14.000       10.000       19.000       11.000
  1095:        6.000        2.000        4.000       22.000       24.000
  1100:       12.000       13.000        8.000        5.000       17.000
  1105:       18.000       14.000       10.000       23.000       19.000
  1110:       11.000       23.000        6.000        6.000        6.000
  1115:        6.000        6.000       23.000       23.000        6.000
  1120:        2.000        4.000       22.000       24.000       12.000
  1125:       13.000        8.000        5.000       17.000       21.000
  1130:       22.000       18.000       14.000       10.000       19.000
  1135:       11.000        6.000        6.000        6.000        6.000
  1140:        6.000        6.000        6.000        6.000        6.000
  1145:        6.000        6.000        6.000        6.000        6.000
  1150:        6.000        6.000        2.000        4.000       22.000
  1155:       24.000       12.000       13.000        8.000        5.000
  1160:       17.000        6.000       21.000       22.000       18.000
  1165:       14.000       10.000       19.000       11.000        6.000
  1170:        6.000        6.000        6.000        6.000        6.000
  1175:        6.000        6.000        6.000        6.000        6.000
  1180:        6.000        6.000        6.000        6.000        6.000
  1185:        6.000        6.000        2.000        4.000       22.000
  1190:       24.000       12.000       13.000        8.000        5.000
  1195:       17.000        6.000        6.000       21.000       22.000
  1200:       18.000        6.000       14.000       10.000       21.000
  1205:       22.000       21.000       22.000        6.000       19.000
  1210:       11.000        6.000        2.000        4.000       22.000
  1215:       24.000       12.000       13.000        8.000        5.000
  1220:       17.000       21.000       22.000       18.000       14.000
  1225:       10.000       19.000       11.000        6.000        6.000
  1230:        6.000        6.000        2.000        4.000       22.000
  1235:       24.000       12.000       13.000        8.000        5.000
  1240:       17.000       18.000       14.000       10.000        6.000
  1245:        6.000        6.000        6.000       19.000       11.000
  1250:        6.000        6.000        6.000        6.000        6.000
  1255:        6.000        6.000        2.000        4.000       22.000
  1260:       24.000       12.000       13.000        8.000        5.000
  1265:       17.000        6.000       18.000       14.000       10.000
  1270:       19.000       11.000        2.000        4.000       22.000
  1275:       24.000       12.000       13.000        8.000        5.000
  1280:       17.000       18.000       14.000       10.000       19.000
  1285:       11.000        6.000        6.000        6.000        6.000
  1290:        6.000        6.000        6.000        6.000        6.000
  1295:        6.000        6.000        6.000        6.000        6.000
  1300:        6.000        6.000        6.000        6.000        6.000
  1305:        6.000       23.000       23.000        6.000        6.000
  1310:        6.000        6.000        6.000        6.000        6.000
  1315:        6.000        6.000        6.000        6.000        6.000
  1320:        6.000        6.000        6.000        6.000        6.000
  1325:        6.000        6.000        6.000        6.000        6.000
  1330:        6.000        6.000        6.000        6.000        6.000
  1335:        6.000        6.000        6.000        6.000        6.000
  1340:        6.000        6.000        6.000        6.000        6.000
  1345:        6.000        6.000        6.000        6.000        6.000
  1350:        6.000        6.000        6.000        6.000        6.000
  1355:        6.000        6.000        6.000        6.000        6.000
  1360:        6.000        6.000        6.000        6.000        6.000
  1365:        6.000        6.000        6.000        6.000        6.000
  1370:        6.000        6.000        6.000        6.000        6.000
  1375:        6.000        6.000        6.000        6.000        6.000
  1380:        6.000        6.000        6.000        6.000        6.000
  1385:        6.000        6.000        6.000        6.000        6.000
  1390:        6.000        6.000        6.000        6.000        6.000
  1395:        6.000        6.000        6.000        6.000        6.000
  1400:        6.000        6.000        6.000        6.000        6.000
  1405:        6.000        6.000        6.000        6.000        6.000
  1410:        6.000        6.000        6.000        6.000        6.000
  1415:        6.000        6.000        6.000        6.000        6.000
  1420:        6.000        6.000        6.000        6.000        6.000
  1425:        6.000        6.000        6.000        6.000        6.000
  1430:        6.000        6.000        6.000        6.000        6.000
  1435:        6.000        6.000        6.000        6.000        6.000
  1440:        6.000        6.000        2.000        4.000       22.000
  1445:       24.000       12.000       13.000        8.000        5.000
  1450:       17.000       18.000       14.000       10.000       19.000
  1455:       11.000        6.000        6.000        6.000        6.000
  1460:        6.000        6.000        6.000        6.000        6.000
  1465:        6.000        6.000        6.000        6.000        6.000
  1470:        6.000        6.000        2.000        4.000       22.000
  1475:       24.000       12.000       13.000        8.000        5.000
  1480:       17.000       18.000        6.000       14.000       10.000
  1485:        6.000       19.000       11.000        6.000        6.000
  1490:        6.000        6.000        6.000        6.000        6.000
  1495:        6.000        6.000        6.000        6.000        6.000
  1500:        6.000        6.000        6.000        6.000        6.000
  1505:        6.000        2.000        4.000       22.000       24.000
  1510:       12.000       13.000        8.000        5.000       17.000
  1515:        6.000        6.000        6.000       18.000        6.000
  1520:       14.000       10.000        6.000        6.000        6.000
  1525:       19.000       11.000        6.000        6.000        6.000
  1530:        6.000        6.000        6.000        6.000        6.000
  1535:        6.000        2.000        4.000       22.000       24.000
  1540:       12.000       13.000        8.000        5.000       17.000
  1545:        6.000       21.000       22.000       18.000       14.000
  1550:       10.000        6.000        6.000        6.000       19.000
  1555:       11.000        6.000        6.000        6.000        6.000
  1560:        6.000        6.000        6.000        6.000        6.000
  1565:        6.000        6.000        6.000        6.000        6.000
  1570:        6.000        6.000        6.000        6.000        6.000
  1575:        6.000        6.000        6.000        6.000        6.000
  1580:        6.000        6.000        6.000        6.000        6.000
  1585:        6.000        6.000        6.000        6.000        6.000
  1590:        6.000        6.000        6.000        6.000        6.000
  1595:        6.000        6.000        6.000        6.000        6.000
  1600:        6.000        6.000        6.000        6.000        6.000
  1605:        6.000        6.000        6.000        6.000        6.000
  1610:        6.000        6.000        6.000        6.000        6.000
  1615:        6.000        6.000        6.000        6.000        2.000
  1620:        4.000       22.000       24.000       12.000       13.000
  1625:        8.000        5.000       17.000        6.000        6.000
  1630:       18.000       14.000       10.000        6.000       19.000
  1635:       11.000        2.000        4.000       22.000       24.000
  1640:       12.000       13.000        8.000        5.000       17.000
  1645:        6.000       18.000        6.000        6.000       14.000
  1650:       10.000        6.000        6.000        6.000       21.000
  1655:       22.000       21.000       22.000       19.000       11.000
  1660:        2.000        4.000       22.000       24.000       12.000
  1665:       13.000        8.000        5.000       17.000        6.000
  1670:        6.000       18.000        6.000        6.000        6.000
  1675:       14.000       10.000        6.000        6.000        6.000
  1680:       19.000       11.000        6.000        6.000       23.000
  1685:       23.000       23.000        6.000        2.000        4.000
  1690:       22.000       24.000       12.000       13.000        8.000
  1695:        5.000       17.000       21.000       22.000       21.000
  1700:       22.000       18.000       14.000       10.000        6.000
  1705:        6.000       21.000       22.000       19.000       11.000
  1710:        6.000        6.000        2.000        4.000       22.000
  1715:       24.000       12.000       13.000        8.000        5.000
  1720:       17.000       18.000       14.000       10.000        6.000
  1725:        6.000        6.000       19.000       11.000        6.000
  1730:        6.000        6.000        6.000        6.000        6.000
  1735:        6.000        6.000        6.000        6.000        6.000
  1740:        6.000        6.000        6.000        6.000        2.000
  1745:        4.000       22.000       24.000       12.000       13.000
  1750:        8.000        5.000       17.000       21.000       22.000
  1755:       18.000       14.000       10.000       21.000       22.000
  1760:        6.000       19.000       11.000        6.000        6.000
  1765:        6.000        6.000        6.000        6.000        6.000
  1770:        6.000        6.000        2.000        4.000       22.000
  1775:       24.000       12.000       13.000        8.000        5.000
  1780:       17.000        6.000       18.000       14.000       10.000
  1785:        6.000       19.000       11.000        6.000        6.000
  1790:       23.000       23.000       23.000       23.000       23.000
  1795:       23.000        6.000        6.000        6.000        2.000
  1800:        4.000       22.000       24.000       12.000       13.000
  1805:        8.000        5.000       17.000        6.000       18.000
  1810:       14.000       10.000       21.000       22.000       19.000
  1815:       11.000        2.000        4.000       22.000       24.000
  1820:       12.000       13.000        8.000        5.000       17.000
  1825:       21.000       22.000        6.000       18.000       14.000
  1830:       10.000        6.000        6.000        6.000       19.000
  1835:       11.000        6.000        6.000        6.000        6.000
  1840:        2.000        4.000       22.000       24.000       12.000
  1845:       13.000        8.000        5.000       17.000        6.000
  1850:       18.000       14.000       10.000        6.000       19.000
  1855:       11.000        6.000        6.000        6.000        6.000
  1860:        6.000        6.000        6.000        6.000        6.000
  1865:        6.000        6.000        6.000        6.000        6.000
  1870:        6.000        6.000        6.000        6.000        6.000
  1875:        6.000        6.000        6.000        6.000        6.000
  1880:        6.000        6.000        6.000        6.000        6.000
  1885:        6.000        6.000        6.000        6.000        6.000
  1890:        6.000        2.000        4.000       22.000       24.000
  1895:       12.000       13.000        8.000        5.000       17.000
  1900:       21.000       22.000       18.000       14.000       10.000
  1905:        6.000       21.000       22.000       21.000       22.000
  1910:       19.000       11.000        2.000        4.000       22.000
  1915:       24.000       12.000       13.000        8.000        5.000
  1920:       17.000       21.000       22.000       18.000       14.000
  1925:       10.000       21.000       22.000       21.000       22.000
  1930:       19.000       11.000        6.000        6.000        6.000
  1935:        6.000        6.000        6.000        6.000        6.000
  1940:        6.000      100.000
T:
     0:        0.000        0.000        0.000        0.000        0.960
     5:        3.310        6.720       25.990       27.120       29.450
    10:       38.690       40.890       41.060       41.680       42.960
    15:       42.980       43.170       43.210       43.710       72.720
    20:       86.410       86.890       89.200       92.420       92.590
    25:      103.120      106.660      124.330      124.330      124.330
    30:      124.340      124.340      124.340      124.340      124.340
    35:      124.340      127.110      128.340      129.340      129.340
    40:      134.230      134.330      134.340      137.920      138.170
    45:      145.080      146.300      146.300      146.300      146.310
    50:      146.310      146.310      146.310      146.310      146.310
    55:      150.060      150.310      151.310      151.310      155.650
    60:      155.650      156.300      156.310      163.520      163.520
    65:      163.520      163.530      163.530      163.530      163.530
    70:      163.530      163.530      167.530      168.530      168.530
    75:      171.290      171.290      171.780      171.780      173.520
    80:      173.530      173.570      177.430      178.490      178.520
    85:      178.580      179.460      179.460      179.460      179.470
    90:      179.470      179.470      179.470      179.470      179.470
    95:      183.470      184.470      184.470      189.460      189.470
   100:      207.380      211.930      212.130      215.060      217.180
   105:      219.470      220.850      223.620      249.000      250.390
   110:      250.450      250.650      251.530      251.530      251.530
   115:      251.540      251.540      251.540      251.540      251.540
   120:      251.540      255.540      256.540      256.540      261.530
   125:      261.540      280.640      317.840      339.220      358.090
   130:      358.130      358.450      359.190      359.420      359.520
   135:      359.940      360.370      363.850      367.360      380.230
   140:      381.300      382.250      382.740      383.550      384.830
   145:      385.230      386.220      389.990      397.610      398.750
   150:      399.040      405.700      409.990      410.050      410.150
   155:      410.450      410.470      410.640      411.310      424.170
   160:      427.890      436.230      446.900      447.020      448.010
   165:      514.500      537.180      553.560      584.430      584.850
   170:      602.030      602.400      654.000      654.140      658.370
   175:      686.860      714.620      715.000      717.490      719.320
   180:      719.910      722.770      727.780      729.960      730.120
   185:      730.410      731.440      740.070      745.720      759.660
   190:      773.310      779.030      779.570      785.560      785.800
   195:      786.170      787.440      789.930      808.470      815.040
   200:      822.880      823.000      825.380      825.970      832.300
   205:      832.640      834.350      838.660      839.200      841.790
   210:      848.070      865.040      873.410      877.120      883.150
   215:      939.970      992.340      992.560      995.780      996.020
   220:     1000.280     1000.430     1000.650     1000.900     1004.220
   225:     1008.140     1008.770     1012.470     1012.640     1013.910
   230:     1037.040     1101.660     1107.800     1189.600     1218.950
   235:     1219.490     1219.640     1220.110     1401.120     1405.460
   240:     1405.460     1405.460     1405.470     1405.470     1405.470
   245:     1405.470     1405.470     1405.470     1409.470     1410.470
   250:     1410.470     1413.270     1415.460     1415.470     1421.610
   255:     1445.580     1448.390     1448.730     1449.660     1452.970
   260:     1453.230     1456.970     1457.060     1461.300     1461.430
   265:     1466.610     1466.610     1466.610     1466.620     1466.620
   270:     1466.620     1466.620     1466.620     1466.620     1470.620
   275:     1470.720     1471.620     1471.620     1473.600     1476.610
   280:     1476.620     1477.140     1477.730     1493.710     1509.770
   285:     1515.410     1516.570     1516.660     1516.730     1516.950
   290:     1517.030     1521.680     1522.700     1525.050     1525.120
   295:     1525.690     1525.810     1551.420     1552.040     1552.070
   300:     1552.560     1553.170     1559.460     1566.130     1566.200
   305:     1566.640     1566.650     1567.690     1567.800     1568.140
   310:     1569.380     1569.380     1569.380     1569.390     1569.390
   315:     1569.390     1569.390     1569.390     1569.390     1571.910
   320:     1573.390     1574.390     1574.390     1579.380     1579.390
   325:     1581.200     1587.530     1587.770     1588.500     1588.570
   330:     1590.640     1592.390     1593.290     1593.840     1594.000
   335:     1594.570     1594.590     1601.580     1601.580     1601.580
   340:     1601.590     1601.590     1601.590     1601.590     1601.590
   345:     1601.590     1605.590     1605.620     1606.590     1606.590
   350:     1609.520     1609.580     1609.630     1609.880     1611.580
   355:     1611.590     1616.560     1625.980     1637.620     1690.210
   360:     1690.580     1694.330     1694.730     1699.960     1734.320
   365:     1745.730     1830.830     2050.320     2050.480     2065.450
   370:     2069.170     2070.630     2070.630     2070.630     2070.640
   375:     2070.640     2070.640     2070.640     2070.640     2070.640
   380:     2074.640     2075.640     2075.640     2075.810     2079.980
   385:     2080.310     2080.630     2080.640     2080.650     2081.990
   390:     2085.780     2085.780     2085.780     2085.790     2085.790
   395:     2085.790     2085.790     2085.790     2085.790     2089.790
   400:     2090.790     2090.790     2092.630     2092.930     2094.020
   405:     2094.370     2095.780     2095.790     2105.020     2105.320
   410:     2109.500     2109.780     2199.850     2199.960     2206.280
   415:     2206.520     2211.100     2233.190     2240.790     2240.850
   420:     2240.880     2481.580     2481.580     2481.580     2481.590
   425:     2481.590     2481.590     2481.590     2481.590     2481.590
   430:     2485.590     2486.590     2486.590     2491.580     2491.590
   435:     2493.280     2518.380     2535.140     2545.420     2545.420
   440:     2545.420     2545.430     2545.430     2545.430     2545.430
   445:     2545.430     2545.430     2546.690     2549.430     2550.110
   450:     2550.430     2550.430     2553.810     2554.100     2554.260
   455:     2555.420     2555.430     2586.560     2591.650     2592.250
   460:     2592.500     2592.910     2595.740     2595.850     2596.140
   465:     2596.630     2596.890     2597.310     2600.140     2632.070
   470:     2632.300     2635.000     2635.000     2635.000     2635.010
   475:     2635.010     2635.010     2635.010     2635.010     2635.010
   480:     2638.410     2639.010     2640.010     2640.010     2645.000
   485:     2645.010     2654.090     2654.580     2658.030     2658.370
   490:     2658.420     2658.520     2658.890     2661.410     2665.010
   495:     2665.380     2667.350     2672.490     2672.490     2672.490
   500:     2672.500     2672.500     2672.500     2672.500     2672.500
   505:     2672.500     2672.650     2672.650     2675.060     2676.500
   510:     2677.500     2677.500     2682.490     2682.500     2685.790
   515:     2702.280     2703.650     2704.140     2704.310     2713.100
   520:     2713.570     2713.610     2713.870     2788.270     2788.280
   525:     2802.690     2803.460     2810.620     2819.720     2827.970
   530:     2836.270     2836.290     2844.600     2858.140     2858.940
   535:     2865.730     2877.740     2878.160     2886.930     2898.160
   540:     2909.470     2911.890     2911.890     2911.890     2911.900
   545:     2911.900     2911.900     2911.900     2911.900     2911.900
   550:     2912.100     2912.100     2915.290     2915.900     2915.940
   555:     2916.900     2916.900     2921.890     2921.900     2932.860
   560:     2951.260     2953.010     2953.010     2953.010     2953.020
   565:     2953.020     2953.020     2953.020     2953.020     2953.020
   570:     2954.930     2955.620     2955.620     2957.020     2958.020
   575:     2958.020     2958.760     2959.920     2960.020     2960.120
   580:     2960.290     2960.600     2963.010     2963.020     2976.180
   585:     2977.180     2977.180     2977.180     2977.190     2977.190
   590:     2977.190     2977.190     2977.190     2977.190     2979.230
   595:     2979.230     2981.190     2982.190     2982.190     2984.700
   600:     2984.990     2985.100     2986.010     2987.150     2987.150
   605:     2987.180     2987.190     3016.420     3016.840     3017.750
   610:     3020.210     3020.940     3022.540     3022.540     3022.540
   615:     3022.550     3022.550     3022.550     3022.550     3022.550
   620:     3022.550     3023.310     3024.310     3025.040     3025.450
   625:     3026.130     3026.550     3027.460     3027.550     3027.550
   630:     3027.960     3028.030     3031.200     3032.540     3032.550
   635:     3037.470     3057.110     3058.010     3058.620     3058.660
   640:     3059.890     3066.330     3066.730     3078.560     3080.760
   645:     3081.130     3081.940     3091.390     3092.750     3094.650
   650:     3095.900     3096.110     3097.740     3098.660     3100.490
   655:     3100.940     3102.840     3103.240     3103.700     3106.230
   660:     3121.620     3122.210     3135.420     3140.890     3143.500
   665:     3199.520     3201.190     3207.340     3223.890     3417.160
   670:     3417.430     3417.870     3437.080     3437.080     3437.080
   675:     3437.090     3437.090     3437.090     3437.090     3437.090
   680:     3437.090     3439.870     3441.090     3442.090     3442.090
   685:     3443.480     3443.640     3447.080     3447.090     3476.500
   690:     3482.570     3482.770     3483.040     3483.460     3487.310
   695:     3487.910     3489.100     3494.390     3508.110     3514.590
   700:     3515.460     3517.760     3548.100     3548.140     3555.780
   705:     3557.180     3563.500     3564.650     3565.190     3565.360
   710:     3573.370     3573.390     3573.540     3582.730     3583.120
   715:     3586.440     3586.700     3597.560     3598.240     3599.420
   720:     3608.290     3618.040     3618.350     3619.210     3619.870
   725:     3620.490     3620.530     3620.820     3623.220     3625.750
   730:     3626.690     3626.690     3626.690     3626.700     3626.700
   735:     3626.700     3626.700     3626.700     3626.700     3630.700
   740:     3631.700     3631.700     3636.690     3636.700     3638.060
   745:     3638.230     3638.450     3642.630     3664.240     3745.430
   750:     3785.140     3788.260     3791.210     3810.600     3853.880
   755:     3853.880     3853.880     3853.890     3853.890     3853.890
   760:     3853.890     3853.890     3853.890     3857.890     3858.890
   765:     3858.890     3862.640     3863.880     3863.890     3867.120
   770:     3869.090     3870.600     3870.600     3870.600     3870.610
   775:     3870.610     3870.610     3870.610     3870.610     3870.610
   780:     3874.610     3875.610     3875.610     3880.600     3880.610
   785:     3898.350     3898.890     3899.490     3900.330     3901.310
   790:     3902.500     3904.280     3908.930     3917.300     3917.360
   795:     3917.590     3923.230     3925.330     3925.630     3935.500
   800:     3935.890     3935.980     3936.220     3936.490     3966.570
   805:     3966.640     3968.240     3968.590     3969.300     3969.530
   810:     4006.430     4007.270     4007.270     4007.270     4007.280
   815:     4007.280     4007.280     4007.280     4007.280     4007.280
   820:     4011.280     4012.280     4012.280     4017.270     4017.280
   825:     4023.730     4045.650     4224.810     4235.770     4300.040
   830:     4300.170     4326.720     4326.920     4329.080     4329.080
   835:     4329.080     4329.090     4329.090     4329.090     4329.090
   840:     4329.090     4329.090     4329.870     4333.090     4334.090
   845:     4334.090     4339.080     4339.090     4340.470     4340.920
   850:     4365.960     4365.960     4365.960     4365.970     4365.970
   855:     4365.970     4365.970     4365.970     4365.970     4366.250
   860:     4366.250     4367.350     4368.410     4368.410     4369.350
   865:     4369.970     4370.970     4370.970     4375.960     4375.970
   870:     4376.810     4377.690     4383.980     4384.440     4385.420
   875:     4387.660     4390.160     4392.570     4401.180     4401.180
   880:     4401.180     4401.190     4401.190     4401.190     4401.190
   885:     4401.190     4401.190     4405.190     4406.190     4406.190
   890:     4406.210     4406.490     4409.870     4410.200     4411.080
   895:     4411.180     4411.190     4415.240     4416.970     4418.760
   900:     4455.610     4463.480     4464.660     4464.660     4464.660
   905:     4464.670     4464.670     4464.670     4464.670     4464.670
   910:     4464.670     4465.390     4468.320     4468.400     4468.670
   915:     4469.670     4469.670     4474.660     4474.670     4481.270
   920:     4481.670     4482.500     4482.570     4482.710     4484.670
   925:     4491.470     4492.820     4492.920     4527.310     4527.420
   930:     4527.640     4554.830     4555.230     4802.910     4803.680
   935:     4810.590     5041.350     5044.270     5046.100     5051.610
   940:     5052.760     5063.410     5066.580     5078.320     5078.610
   945:     5097.050     5097.200     5098.160     5099.760     5099.760
   950:     5099.760     5099.770     5099.770     5099.770     5099.770
   955:     5099.770     5099.770     5103.770     5104.770     5104.770
   960:     5109.760     5109.770     5112.440     5112.440     5112.440
   965:     5112.450     5112.450     5112.450     5112.450     5112.450
   970:     5112.450     5113.910     5113.910     5116.450     5117.450
   975:     5117.450     5122.440     5122.450     5124.150     5124.150
   980:     5124.150     5124.160     5124.160     5124.160     5124.160
   985:     5124.160     5124.160     5125.090     5128.160     5129.160
   990:     5129.160     5129.640     5129.890     5133.510     5133.510
   995:     5134.150     5134.160     5137.320     5137.320     5137.320
  1000:     5137.330     5137.330     5137.330     5137.330     5137.330
  1005:     5137.330     5141.330     5142.330     5142.330     5147.320
  1010:     5147.330     5168.600     5171.060     5190.140     5222.190
  1015:     5234.820     5315.230     5315.230     5315.230     5315.240
  1020:     5315.240     5315.240     5315.240     5315.240     5315.240
  1025:     5319.240     5320.240     5320.240     5325.230     5325.240
  1030:     5347.720     5373.730     5373.730     5373.730     5373.740
  1035:     5373.740     5373.740     5373.740     5373.740     5373.740
  1040:     5375.740     5375.740     5377.740     5378.130     5378.130
  1045:     5378.740     5378.740     5379.830     5380.130     5381.050
  1050:     5381.050     5381.220     5381.220     5382.380     5382.380
  1055:     5383.730     5383.740     5407.720     5409.140     5409.140
  1060:     5409.140     5409.150     5409.150     5409.150     5409.150
  1065:     5409.150     5409.150     5413.150     5414.150     5414.150
  1070:     5418.440     5419.140     5419.150     5419.260     5419.670
  1075:     5423.920     5424.670     5424.780     5424.870     5424.960
  1080:     5425.170     5435.850     5435.850     5435.850     5435.860
  1085:     5435.860     5435.860     5435.860     5435.860     5435.860
  1090:     5439.860     5440.860     5440.860     5445.850     5445.860
  1095:     5448.750     5450.070     5450.070     5450.070     5450.080
  1100:     5450.080     5450.080     5450.080     5450.080     5450.080
  1105:     5454.080     5455.080     5455.080     5459.980     5460.070
  1110:     5460.080     5474.160     5494.440     5494.660     5507.680
  1115:     5509.360     5509.710     5549.880     5554.250     5599.650
  1120:     5600.980     5600.980     5600.980     5600.990     5600.990
  1125:     5600.990     5600.990     5600.990     5600.990     5603.540
  1130:     5603.540     5604.990     5605.990     5605.990     5610.980
  1135:     5610.990     5618.310     5619.010     5619.430     5630.510
  1140:     5630.960     5631.350     5633.980     5634.070     5634.100
  1145:     5634.480     5634.590     5646.000     5658.080     5658.830
  1150:     5690.940     5691.070     5695.300     5695.300     5695.300
  1155:     5695.310     5695.310     5695.310     5695.310     5695.310
  1160:     5695.310     5696.670     5697.520     5697.520     5699.310
  1165:     5700.310     5700.310     5705.300     5705.310     5747.210
  1170:     5754.550     5754.760     5754.840     5755.180     5756.100
  1175:     5756.540     5757.390     5758.200     5761.080     5765.890
  1180:     5765.970     5766.490     5766.810     5768.070     5768.280
  1185:     5768.800     5775.410     5776.410     5776.410     5776.410
  1190:     5776.420     5776.420     5776.420     5776.420     5776.420
  1195:     5776.420     5777.640     5777.960     5779.290     5779.290
  1200:     5780.420     5780.470     5781.420     5781.420     5782.030
  1205:     5782.030     5782.540     5782.540     5785.080     5786.410
  1210:     5786.420     5789.310     5790.350     5790.350     5790.350
  1215:     5790.360     5790.360     5790.360     5790.360     5790.360
  1220:     5790.360     5794.180     5794.180     5794.360     5795.360
  1225:     5795.360     5800.350     5800.360     5806.330     5833.810
  1230:     5834.300     5842.680     5847.950     5847.950     5847.950
  1235:     5847.960     5847.960     5847.960     5847.960     5847.960
  1240:     5847.960     5851.960     5852.960     5852.960     5854.310
  1245:     5855.210     5856.110     5856.900     5857.950     5857.960
  1250:     5948.260     5948.700     5951.040     5951.460     5953.930
  1255:     6306.810     6307.200     6313.530     6313.530     6313.530
  1260:     6313.540     6313.540     6313.540     6313.540     6313.540
  1265:     6313.540     6316.000     6317.540     6318.540     6318.540
  1270:     6323.530     6323.540     6324.490     6324.490     6324.490
  1275:     6324.500     6324.500     6324.500     6324.500     6324.500
  1280:     6324.500     6328.500     6329.500     6329.500     6334.490
  1285:     6334.500     6350.400     6351.750     6358.450     6368.720
  1290:     6368.770     6406.400     6406.500     6407.140     6408.620
  1295:     6409.460     6410.710     6411.180     6411.890     6412.050
  1300:     6412.130     6417.200     6417.420     6417.730     6420.000
  1305:     6420.960     6448.820     6451.750     6509.050     6510.980
  1310:     6512.900     7038.330     7038.850     7053.570     7057.730
  1315:     7061.850     7062.650     7063.100     7068.170     7068.560
  1320:     7068.710     7071.740     7072.010     7072.890     7073.140
  1325:     7101.490     7220.080     7223.630     7223.910     7224.040
  1330:     7243.420     7268.740     7269.490     7273.990     7304.330
  1335:     7304.490     7308.050     7334.570     7401.510     7401.640
  1340:     7401.940     7418.170     7419.210     7419.480     7422.590
  1345:     7425.130     7425.360     7430.260     7430.530     7448.130
  1350:     7448.520     7450.340     7454.450     7454.620     7455.370
  1355:     7459.200     7461.210     7462.770     7462.920     7463.430
  1360:     7463.520     7463.650     7464.010     7464.320     7464.470
  1365:     7485.690     7486.950     7487.010     7487.810     7489.560
  1370:     7489.960     7490.120     7490.270     7494.190     7496.040
  1375:     7508.000     7508.190     7508.530     7510.800     7511.040
  1380:     7513.040     7513.690     7513.780     7513.940     7514.570
  1385:     7514.650     7514.710     7515.100     7516.170     7519.110
  1390:     7519.720     7523.500     7523.640     7537.580     7537.700
  1395:     7539.910     7540.090     7547.320     7575.270     7578.240
  1400:     7578.510     7579.200     7579.310     7579.460     7579.600
  1405:     7579.810     7588.530     7588.690     7588.940     7592.910
  1410:     7597.110     7597.290     7612.080     7612.430     7621.910
  1415:     7640.070     7680.380     7695.020     7695.600     7821.890
  1420:     8130.940     8131.080     8175.810     8181.300     8217.900
  1425:     8284.980     8285.300     8289.080     8289.430     8290.010
  1430:     8332.540     8461.910     8462.290     8462.950     8476.490
  1435:     8495.310     8495.910     8496.350     8496.760     8497.320
  1440:     8542.210     8908.100     8916.170     8916.170     8916.170
  1445:     8916.180     8916.180     8916.180     8916.180     8916.180
  1450:     8916.180     8920.180     8921.180     8921.180     8926.170
  1455:     8926.180     8928.930     8936.790     8937.250     8946.140
  1460:     8952.040     8957.090     8963.280     8963.430     8967.740
  1465:     8972.440     8972.640     8977.650     8985.140     8985.410
  1470:     8992.020     8992.240     8993.830     8993.830     8993.830
  1475:     8993.840     8993.840     8993.840     8993.840     8993.840
  1480:     8993.840     8997.840     8998.800     8998.840     8998.840
  1485:     8999.780     9003.830     9003.840     9007.160     9013.240
  1490:     9013.430     9013.750     9013.770     9013.870     9013.950
  1495:     9014.050     9014.320     9025.090     9038.090     9038.760
  1500:     9039.140     9049.960     9050.030     9053.620     9059.640
  1505:     9060.980     9061.960     9061.960     9061.960     9061.970
  1510:     9061.970     9061.970     9061.970     9061.970     9061.970
  1515:     9063.010     9065.550     9065.750     9065.970     9066.910
  1520:     9066.970     9066.970     9066.980     9070.820     9071.500
  1525:     9071.960     9071.970     9076.030     9076.130     9076.190
  1530:     9076.340     9082.580     9083.120     9084.180     9084.260
  1535:     9084.420     9093.370     9093.370     9093.370     9093.380
  1540:     9093.380     9093.380     9093.380     9093.380     9093.380
  1545:     9094.600     9095.580     9095.580     9097.380     9098.380
  1550:     9098.380     9098.790     9099.060     9099.490     9103.370
  1555:     9103.380     9111.270     9111.790     9112.680     9113.280
  1560:     9113.930     9114.310     9132.490     9135.280     9135.650
  1565:     9136.060     9140.260     9147.230     9153.000     9154.180
  1570:     9154.380     9154.970     9161.080     9176.100     9181.830
  1575:     9182.310     9182.620     9182.670     9183.070     9184.280
  1580:     9184.420     9185.640     9185.830     9185.910     9186.700
  1585:     9189.380     9190.260     9194.480     9194.930     9195.880
  1590:     9203.150     9204.060     9204.580     9210.320     9210.910
  1595:     9211.280     9211.330     9211.730     9212.230     9212.570
  1600:     9213.050     9213.590     9214.120     9218.260     9227.540
  1605:     9228.350     9237.370     9238.300     9238.500     9243.330
  1610:     9244.040     9244.550     9244.790     9244.870     9253.100
  1615:     9260.880     9260.960     9261.240     9261.310     9264.980
  1620:     9264.980     9264.980     9264.990     9264.990     9264.990
  1625:     9264.990     9264.990     9264.990     9266.030     9266.720
  1630:     9268.990     9269.990     9269.990     9271.390     9274.980
  1635:     9274.990     9275.250     9275.250     9275.250     9275.260
  1640:     9275.260     9275.260     9275.260     9275.260     9275.260
  1645:     9277.230     9279.260     9279.740     9280.190     9280.260
  1650:     9280.260     9280.350     9280.660     9280.810     9282.180
  1655:     9282.180     9284.460     9284.460     9285.250     9285.260
  1660:     9285.820     9285.820     9285.820     9285.830     9285.830
  1665:     9285.830     9285.830     9285.830     9285.830     9286.520
  1670:     9287.140     9289.830     9290.150     9290.230     9290.800
  1675:     9290.830     9290.830     9294.420     9294.640     9295.270
  1680:     9295.820     9295.830     9299.340     9306.010     9317.270
  1685:     9317.410     9317.980     9330.930     9337.350     9337.350
  1690:     9337.350     9337.360     9337.360     9337.360     9337.360
  1695:     9337.360     9337.360     9339.530     9339.530     9340.070
  1700:     9340.070     9341.360     9342.360     9342.360     9342.480
  1705:     9343.140     9346.260     9346.260     9347.350     9347.360
  1710:     9347.770     9347.890     9349.120     9349.120     9349.120
  1715:     9349.130     9349.130     9349.130     9349.130     9349.130
  1720:     9349.130     9353.130     9354.130     9354.130     9358.260
  1725:     9358.820     9358.840     9359.120     9359.130     9378.960
  1730:     9382.110     9382.210     9382.300     9442.500     9458.090
  1735:     9460.450     9488.790     9488.800     9503.550     9712.350
  1740:     9730.460     9745.320     9746.500     9749.670     9755.680
  1745:     9755.680     9755.680     9755.690     9755.690     9755.690
  1750:     9755.690     9755.690     9755.690     9757.360     9757.360
  1755:     9759.690     9760.690     9760.690     9760.790     9760.790
  1760:     9764.240     9765.680     9765.690     9792.750     9792.950
  1765:     9800.420     9800.770     9800.930     9811.640     9811.990
  1770:     9812.640     9812.690     9813.690     9813.690     9813.690
  1775:     9813.700     9813.700     9813.700     9813.700     9813.700
  1780:     9813.700     9815.930     9817.700     9818.700     9818.700
  1785:     9820.500     9823.690     9823.700     9826.640     9828.210
  1790:     9850.220     9856.050     9856.820     9870.210     9872.420
  1795:     9873.240     9877.200     9878.390     9880.870     9888.390
  1800:     9888.390     9888.390     9888.400     9888.400     9888.400
  1805:     9888.400     9888.400     9888.400     9889.680     9892.400
  1810:     9893.400     9893.400     9896.570     9896.570     9898.390
  1815:     9898.400     9899.660     9899.660     9899.660     9899.670
  1820:     9899.670     9899.670     9899.670     9899.670     9899.670
  1825:     9899.930     9899.930     9901.360     9903.670     9904.670
  1830:     9904.670     9904.750     9908.550     9909.640     9909.660
  1835:     9909.670     9909.700     9909.800     9909.950     9910.460
  1840:     9916.660     9916.660     9916.660     9916.670     9916.670
  1845:     9916.670     9916.670     9916.670     9916.670     9917.580
  1850:     9920.670     9921.670     9921.670     9921.760     9926.660
  1855:     9926.670     9936.540     9944.110     9944.250     9944.520
  1860:     9954.930     9960.610     9972.260    10125.300    10125.540
  1865:    10208.590    10208.900    10209.320    10229.010    10429.200
  1870:    10429.530    10436.210    10451.740    10452.250    10453.560
  1875:    10457.910    10458.600    10459.020    10502.440    10505.010
  1880:    10505.160    10544.410    10544.840    10551.440    10581.960
  1885:    10582.360    10585.460    10589.460    10589.890    10677.420
  1890:    10690.390    10691.640    10691.640    10691.640    10691.650
  1895:    10691.650    10691.650    10691.650    10691.650    10691.650
  1900:    10695.210    10695.210    10695.650    10696.650    10696.650
  1905:    10698.280    10700.010    10700.010    10701.530    10701.530
  1910:    10701.640    10701.650    10702.190    10702.190    10702.190
  1915:    10702.200    10702.200    10702.200    10702.200    10702.200
  1920:    10702.200    10704.110    10704.110    10706.200    10707.200
  1925:    10707.200    10709.550    10709.550    10711.160    10711.160
  1930:    10712.190    10712.200    10716.970    10717.270    10719.960
  1935:    10734.170    10763.910    10764.130    10772.280    10795.080
  1940:    10795.290    10800.010
