File: C:\MED-PC IV\DATA\!2025-03-11_08h54m.Subject 64



Start Date: 03/11/25
End Date: 03/11/25
Subject: 64
Experiment: OralFentSA
Group: One
Box: 8
Start Time:  8:54:01
End Time: 11:54:44
MSN: Golden_Liq_SelfAdmin_EXT
F:       0.000
G:     169.000
H:   10800.010
I:       0.000
J:       0.000
K:       0.000
L:       0.000
M:       0.000
N:       0.000
O:       0.000
P:       0.000
Q:       0.000
R:       0.000
S:       0.000
U:       0.000
V:       0.000
W:       0.000
X:       0.000
Y:       0.000
Z:       0.000
A:
     0:        0.000        0.000      180.000        4.000        0.000
     5:        5.000        0.000        5.000        0.000        0.000
    10:        1.000        0.000       10.000 100000000.00       26.000
    15:       22.000      640.000        0.000        0.000        0.000
    20:        0.000
B:
     0:        0.000        0.000        0.000        0.000        0.000
     5:        0.000        0.000        0.000        0.000        0.000
    10:        0.000        0.000     1000.000 10000000000.        0.000
    15:        0.000        0.000        0.000        0.000        0.000
    20:        0.000
C:
     0:        0.000       13.000        0.000       13.000       85.000
     5:     9755.130      113.760       10.000      665.630       66.563
    10:       13.000        6.000        0.000        0.000        0.000
    15:        0.000        0.000        0.000        0.000        0.000
    20:        0.000
D:
     0:        5.370      374.130        3.640       11.030        1.740
     5:       23.240       25.300        9.000       98.420      113.760
E:
     0:       19.000       11.000       26.000       27.000        2.000
     5:        4.000       22.000       24.000        6.000       19.000
    10:       11.000        6.000        6.000        6.000        6.000
    15:        6.000        6.000        6.000       23.000        6.000
    20:        6.000        6.000        6.000        2.000        4.000
    25:       22.000       24.000       19.000       11.000        6.000
    30:       23.000       23.000        6.000        6.000        6.000
    35:        6.000        6.000        6.000        2.000        4.000
    40:       22.000       24.000        6.000        6.000       21.000
    45:       22.000       19.000       11.000        2.000        4.000
    50:       22.000       24.000       19.000       11.000        6.000
    55:        6.000        2.000        4.000       22.000       24.000
    60:        6.000       19.000       11.000        6.000        6.000
    65:        6.000        6.000        6.000        6.000        6.000
    70:        6.000        6.000        6.000        6.000        6.000
    75:        6.000        6.000        6.000        6.000        6.000
    80:        6.000        6.000        6.000        6.000        2.000
    85:        4.000       22.000       24.000       19.000       11.000
    90:        2.000        4.000       22.000       24.000       19.000
    95:       11.000        2.000        4.000       22.000       24.000
   100:       19.000       11.000        6.000        6.000        6.000
   105:        6.000        2.000        4.000       22.000       24.000
   110:       19.000       11.000        6.000        6.000        6.000
   115:        6.000        6.000        6.000        6.000        6.000
   120:        6.000        6.000        6.000        6.000        6.000
   125:        6.000        6.000        6.000        6.000        6.000
   130:        6.000        6.000        6.000        6.000        6.000
   135:       23.000        6.000        6.000        6.000        2.000
   140:        4.000       22.000       24.000        6.000       19.000
   145:       11.000        2.000        4.000       22.000       24.000
   150:       19.000       11.000        6.000        6.000        6.000
   155:       23.000       23.000        2.000        4.000       22.000
   160:       24.000       19.000       11.000        6.000        6.000
   165:        6.000        6.000        6.000        6.000      100.000
T:
     0:        0.000        0.000        0.000        0.000       39.940
     5:       39.940       39.940       39.950       45.320       49.940
    10:       49.950       61.700       74.370       75.640       75.750
    15:       76.140       76.250       84.900      142.600      222.710
    20:      285.410      292.980      293.130      319.830      319.830
    25:      319.830      319.840      329.830      329.840      693.970
    30:      850.390      853.350      865.210      866.010      866.070
    35:      866.150      877.420      884.810      910.810      910.810
    40:      910.810      910.820      914.460      914.810      918.460
    45:      918.460      920.810      920.820      953.480      953.480
    50:      953.480      953.490      963.480      963.490      964.520
    55:      964.970      968.210      968.210      968.210      968.220
    60:      969.960      978.210      978.220     1033.550     1033.810
    65:     1036.620     1043.580     1043.720     1043.790     1064.410
    70:     1064.620     1091.160     1150.250     1159.400     1159.460
    75:     1159.600     1159.680     1159.960     1160.840     1167.850
    80:     1167.930     1167.950     1170.150     1170.610     1195.440
    85:     1195.440     1195.440     1195.450     1205.440     1205.450
    90:     1217.830     1217.830     1217.830     1217.840     1227.830
    95:     1227.840     1313.520     1313.520     1313.520     1313.530
   100:     1323.520     1323.530     1336.770     1337.040     1337.210
   105:     1337.460     1368.780     1368.780     1368.780     1368.790
   110:     1378.780     1378.790     1394.090     1394.570     1394.780
   115:     1395.530     1398.100     1398.870     1398.890     1408.470
   120:     1418.140     1418.190     1481.050     1482.230     1519.920
   125:     1523.850     1523.910     1524.090     1524.170     1545.420
   130:     1546.310     1546.450     1559.840     2055.650     2067.830
   135:     2622.710     3144.470     6022.550     6023.630     6187.600
   140:     6187.600     6187.600     6187.610     6196.610     6197.600
   145:     6197.610     6835.160     6835.160     6835.160     6835.170
   150:     6845.160     6845.170     6933.590     6938.460     6959.840
   155:     9697.580     9700.080     9755.120     9755.120     9755.120
   160:     9755.130     9765.120     9765.130     9868.890     9870.170
   165:     9870.260     9874.450     9875.340     9875.480    10800.010
