File: C:\MED-PC\Data\2025-03-14_12h55m_Subject 90.txt


Start Date: 03/14/25
End Date: 03/14/25
Subject: 90
Experiment: OralFentSA
Group: One
Box: 7
Start Time: 12:55:15
End Time: 15:56:16
MSN: 20241014_Golden_Liq_SelfAdmin
F:       0.000
G:    1777.000
H:   10800.000
I:       0.000
J:       0.000
K:       0.000
L:       0.000
M:       0.000
N:       0.000
O:       0.000
P:       0.000
Q:       0.000
R:       0.000
S:       0.000
U:       0.000
V:       0.000
W:       0.000
X:       0.000
Y:       0.000
Z:       0.000
A:
     0:        0.000        0.000      180.000        4.000        0.000
     5:        5.000        0.000        5.000        0.000        0.000
    10:        1.000        0.000       10.000  3000000.000       16.000
    15:       10.000      640.000        0.000        0.000        0.000
    20:        0.000
B:
     0:        0.000        0.000        0.000      400.000        0.000
     5:      500.000        0.000      500.000        0.000        0.000
    10:        0.000        0.000     1000.000 300000000.000        0.000
    15:        0.000        0.000        0.000        0.000        0.000
    20:        0.000
C:
     0:       23.000       24.000       28.000       37.000     1395.000
     5:    10507.640        3.490       21.000       93.310        4.443
    10:       37.000       28.000        0.000        0.000        0.000
    15:        0.000        0.000        0.000        0.000        0.000
    20:        0.000
D:
     0:        6.120       17.560        3.100        2.240        4.000
     5:       13.860        1.330        1.660        3.780        3.960
    10:        1.790        6.000        2.020        5.670        5.820
    15:        1.780        0.820        2.340        2.660        3.310
    20:        3.490
E:
     0:       19.000       11.000       26.000       27.000        6.000
     5:        6.000        6.000        6.000        6.000        6.000
    10:        6.000        6.000        6.000        6.000        1.000
    15:        1.000        1.000        6.000        6.000        6.000
    20:        6.000        6.000        6.000        6.000        6.000
    25:        6.000        6.000        2.000        4.000       22.000
    30:       24.000       12.000       13.000        8.000        5.000
    35:       17.000       18.000       14.000       10.000        6.000
    40:       19.000       11.000        2.000        4.000       22.000
    45:       24.000       12.000       13.000        8.000        5.000
    50:       17.000       21.000       22.000       18.000       14.000
    55:       10.000       19.000       11.000        6.000        2.000
    60:        4.000       22.000       24.000       12.000       13.000
    65:        8.000        5.000       17.000       21.000       22.000
    70:       21.000       22.000       21.000       22.000       21.000
    75:       22.000        6.000       18.000       14.000       10.000
    80:       19.000       11.000        6.000        6.000        6.000
    85:        6.000        1.000        1.000        6.000        1.000
    90:        1.000        1.000        1.000        1.000        1.000
    95:        1.000        1.000        6.000        6.000        2.000
   100:        4.000       22.000       24.000       12.000       13.000
   105:        8.000        5.000       17.000        6.000       18.000
   110:       14.000       10.000       19.000       11.000        6.000
   115:        6.000        6.000        6.000        6.000        6.000
   120:        6.000        6.000        6.000        6.000        6.000
   125:        6.000        2.000        4.000       22.000       24.000
   130:       12.000       13.000        8.000        5.000       17.000
   135:       20.000       18.000       20.000       14.000       10.000
   140:       19.000       11.000        2.000        4.000       22.000
   145:       24.000       12.000       13.000        8.000        5.000
   150:       17.000       18.000        6.000       14.000       10.000
   155:        6.000       19.000       11.000        6.000        6.000
   160:        6.000        6.000        6.000        1.000        6.000
   165:        6.000        6.000        6.000        1.000        1.000
   170:        1.000        1.000        1.000        6.000        6.000
   175:        6.000        6.000        6.000        6.000        6.000
   180:        6.000        6.000        6.000        6.000        6.000
   185:        6.000        6.000        6.000        6.000        6.000
   190:        6.000        6.000        6.000        6.000        6.000
   195:        6.000        6.000        6.000        6.000        6.000
   200:        6.000        6.000        6.000        6.000        6.000
   205:        6.000        6.000        6.000        6.000        6.000
   210:        6.000        6.000        6.000        6.000        6.000
   215:        6.000        6.000        6.000        6.000        6.000
   220:        6.000        6.000        6.000        6.000        6.000
   225:        6.000        6.000        6.000        6.000        6.000
   230:        6.000        6.000        6.000        6.000        6.000
   235:        2.000        4.000       22.000       24.000       12.000
   240:       13.000        8.000        5.000       17.000       21.000
   245:       22.000       18.000       14.000       10.000       19.000
   250:       11.000        6.000        6.000        6.000        6.000
   255:        6.000        6.000        6.000        6.000        6.000
   260:        6.000        6.000        6.000        6.000        6.000
   265:        6.000        6.000        6.000        6.000        6.000
   270:        6.000        6.000        6.000        6.000        6.000
   275:        6.000        6.000        6.000        6.000        6.000
   280:        6.000        6.000        6.000        6.000        6.000
   285:        6.000        6.000        6.000        6.000        6.000
   290:        6.000        6.000        6.000        6.000        6.000
   295:        6.000        6.000        6.000        6.000        6.000
   300:        6.000        6.000        6.000        6.000        6.000
   305:        6.000        6.000        6.000        6.000        6.000
   310:        6.000        6.000        6.000        6.000        6.000
   315:        6.000        6.000        6.000        6.000        6.000
   320:        6.000        6.000        6.000        6.000        6.000
   325:        6.000        6.000        6.000        6.000        6.000
   330:        6.000        6.000        6.000        6.000        6.000
   335:        6.000        6.000        6.000        6.000        6.000
   340:        6.000        6.000        6.000        6.000        6.000
   345:        6.000        6.000        6.000        6.000        6.000
   350:        6.000        6.000        6.000        6.000        6.000
   355:        6.000        6.000        6.000        6.000        6.000
   360:        6.000        6.000        6.000        6.000        6.000
   365:        6.000        6.000        6.000        6.000        6.000
   370:        6.000        6.000        6.000        6.000        2.000
   375:        4.000       22.000       24.000       12.000       13.000
   380:        8.000        5.000       17.000       21.000       22.000
   385:        6.000        6.000        6.000        6.000        6.000
   390:       18.000       14.000       10.000        6.000       19.000
   395:       11.000        6.000        6.000        6.000        6.000
   400:        6.000        6.000        6.000        6.000        6.000
   405:        6.000        6.000        6.000        6.000        6.000
   410:        6.000        6.000        1.000        1.000        2.000
   415:        4.000       22.000       24.000       12.000       13.000
   420:        8.000        5.000       17.000       21.000       22.000
   425:        6.000       18.000       14.000       10.000        6.000
   430:       19.000       11.000        6.000        6.000        6.000
   435:        6.000        6.000        6.000        6.000        6.000
   440:        6.000        6.000        6.000        6.000        6.000
   445:        6.000        6.000        6.000        6.000        6.000
   450:        6.000        6.000        6.000        6.000        6.000
   455:        6.000        6.000        6.000        6.000        6.000
   460:        6.000        6.000        6.000        6.000        6.000
   465:        6.000        6.000        6.000        6.000        6.000
   470:        6.000        6.000        6.000        6.000        6.000
   475:        6.000        6.000        6.000        6.000        6.000
   480:        6.000        6.000        6.000        6.000        6.000
   485:        6.000        6.000        6.000        6.000        2.000
   490:        4.000       22.000       24.000       12.000       13.000
   495:        8.000        5.000       17.000        6.000       18.000
   500:       14.000       10.000        6.000       19.000       11.000
   505:        6.000        6.000        6.000        6.000        6.000
   510:        6.000        6.000        6.000        6.000        6.000
   515:        6.000        6.000        6.000        6.000        6.000
   520:        6.000        6.000        6.000        6.000        6.000
   525:        6.000        6.000        6.000        6.000        6.000
   530:        6.000        6.000        6.000        6.000        6.000
   535:        6.000        6.000        6.000        6.000        6.000
   540:        6.000        6.000        6.000        6.000        6.000
   545:        6.000        6.000        6.000        6.000        6.000
   550:        6.000        6.000        6.000        6.000        6.000
   555:        6.000        6.000        6.000        6.000        6.000
   560:        6.000        6.000        6.000        6.000        6.000
   565:        6.000        6.000        6.000        6.000        6.000
   570:        6.000        6.000        6.000        6.000        6.000
   575:        6.000        6.000        6.000        6.000        6.000
   580:        6.000        6.000        6.000        6.000        6.000
   585:        6.000        6.000        6.000        6.000        6.000
   590:        6.000        6.000        6.000        6.000        6.000
   595:        6.000        6.000        6.000        6.000        6.000
   600:        6.000        6.000        6.000        6.000        6.000
   605:        6.000        6.000        6.000        2.000        4.000
   610:       22.000       24.000       12.000       13.000        8.000
   615:        5.000       17.000        6.000       18.000       14.000
   620:       10.000        6.000        6.000        6.000       19.000
   625:       11.000        6.000        6.000        6.000        6.000
   630:        6.000        6.000        6.000        6.000        6.000
   635:        6.000        6.000        6.000        6.000        6.000
   640:        6.000        6.000        6.000        6.000        6.000
   645:        6.000        6.000        6.000        6.000        6.000
   650:        6.000        6.000        6.000        6.000        6.000
   655:        6.000        6.000        6.000        6.000        6.000
   660:        6.000        6.000        6.000        6.000        6.000
   665:        6.000        6.000        6.000        6.000        6.000
   670:        6.000        6.000        6.000        2.000        4.000
   675:       22.000       24.000       12.000       13.000        8.000
   680:        5.000       17.000        6.000       18.000       14.000
   685:       10.000       19.000       11.000        6.000        6.000
   690:        6.000        6.000        2.000        4.000       22.000
   695:       24.000       12.000       13.000        8.000        5.000
   700:       17.000       21.000       22.000       21.000       22.000
   705:       18.000       14.000       10.000        6.000        6.000
   710:       19.000       11.000        6.000        6.000        6.000
   715:        6.000        6.000        6.000        6.000        6.000
   720:        6.000        6.000        6.000        6.000        6.000
   725:        6.000        6.000        6.000        6.000        6.000
   730:        6.000        6.000        6.000        6.000        6.000
   735:        6.000        6.000        6.000        6.000        6.000
   740:        6.000        6.000        6.000        6.000        6.000
   745:        6.000        6.000        6.000        6.000        6.000
   750:        6.000        6.000        6.000        6.000        6.000
   755:        6.000        6.000        6.000        6.000        6.000
   760:        6.000        6.000        6.000        6.000        6.000
   765:        6.000        6.000        6.000        6.000        6.000
   770:        6.000        6.000        6.000        6.000        6.000
   775:        6.000        6.000        6.000        6.000        6.000
   780:        6.000        6.000        6.000        6.000        6.000
   785:        6.000        6.000        6.000        6.000        6.000
   790:        6.000        6.000        6.000        6.000        6.000
   795:        6.000        6.000        6.000        6.000        6.000
   800:        6.000        6.000        6.000        6.000        6.000
   805:        6.000        6.000        6.000        6.000        6.000
   810:        6.000        6.000        6.000        6.000        6.000
   815:        6.000        6.000        6.000        6.000        6.000
   820:        6.000        6.000        6.000        6.000        6.000
   825:        6.000        6.000        6.000        6.000        6.000
   830:        6.000        6.000        6.000        6.000        6.000
   835:        6.000        6.000        6.000        6.000        6.000
   840:        6.000        6.000        6.000        6.000        6.000
   845:        6.000        6.000        6.000        6.000        6.000
   850:        6.000        6.000        6.000        6.000        6.000
   855:        6.000        6.000        6.000        6.000        6.000
   860:        6.000        6.000        6.000        6.000        6.000
   865:        6.000        6.000        6.000        6.000        6.000
   870:        6.000        6.000        6.000        6.000        6.000
   875:        6.000        6.000        6.000        6.000        6.000
   880:        6.000        6.000        6.000        6.000        6.000
   885:        6.000        6.000        6.000        6.000        6.000
   890:        6.000        6.000        6.000        6.000        6.000
   895:        6.000        6.000        6.000        6.000        6.000
   900:        6.000        6.000        6.000        6.000        6.000
   905:        6.000        6.000        6.000        6.000        6.000
   910:        6.000        6.000        6.000        6.000        6.000
   915:        2.000        4.000       22.000       24.000       12.000
   920:       13.000        8.000        5.000       17.000       21.000
   925:       22.000        6.000       18.000       14.000       10.000
   930:        6.000        6.000        6.000       19.000       11.000
   935:        6.000        6.000        6.000        6.000        6.000
   940:        6.000        6.000        6.000        6.000        6.000
   945:        6.000        6.000        6.000        6.000        6.000
   950:        6.000        6.000        6.000        6.000        6.000
   955:        6.000        6.000        6.000        6.000        6.000
   960:        6.000        6.000        6.000        6.000        6.000
   965:        6.000        6.000        6.000        6.000        6.000
   970:        6.000        6.000        6.000        6.000        6.000
   975:        2.000        4.000       22.000       24.000       12.000
   980:       13.000        8.000        5.000       17.000       18.000
   985:       14.000       10.000        6.000       19.000       11.000
   990:        6.000        6.000        6.000        6.000        6.000
   995:        6.000        6.000        6.000        6.000        6.000
  1000:        6.000        6.000        6.000        6.000        6.000
  1005:        6.000        6.000        6.000        2.000        4.000
  1010:       22.000       24.000       12.000       13.000        8.000
  1015:        5.000       17.000       18.000       14.000       10.000
  1020:       19.000       11.000        2.000        4.000       22.000
  1025:       24.000       12.000       13.000        8.000        5.000
  1030:       17.000       21.000       22.000       18.000       14.000
  1035:       10.000        6.000       19.000       11.000        6.000
  1040:        6.000        6.000        6.000        6.000        6.000
  1045:        6.000        6.000        6.000        6.000        6.000
  1050:        6.000        6.000        6.000        6.000        6.000
  1055:        6.000        6.000        6.000        6.000        6.000
  1060:        6.000        6.000        6.000        6.000        6.000
  1065:        1.000        1.000        1.000        1.000        6.000
  1070:        6.000        6.000        6.000        6.000        6.000
  1075:        6.000        6.000        6.000        6.000        6.000
  1080:        6.000        6.000        6.000        6.000        6.000
  1085:        6.000        6.000        6.000        6.000        6.000
  1090:        6.000        6.000        6.000        6.000        6.000
  1095:        6.000        6.000        6.000        6.000        6.000
  1100:        6.000        6.000        6.000        6.000        6.000
  1105:        6.000        6.000        6.000        6.000        6.000
  1110:        6.000        6.000        6.000        6.000        6.000
  1115:        6.000        6.000        6.000        6.000        6.000
  1120:        6.000        6.000        6.000        6.000        6.000
  1125:        6.000        6.000        6.000        6.000        6.000
  1130:        6.000        6.000        6.000        6.000        6.000
  1135:        6.000        6.000        6.000        6.000        6.000
  1140:        6.000        6.000        6.000        6.000        6.000
  1145:        6.000        6.000        6.000        6.000        6.000
  1150:        6.000        6.000        6.000        6.000        6.000
  1155:        6.000        6.000        6.000        6.000        6.000
  1160:        6.000        6.000        6.000        2.000        4.000
  1165:       22.000       24.000       12.000       13.000        8.000
  1170:        5.000       17.000        6.000       18.000       14.000
  1175:       10.000       19.000       11.000        6.000        6.000
  1180:        6.000        2.000        4.000       22.000       24.000
  1185:       12.000       13.000        8.000        5.000       17.000
  1190:        6.000       18.000        6.000       14.000       10.000
  1195:        6.000        6.000        6.000        6.000        6.000
  1200:       19.000       11.000        6.000        6.000        6.000
  1205:        6.000        6.000        6.000        6.000        6.000
  1210:        6.000        6.000        6.000        6.000        6.000
  1215:        6.000        6.000        6.000        6.000        6.000
  1220:        6.000        6.000        6.000        6.000        6.000
  1225:        6.000        6.000        6.000        6.000        6.000
  1230:        6.000        6.000        6.000        6.000        6.000
  1235:        6.000        6.000        6.000        6.000        6.000
  1240:        6.000        6.000        6.000        6.000        6.000
  1245:        6.000        6.000        6.000        6.000        6.000
  1250:        6.000        6.000        6.000        6.000        6.000
  1255:        6.000        6.000        6.000        6.000        6.000
  1260:        6.000        6.000        6.000        6.000        6.000
  1265:        6.000        6.000        6.000        6.000        6.000
  1270:        6.000        6.000        6.000        6.000        6.000
  1275:        6.000        6.000        6.000        6.000        6.000
  1280:        6.000        6.000        6.000        6.000        6.000
  1285:        6.000        6.000        6.000        6.000        6.000
  1290:        6.000        6.000        6.000        6.000        6.000
  1295:        6.000        6.000        6.000        6.000        6.000
  1300:        6.000        6.000        6.000        6.000        6.000
  1305:        6.000        6.000        6.000        6.000        6.000
  1310:        6.000        6.000        6.000        6.000        6.000
  1315:        6.000        6.000        6.000        6.000        6.000
  1320:        6.000        6.000        6.000        6.000        6.000
  1325:        6.000        6.000        6.000        6.000        6.000
  1330:        6.000        6.000        6.000        6.000        2.000
  1335:        4.000       22.000       24.000       12.000       13.000
  1340:        8.000        5.000       17.000        6.000        6.000
  1345:       18.000       14.000       10.000       19.000       11.000
  1350:        6.000        2.000        4.000       22.000       24.000
  1355:       12.000       13.000        8.000        5.000       17.000
  1360:       21.000       22.000        6.000        6.000       18.000
  1365:       14.000       10.000        6.000        6.000        6.000
  1370:       19.000       11.000        6.000        6.000        6.000
  1375:        6.000        6.000        6.000        6.000        6.000
  1380:        6.000        6.000        6.000        6.000        6.000
  1385:        6.000        6.000        6.000        6.000        6.000
  1390:        6.000        6.000        6.000        6.000        6.000
  1395:        6.000        6.000        6.000        6.000        6.000
  1400:        6.000        6.000        6.000        6.000        6.000
  1405:        6.000        6.000        6.000        6.000        6.000
  1410:        6.000        6.000        6.000        6.000        6.000
  1415:        6.000        6.000        6.000        6.000        6.000
  1420:        6.000        6.000        6.000        6.000        6.000
  1425:        6.000        6.000        6.000        6.000        6.000
  1430:        6.000        6.000        6.000        6.000        6.000
  1435:        6.000        6.000        6.000        6.000        6.000
  1440:        6.000        6.000        6.000        6.000        6.000
  1445:        6.000        6.000        6.000        6.000        6.000
  1450:        6.000        6.000        6.000        6.000        6.000
  1455:        6.000        6.000        6.000        6.000        6.000
  1460:        6.000        6.000        6.000        6.000        6.000
  1465:        6.000        6.000        6.000        6.000        6.000
  1470:        6.000        6.000        6.000        6.000        6.000
  1475:        6.000        6.000        6.000        6.000        6.000
  1480:        6.000        6.000        6.000        6.000        6.000
  1485:        6.000        6.000        6.000        6.000        6.000
  1490:        6.000        6.000        6.000        6.000        6.000
  1495:        6.000        6.000        6.000        6.000        6.000
  1500:        6.000        6.000        6.000        6.000        6.000
  1505:        6.000        6.000        6.000        6.000        6.000
  1510:        6.000        6.000        6.000        6.000        6.000
  1515:        6.000        6.000        6.000        6.000        6.000
  1520:        6.000        6.000        6.000        6.000        6.000
  1525:        6.000        6.000        6.000        6.000        6.000
  1530:        6.000        6.000        6.000        6.000        6.000
  1535:        6.000        6.000        6.000        6.000        6.000
  1540:        6.000        6.000        6.000        6.000        6.000
  1545:        6.000        6.000        6.000        6.000        6.000
  1550:        6.000        6.000        6.000        6.000        6.000
  1555:        6.000        6.000        6.000        6.000        6.000
  1560:        6.000        6.000        6.000        6.000        6.000
  1565:        6.000        6.000        6.000        6.000        6.000
  1570:        6.000        6.000        6.000        6.000        6.000
  1575:        6.000        6.000        6.000        2.000        4.000
  1580:       22.000       24.000       12.000       13.000        8.000
  1585:        5.000       17.000        6.000       18.000       14.000
  1590:       10.000        6.000       19.000       11.000        6.000
  1595:        6.000        6.000        6.000        6.000        6.000
  1600:        6.000        6.000        6.000        6.000        6.000
  1605:        6.000        6.000        6.000        6.000        6.000
  1610:        6.000        6.000        6.000        6.000        6.000
  1615:        6.000        6.000        6.000        6.000        6.000
  1620:        6.000        6.000        6.000        6.000        6.000
  1625:        6.000        6.000        6.000        6.000        6.000
  1630:        6.000        6.000        6.000        6.000        6.000
  1635:        6.000        6.000        6.000        6.000        6.000
  1640:        6.000        6.000        6.000        6.000        6.000
  1645:        6.000        6.000        6.000        6.000        6.000
  1650:        1.000        6.000        6.000        6.000        2.000
  1655:        4.000       22.000       24.000       12.000       13.000
  1660:        8.000        5.000       17.000       21.000       22.000
  1665:        6.000       18.000       14.000       10.000       19.000
  1670:       11.000        6.000        6.000        6.000        6.000
  1675:        6.000        6.000        6.000        6.000        6.000
  1680:        6.000        6.000        6.000        6.000        6.000
  1685:        6.000        6.000        6.000        6.000        6.000
  1690:        6.000        6.000        6.000        6.000        6.000
  1695:        6.000        6.000        6.000        6.000        6.000
  1700:        6.000        6.000        6.000        6.000        6.000
  1705:        6.000        6.000        6.000        6.000        6.000
  1710:        6.000        6.000        6.000        6.000        6.000
  1715:        6.000        6.000        6.000        6.000        6.000
  1720:        6.000        6.000        6.000        6.000        6.000
  1725:        6.000        6.000        6.000        6.000        6.000
  1730:        6.000        6.000        6.000        6.000        6.000
  1735:        6.000        6.000        6.000        6.000        6.000
  1740:        6.000        6.000        6.000        6.000        6.000
  1745:        6.000        6.000        6.000        6.000        6.000
  1750:        6.000        6.000        6.000        6.000        6.000
  1755:        6.000        6.000        6.000        6.000        6.000
  1760:        6.000        6.000        6.000        6.000        6.000
  1765:        6.000        6.000        6.000        6.000        6.000
  1770:        6.000        6.000        6.000        6.000        6.000
  1775:        6.000        6.000      100.000
T:
     0:        0.000        0.000        0.000        0.000       10.630
     5:       10.700       10.860       13.560       17.840       18.400
    10:       19.690       19.920       20.020       25.200       40.340
    15:       42.500       42.960      102.770      126.450      141.210
    20:      141.240      141.290      146.780      146.930      147.580
    25:      149.500      155.200      159.370      159.370      159.370
    30:      159.380      159.380      159.380      159.380      159.380
    35:      159.380      163.380      164.380      164.380      165.500
    40:      169.370      169.380      182.690      182.690      182.690
    45:      182.700      182.700      182.700      182.700      182.700
    50:      182.700      186.220      186.220      186.700      187.700
    55:      187.700      192.690      192.700      200.260      201.350
    60:      201.350      201.350      201.360      201.360      201.360
    65:      201.360      201.360      201.360      202.040      202.040
    70:      202.620      202.620      202.820      202.820      203.670
    75:      203.670      204.460      205.360      206.360      206.360
    80:      211.350      211.360      223.900      224.600      224.630
    85:      225.270      241.200      243.620      249.010      314.810
    90:      315.180      315.250      315.900      316.710      317.630
    95:      317.730      318.840      334.520      334.630      337.010
   100:      337.010      337.010      337.020      337.020      337.020
   105:      337.020      337.020      337.020      339.260      341.020
   110:      342.020      342.020      347.010      347.020      379.850
   115:      389.670      389.830      389.920      392.530      393.930
   120:      395.620      396.540      397.110      398.790      408.230
   125:      409.000      423.550      423.550      423.550      423.560
   130:      423.560      423.560      423.560      423.560      423.560
   135:      426.310      427.560      427.620      428.560      428.560
   140:      433.550      433.560      444.120      444.120      444.120
   145:      444.130      444.130      444.130      444.130      444.130
   150:      444.130      448.130      448.130      449.130      449.130
   155:      449.480      454.120      454.130      456.280      465.300
   160:      474.120      475.370      475.800      516.470      527.800
   165:      528.380      539.770      561.660      567.240      569.750
   170:      592.260      594.160      594.240      614.700      614.910
   175:      654.060      669.010      670.870      671.570      674.660
   180:      675.120      675.440      676.470      678.390      679.130
   185:      680.680      681.580      681.620      686.430      692.830
   190:      706.200      708.470      732.000      741.190      742.260
   195:      742.360      742.870      743.040      744.880      748.240
   200:      748.570      749.170      749.240      752.270      752.860
   205:      754.240      755.510      755.540      756.430      756.690
   210:      756.870      757.340      792.600      792.740      798.220
   215:      800.690      809.920      811.020      811.210      816.750
   220:      817.040      817.770      819.070      821.850      829.070
   225:      829.500      829.620      830.280      834.140      835.050
   230:      836.270      837.490      838.210      846.690      846.760
   235:      889.620      889.620      889.620      889.630      889.630
   240:      889.630      889.630      889.630      889.630      890.060
   245:      890.060      893.630      894.630      894.630      899.620
   250:      899.630      903.490      903.550      905.160      906.940
   255:      907.160      907.240      907.580      910.160      910.260
   260:      910.380      910.680      911.200      911.700      912.410
   265:      913.950      916.310      916.690      917.740      919.910
   270:      924.170      933.900      934.160      988.780      989.260
   275:      989.480      990.330      994.790     1011.850     1013.090
   280:     1014.210     1014.290     1014.420     1027.080     1030.670
   285:     1030.760     1031.980     1055.330     1055.530     1058.100
   290:     1058.170     1060.090     1060.180     1097.690     1098.020
   295:     1098.910     1099.180     1101.200     1101.280     1111.130
   300:     1111.190     1112.750     1198.700     1199.490     1206.160
   305:     1206.200     1206.740     1207.360     1218.420     1221.910
   310:     1222.250     1228.150     1232.800     1232.990     1240.040
   315:     1240.190     1246.200     1246.580     1246.700     1257.810
   320:     1262.740     1341.340     1352.260     1352.800     1394.130
   325:     1468.790     1468.940     1486.150     1521.730     1522.300
   330:     1535.380     1554.830     1556.920     1557.070     1561.160
   335:     1561.460     1568.410     1568.770     1583.130     1583.520
   340:     1583.640     1585.020     1585.930     1586.580     1586.900
   345:     1587.110     1589.720     1590.430     1657.160     1657.350
   350:     1664.030     1670.560     1671.130     1675.980     1677.620
   355:     1678.640     1678.730     1679.000     1679.860     1680.710
   360:     1681.280     1683.900     1684.440     1684.860     1685.280
   365:     1688.050     1692.240     1692.460     1699.350     1699.440
   370:     1702.430     1706.740     1738.410     1738.750     1758.940
   375:     1758.940     1758.940     1758.950     1758.950     1758.950
   380:     1758.950     1758.950     1758.950     1759.250     1759.250
   385:     1760.280     1761.200     1761.790     1762.240     1762.300
   390:     1762.950     1763.950     1763.950     1767.830     1768.940
   395:     1768.950     1776.000     1785.660     1785.760     1786.120
   400:     1786.250     1786.400     1797.380     1797.570     1797.650
   405:     1797.710     1797.780     1798.090     1798.280     1798.420
   410:     1798.460     1801.120     1809.100     1809.410     1854.330
   415:     1854.330     1854.330     1854.340     1854.340     1854.340
   420:     1854.340     1854.340     1854.340     1854.500     1854.500
   425:     1856.000     1858.340     1859.340     1859.340     1859.730
   430:     1864.330     1864.340     1870.240     1871.730     1873.310
   435:     1877.940     1880.820     1880.990     1882.360     1890.850
   440:     1892.810     1893.840     1894.750     1895.130     1895.470
   445:     1897.530     1899.070     1901.330     1903.470     1903.810
   450:     1904.390     1905.630     1905.750     1905.770     1910.550
   455:     1910.580     1912.610     1913.810     1915.630     1916.270
   460:     1917.840     1918.020     1919.000     1919.620     1919.970
   465:     1922.220     1924.060     1925.630     1928.780     1929.130
   470:     1929.710     1930.650     1933.560     1936.640     1938.670
   475:     1940.600     1943.120     1943.480     1944.030     1944.340
   480:     1946.750     1959.710     1963.840     1965.470     1966.880
   485:     1968.780     1968.880     1968.940     2410.410     2460.500
   490:     2460.500     2460.500     2460.510     2460.510     2460.510
   495:     2460.510     2460.510     2460.510     2464.290     2464.510
   500:     2465.510     2465.510     2465.560     2470.500     2470.510
   505:     2533.140     2533.880     2548.220     2551.520     2553.230
   510:     2553.270     2592.480     2617.980     2693.740     2694.240
   515:     2694.280     2694.410     2711.170     2712.440     2712.690
   520:     2753.340     2755.110     2758.230     2758.490     2758.510
   525:     2758.600     2758.720     2758.870     2856.640     2948.670
   530:     2949.220     2951.380     2954.860     2956.830     2958.370
   535:     2970.200     2970.240     2970.440     2983.650     2984.030
   540:     2986.080     2986.370     2991.140     2991.490     2997.080
   545:     2998.450     2998.580     2998.780     2999.250     2999.320
   550:     2999.950     3001.740     3005.770     3008.070     3008.130
   555:     3009.030     3009.310     3009.530     3012.140     3012.610
   560:     3015.970     3016.020     3016.510     3020.050     3021.110
   565:     3028.260     3031.100     3031.250     3039.520     3055.090
   570:     3055.180     3065.390     3068.810     3069.740     3072.240
   575:     3072.890     3073.180     3074.870     3075.190     3083.700
   580:     3085.650     3085.730     3086.620     3110.760     3112.060
   585:     3116.760     3118.320     3119.160     3133.470     3133.530
   590:     3133.610     3139.440     3140.090     3145.840     3145.920
   595:     3146.060     3146.120     3146.180     3146.350     3155.580
   600:     3202.550     3202.970     3203.070     3203.870     3245.510
   605:     3251.450     3306.310     3339.280     3386.160     3386.160
   610:     3386.160     3386.170     3386.170     3386.170     3386.170
   615:     3386.170     3386.170     3390.130     3390.170     3391.170
   620:     3391.170     3391.390     3392.030     3392.070     3396.160
   625:     3396.170     3397.180     3401.100     3437.910     3515.180
   630:     3567.920     3568.630     3568.820     3568.860     3590.420
   635:     3661.810     3669.470     3669.570     3669.840     3674.810
   640:     3675.070     3677.300     3679.600     3733.130     3745.480
   645:     3805.910     3806.100     3815.870     3820.550     3826.980
   650:     3840.770     3846.730     3849.660     3856.880     3858.890
   655:     3859.090     3859.180     3859.350     3859.560     3860.110
   660:     3863.960     3864.020     3864.190     3864.390     3864.630
   665:     3867.250     3867.650     3867.740     3867.950     3871.630
   670:     3876.260     3881.010     3885.780     3903.570     3903.570
   675:     3903.570     3903.580     3903.580     3903.580     3903.580
   680:     3903.580     3903.580     3905.370     3907.580     3908.580
   685:     3908.580     3913.570     3913.580     4077.240     4077.420
   690:     4088.490     4095.090     4096.100     4096.100     4096.100
   695:     4096.110     4096.110     4096.110     4096.110     4096.110
   700:     4096.110     4096.540     4096.540     4099.250     4099.250
   705:     4100.110     4101.110     4101.110     4102.110     4105.070
   710:     4106.100     4106.110     4110.500     4113.910     4117.980
   715:     4118.100     4119.420     4121.820     4126.670     4127.230
   720:     4127.570     4127.830     4129.930     4131.480     4133.000
   725:     4212.870     4218.670     4230.120     4235.980     4244.580
   730:     4244.730     4245.010     4248.840     4249.200     4249.780
   735:     4308.750     4308.780     4314.540     4314.870     4315.040
   740:     4315.150     4315.390     4317.150     4318.350     4330.390
   745:     4333.000     4333.520     4334.810     4341.670     4345.430
   750:     4351.720     4351.790     4351.960     4352.340     4352.500
   755:     4360.540     4368.880     4369.580     4375.080     4459.110
   760:     4598.640     4600.250     4602.340     4603.390     4604.100
   765:     4605.390     4605.650     4605.700     4606.050     4606.210
   770:     4606.970     4607.740     4607.800     4610.900     4613.010
   775:     4614.460     4620.710     4660.780     4662.120     4662.500
   780:     4662.650     4670.060     4684.410     4684.660     4684.800
   785:     4691.280     4693.150     4693.230     4695.820     4699.730
   790:     4714.210     4714.310     4714.730     4715.550     4716.220
   795:     4716.820     4716.930     4718.760     5060.990     5065.170
   800:     5065.430     5065.700     5069.740     5073.180     5073.300
   805:     5073.620     5073.800     5074.070     5083.140     5087.360
   810:     5090.250     5093.830     5094.280     5095.840     5096.110
   815:     5096.250     5096.670     5096.720     5096.790     5096.970
   820:     5097.360     5097.510     5098.630     5101.270     5103.520
   825:     5106.880     5107.190     5109.970     5110.080     5111.190
   830:     5111.650     5114.300     5114.420     5114.630     5114.850
   835:     5114.990     5115.020     5115.290     5122.480     5124.350
   840:     5124.420     5148.550     5149.450     5155.400     5155.970
   845:     5156.490     5156.690     5157.950     5158.210     5158.740
   850:     5168.840     5182.480     5182.730     5182.950     5183.630
   855:     5201.660     5203.480     5215.200     5215.400     5216.960
   860:     5219.610     5220.190     5220.800     5221.250     5221.360
   865:     5222.770     5271.650     5272.780     5308.360     5314.680
   870:     5314.840     5328.080     5328.450     5328.780     5356.190
   875:     5365.270     5365.700     5365.840     5396.010     5396.760
   880:     5398.110     5418.170     5418.430     5418.680     5419.150
   885:     5419.480     5421.480     5432.930     5461.490     5461.870
   890:     5477.770     5510.470     5517.540     5517.770     5518.900
   895:     5521.450     5529.170     5547.200     5548.350     5548.580
   900:     5549.930     5550.570     5550.870     5551.370     5551.520
   905:     5551.560     5551.650     5561.730     5562.000     5563.260
   910:     5563.420     5563.810     5564.770     5567.340     5567.640
   915:     5569.570     5569.570     5569.570     5569.580     5569.580
   920:     5569.580     5569.580     5569.580     5569.580     5570.110
   925:     5570.110     5571.600     5573.580     5574.580     5574.580
   930:     5576.560     5579.000     5579.030     5579.570     5579.580
   935:     5583.950     5584.410     5585.140     5589.250     5590.370
   940:     5592.790     5604.740     5604.840     5605.740     5616.020
   945:     5617.840     5620.010     5620.380     5623.620     5623.890
   950:     5623.930     5629.450     5629.480     5630.230     5638.260
   955:     5639.430     5640.250     5640.460     5669.380     5671.010
   960:     5671.490     5673.660     5674.140     5676.110     5687.640
   965:     5693.250     5694.310     5694.620     5716.140     5718.340
   970:     5722.230     5722.330     5722.410     5722.660     5726.340
   975:     5809.160     5809.160     5809.160     5809.170     5809.170
   980:     5809.170     5809.170     5809.170     5809.170     5813.170
   985:     5814.170     5814.170     5814.840     5819.160     5819.170
   990:     6041.520     6045.280     6052.030     6059.080     6061.030
   995:     6061.080     6061.160     6063.880     6064.430     6064.540
  1000:     6064.790     6069.890     6097.940     6100.380     6103.620
  1005:     6103.660     6103.800     6114.120     6116.290     6116.290
  1010:     6116.290     6116.300     6116.300     6116.300     6116.300
  1015:     6116.300     6116.300     6120.300     6121.300     6121.300
  1020:     6126.290     6126.300     6135.770     6135.770     6135.770
  1025:     6135.780     6135.780     6135.780     6135.780     6135.780
  1030:     6135.780     6138.060     6138.060     6139.780     6140.780
  1035:     6140.780     6141.600     6145.770     6145.780     6150.640
  1040:     6173.580     6175.990     6179.620     6180.860     6183.740
  1045:     6186.160     6187.140     6187.410     6191.060     6194.090
  1050:     6194.910     6197.070     6197.700     6198.290     6198.330
  1055:     6199.240     6200.630     6200.840     6203.110     6208.130
  1060:     6211.240     6211.280     6213.580     6216.300     6221.030
  1065:     6267.710     6270.900     6272.220     6272.940     6295.140
  1070:     6295.210     6296.480     6297.690     6300.350     6301.310
  1075:     6303.020     6307.780     6327.080     6329.810     6329.940
  1080:     6335.140     6337.660     6343.730     6344.720     6347.100
  1085:     6347.390     6349.630     6350.810     6351.320     6352.570
  1090:     6352.680     6357.010     6358.350     6362.430     6362.680
  1095:     6363.180     6363.320     6363.570     6363.900     6363.990
  1100:     6365.020     6365.220     6368.830     6371.450     6372.490
  1105:     6372.670     6373.830     6375.830     6377.260     6377.360
  1110:     6377.680     6378.110     6378.720     6381.730     6383.190
  1115:     6385.130     6388.220     6388.490     6389.480     6392.090
  1120:     6394.210     6395.730     6397.030     6398.020     6401.520
  1125:     6401.550     6402.080     6402.250     6402.320     6402.520
  1130:     6402.740     6403.080     6403.360     6403.470     6403.770
  1135:     6442.790     6442.920     6443.060     6451.570     6451.680
  1140:     6539.440     6542.470     6542.570     6543.900     6624.490
  1145:     6626.100     6626.200     6798.660     6799.710     6815.180
  1150:     7029.240     7030.630     7089.070     7103.430     7178.030
  1155:     7178.140     7198.570     7245.200     7254.300     7254.870
  1160:     7255.070     7257.300     7416.290     7419.600     7419.600
  1165:     7419.600     7419.610     7419.610     7419.610     7419.610
  1170:     7419.610     7419.610     7421.390     7423.610     7424.610
  1175:     7424.610     7429.600     7429.610     7431.830     7477.220
  1180:     7561.180     7564.860     7564.860     7564.860     7564.870
  1185:     7564.870     7564.870     7564.870     7564.870     7564.870
  1190:     7565.690     7568.870     7569.690     7569.870     7569.870
  1195:     7571.740     7571.790     7571.920     7572.020     7572.130
  1200:     7574.860     7574.870     7576.200     7581.650     7587.860
  1205:     7589.530     7657.820     7664.950     7666.390     7666.520
  1210:     7666.680     7675.150     7675.310     7675.490     7675.580
  1215:     7680.560     7683.200     7683.480     7695.040     7697.930
  1220:     7700.200     7700.600     7701.910     7703.860     7757.340
  1225:     7758.250     7758.380     7758.790     7759.780     7760.780
  1230:     7762.580     7762.970     7763.020     7763.860     7765.710
  1235:     7765.940     7766.590     7768.340     7770.220     7770.680
  1240:     7771.730     7772.080     7773.710     7774.830     7775.600
  1245:     7777.450     7780.880     7782.550     7783.050     7786.460
  1250:     7789.360     7789.390     7789.480     7791.360     7793.370
  1255:     7794.520     7795.510     7795.760     7797.400     7799.960
  1260:     7801.560     7802.630     7804.450     7805.150     7807.470
  1265:     7808.470     7808.520     7814.020     7814.880     7815.970
  1270:     7816.470     7817.250     7818.020     7818.140     7820.100
  1275:     7821.210     7822.940     7823.240     7826.020     7826.320
  1280:     7826.700     7828.300     7828.400     7829.330     7830.500
  1285:     7831.430     7831.500     7832.240     7837.820     7838.250
  1290:     7839.480     7840.310     7840.860     7842.080     7843.330
  1295:     7843.570     7846.220     7849.650     7850.120     7853.680
  1300:     7854.400     7857.560     7857.940     7858.280     7861.870
  1305:     7862.550     7862.980     7865.560     7870.860     7873.020
  1310:     7873.100     7874.430     7874.900     7875.660     7875.890
  1315:     7880.600     7898.260     7898.870     7899.080     7918.030
  1320:     8178.170     8227.390     8235.120     8247.200     8251.850
  1325:     8316.160     8316.940     8374.350     8388.560     8389.080
  1330:     8391.570     8391.620     8399.210     8401.260     8402.560
  1335:     8402.560     8402.560     8402.570     8402.570     8402.570
  1340:     8402.570     8402.570     8402.570     8404.910     8406.520
  1345:     8406.570     8407.570     8407.570     8412.560     8412.570
  1350:     8413.710     8414.870     8414.870     8414.870     8414.880
  1355:     8414.880     8414.880     8414.880     8414.880     8414.880
  1360:     8415.100     8415.100     8417.540     8418.390     8418.880
  1365:     8419.880     8419.880     8422.220     8422.690     8424.800
  1370:     8424.870     8424.880     8425.140     8425.400     8428.320
  1375:     8431.390     8432.460     8439.520     8444.080     8444.260
  1380:     8444.690     8453.890     8470.980     8471.610     8473.830
  1385:     8474.160     8487.000     8487.900     8489.030     8490.640
  1390:     8491.550     8492.790     8493.190     8493.320     8493.520
  1395:     8493.980     8497.000     8497.600     8498.870     8499.810
  1400:     8500.670     8501.800     8503.820     8503.930     8505.010
  1405:     8510.000     8512.820     8513.670     8514.000     8515.360
  1410:     8517.650     8518.970     8519.300     8520.990     8522.480
  1415:     8524.340     8524.950     8526.450     8528.880     8529.940
  1420:     8530.800     8530.870     8531.400     8532.000     8532.500
  1425:     8534.200     8535.490     8535.710     8537.300     8870.780
  1430:     8989.580     8989.740     8990.240     9224.670     9243.040
  1435:     9243.670     9244.220     9264.810     9279.710     9279.730
  1440:     9284.530     9285.040     9285.100     9286.410     9287.170
  1445:     9287.430     9287.610     9289.140     9291.710     9293.590
  1450:     9294.870     9296.400     9296.650     9297.740     9297.850
  1455:     9299.500     9307.110     9307.450     9308.030     9308.240
  1460:     9405.790     9405.860     9406.200     9406.570     9433.820
  1465:     9499.670     9500.260     9500.360     9502.350     9504.150
  1470:     9505.430     9508.100     9509.370     9509.500     9511.300
  1475:     9515.990     9516.220     9516.570     9524.530     9527.050
  1480:     9528.730     9528.920     9533.350     9533.860     9536.430
  1485:     9539.330     9542.560     9543.020     9544.060     9544.280
  1490:     9547.490     9550.710     9554.380     9554.430     9555.650
  1495:     9556.040     9558.240     9559.560     9560.750     9561.100
  1500:     9562.110     9562.960     9566.950     9567.490     9568.340
  1505:     9569.830     9569.920     9572.450     9573.220     9574.590
  1510:     9574.900     9576.730     9577.870     9578.010     9579.230
  1515:     9585.870     9586.000     9587.780     9589.000     9589.320
  1520:     9591.560     9596.470     9596.660     9597.640     9597.840
  1525:     9598.010     9607.970     9610.030     9611.870     9612.050
  1530:     9616.770     9618.110     9618.250     9620.940     9621.060
  1535:     9622.420     9626.350     9626.940     9627.940     9635.230
  1540:     9635.680     9635.810     9636.350     9636.770     9637.330
  1545:     9637.490     9640.650     9642.130     9642.420     9644.860
  1550:     9645.800     9647.130     9661.680     9662.360     9662.440
  1555:     9662.710     9663.020     9663.640     9664.540     9665.080
  1560:     9668.130     9668.500     9668.760     9687.320     9723.460
  1565:     9731.590     9733.100     9733.810     9734.100     9738.920
  1570:     9741.180     9741.490     9742.840     9744.100     9749.260
  1575:     9752.140     9755.670     9756.010     9771.560     9771.560
  1580:     9771.560     9771.570     9771.570     9771.570     9771.570
  1585:     9771.570     9771.570     9774.880     9775.570     9776.570
  1590:     9776.570     9779.150     9781.560     9781.570     9793.880
  1595:     9811.360     9811.440     9841.460     9843.480     9845.290
  1600:     9845.940     9846.430     9846.530     9848.800     9849.110
  1605:     9849.390     9885.680    10077.260    10077.670    10077.800
  1610:    10080.680    10081.410    10082.260    10192.920    10223.570
  1615:    10223.730    10225.450    10225.730    10249.570    10249.660
  1620:    10249.850    10250.110    10251.770    10256.470    10256.520
  1625:    10257.030    10257.170    10257.210    10259.990    10260.070
  1630:    10260.170    10274.410    10274.530    10326.130    10331.560
  1635:    10332.290    10336.520    10340.280    10340.690    10340.750
  1640:    10341.740    10407.410    10408.600    10409.010    10409.030
  1645:    10410.160    10410.340    10410.450    10480.500    10492.570
  1650:    10496.280    10505.340    10505.410    10506.880    10507.630
  1655:    10507.630    10507.630    10507.640    10507.640    10507.640
  1660:    10507.640    10507.640    10507.640    10509.480    10509.480
  1665:    10511.130    10511.640    10512.640    10512.640    10517.630
  1670:    10517.640    10519.280    10523.980    10524.120    10526.510
  1675:    10527.080    10527.270    10527.590    10528.770    10533.610
  1680:    10533.910    10535.230    10535.990    10536.040    10536.160
  1685:    10536.340    10537.610    10538.020    10538.830    10541.780
  1690:    10541.950    10548.520    10550.880    10551.280    10558.550
  1695:    10560.020    10560.310    10560.440    10560.960    10561.350
  1700:    10561.480    10562.930    10565.780    10567.220    10568.880
  1705:    10569.330    10578.980    10582.260    10583.470    10584.050
  1710:    10584.440    10586.320    10587.330    10588.570    10588.850
  1715:    10593.120    10594.490    10595.420    10596.960    10597.460
  1720:    10597.510    10597.610    10599.850    10600.050    10600.210
  1725:    10600.960    10602.490    10605.820    10605.970    10607.080
  1730:    10607.180    10607.290    10607.370    10611.640    10611.680
  1735:    10611.900    10612.100    10618.850    10618.990    10619.150
  1740:    10619.280    10620.360    10626.120    10626.200    10626.230
  1745:    10626.300    10638.400    10638.840    10643.940    10650.370
  1750:    10652.550    10658.270    10658.330    10663.440    10663.530
  1755:    10663.580    10664.450    10667.510    10667.600    10668.650
  1760:    10698.710    10702.410    10703.220    10703.350    10703.870
  1765:    10723.420    10724.100    10724.550    10724.810    10733.290
  1770:    10733.440    10744.360    10751.620    10781.910    10782.390
  1775:    10784.200    10799.560    10800.000
