File: C:\MED-PC\Data\2025-03-11_09h21m_Subject 81.txt


Start Date: 03/11/25
End Date: 03/11/25
Subject: 81
Experiment: OralFentSA
Group: One
Box: 9
Start Time: 09:21:38
End Time: 12:22:27
MSN: 20241014_Golden_Liq_SelfAdmin
F:       0.000
G:     102.000
H:   10800.000
I:       0.000
J:       0.000
K:       0.000
L:       0.000
M:       0.000
N:       0.000
O:       0.000
P:       0.000
Q:       0.000
R:       0.000
S:       0.000
U:       0.000
V:       0.000
W:       0.000
X:       0.000
Y:       0.000
Z:       0.000
A:
     0:        0.000        0.000      180.000        4.000        0.000
     5:        5.000        0.000        5.000        0.000        0.000
    10:        1.000        0.000       10.000 30000000.000       20.000
    15:        7.000      640.000        0.000        0.000        0.000
    20:        0.000
B:
     0:        0.000        0.000        0.000      400.000        0.000
     5:      500.000        0.000      500.000        0.000        0.000
    10:        0.000        0.000     1000.000 3000000000.000        0.000
    15:        0.000        0.000        0.000        0.000        0.000
    20:        0.000
C:
     0:        2.000        3.000        9.000        2.000       61.000
     5:     7196.830        3.220        2.000        9.800        4.900
    10:        2.000        9.000        0.000        0.000        0.000
    15:        0.000        0.000        0.000        0.000        0.000
    20:        0.000
D:
     0:        6.580        3.220
E:
     0:       19.000       11.000       26.000       27.000        1.000
     5:        6.000        6.000        6.000        6.000        6.000
    10:        6.000        6.000        6.000        1.000        6.000
    15:        6.000        6.000        6.000        6.000        6.000
    20:        1.000        6.000        6.000        6.000        2.000
    25:        4.000       22.000       24.000       12.000       13.000
    30:        8.000        5.000       17.000       18.000       14.000
    35:       10.000        6.000       19.000       11.000        6.000
    40:        6.000        6.000        6.000        6.000        6.000
    45:        6.000        6.000        6.000        6.000        6.000
    50:        6.000        6.000        6.000        6.000        6.000
    55:        6.000        6.000        6.000        6.000        6.000
    60:        6.000        6.000        6.000        6.000        1.000
    65:        6.000        6.000        1.000        6.000        2.000
    70:        4.000       22.000       24.000       12.000       13.000
    75:        8.000        5.000       17.000        6.000       18.000
    80:       14.000       10.000       19.000       11.000        6.000
    85:        6.000        6.000        6.000        6.000        6.000
    90:        6.000        6.000        6.000        6.000        6.000
    95:        6.000        6.000        1.000        1.000        6.000
   100:        1.000        1.000      100.000
T:
     0:        0.000        0.000        0.000        0.000       93.970
     5:      100.620      170.010      170.490      357.790      362.430
    10:      715.170      717.650      738.450      883.850     1212.110
    15:     1212.660     1296.680     1357.170     1360.450     1472.460
    20:     1526.120     1864.310     1865.080     2012.700     2030.540
    25:     2030.540     2030.540     2030.550     2030.550     2030.550
    30:     2030.550     2030.550     2030.550     2034.550     2035.550
    35:     2035.550     2037.130     2040.540     2040.550     2062.600
    40:     2072.490     2074.650     2151.580     2163.440     2163.460
    45:     2830.970     3359.030     3561.020     3866.920     3871.470
    50:     4492.080     4492.390     4967.790     5247.630     5251.830
    55:     5383.480     5624.160     5782.950     5916.960     5951.420
    60:     6000.390     6110.640     6201.130     6202.110     6235.460
    65:     6548.440     6589.300     6823.610     7114.030     7196.820
    70:     7196.820     7196.820     7196.830     7196.830     7196.830
    75:     7196.830     7196.830     7196.830     7200.050     7200.830
    80:     7201.830     7201.830     7206.820     7206.830     7221.770
    85:     7250.550     7399.120     8034.450     8036.130     8036.340
    90:     8571.150     8822.350     8827.040     8900.780     8901.010
    95:     8967.900     8968.060    10065.870    10068.270    10073.740
   100:    10149.560    10258.850    10800.000
