File: C:\MED-PC\Data\2025-04-10_09h50m_Subject 75.txt


Start Date: 04/10/25
End Date: 04/10/25
Subject: 75
Experiment: OralFentSA
Group: One
Box: 3
Start Time: 09:50:07
End Time: 12:50:44
MSN: Golden_Liq_SelfAdmin_EXT
F:       0.000
G:     121.000
H:   10800.000
I:       0.000
J:       0.000
K:       0.000
L:       0.000
M:       0.000
N:       0.000
O:       0.000
P:       0.000
Q:       0.000
R:       0.000
S:       0.000
U:       0.000
V:       0.000
W:       0.000
X:       0.000
Y:       0.000
Z:       0.000
A:
     0:        0.000        0.000      180.000        4.000        0.000
     5:        5.000        0.000        5.000        0.000        0.000
    10:        1.000        0.000       10.000   100000.000       26.000
    15:       29.000      600.000        0.000        0.000        0.000
    20:        0.000
B:
     0:        0.000        0.000        0.000        0.000        0.000
     5:        0.000        0.000        0.000        0.000        0.000
    10:        0.000        0.000     1000.000 10000000.000        0.000
    15:        0.000        0.000        0.000        0.000        0.000
    20:        0.000
C:
     0:        0.000        8.000       23.000        9.000       41.000
     5:    10717.240       20.920        4.000       94.330       23.583
    10:        9.000       23.000        0.000        0.000        0.000
    15:        0.000        0.000        0.000        0.000        0.000
    20:        0.000
D:
     0:       24.930       30.490       17.990       20.920
E:
     0:       19.000       11.000       26.000       27.000        6.000
     5:        6.000        6.000        6.000        2.000        4.000
    10:       22.000       24.000       12.000       19.000       11.000
    15:        2.000        4.000       22.000       24.000       12.000
    20:       19.000       11.000        1.000        2.000        4.000
    25:       22.000       24.000       12.000       19.000       11.000
    30:        6.000        6.000        6.000        2.000        4.000
    35:       22.000       24.000       12.000       21.000       22.000
    40:       19.000       11.000        2.000        4.000       22.000
    45:       24.000       12.000       21.000       22.000       19.000
    50:       11.000        6.000        6.000        6.000        6.000
    55:        6.000        6.000        6.000        6.000        6.000
    60:        1.000        1.000        1.000        6.000        6.000
    65:        1.000        1.000        1.000        1.000        1.000
    70:        6.000        1.000        1.000        1.000        6.000
    75:        6.000        1.000        6.000        1.000        1.000
    80:        1.000        1.000        6.000        1.000        6.000
    85:        6.000        1.000        6.000        1.000        1.000
    90:        1.000        2.000        4.000       22.000       24.000
    95:       12.000       19.000       11.000        6.000        6.000
   100:        6.000        6.000        6.000        6.000        6.000
   105:        6.000        1.000        6.000        2.000        4.000
   110:       22.000       24.000       12.000       19.000       11.000
   115:        6.000        6.000        6.000        6.000        6.000
   120:        6.000      100.000
T:
     0:        0.000        0.000        0.000        0.000        6.010
     5:      101.270      101.460      101.670      126.280      126.280
    10:      126.280      126.290      126.290      136.280      136.290
    15:      231.850      231.850      231.850      231.860      231.860
    20:      241.850      241.860      243.920      306.180      306.180
    25:      306.180      306.190      306.190      316.180      316.190
    30:      331.120      353.040      559.620      578.590      578.590
    35:      578.590      578.600      578.600      582.130      582.130
    40:      588.590      588.600      658.800      658.800      658.800
    45:      658.810      658.810      664.040      664.040      668.800
    50:      668.810      689.300      695.110      697.170      699.600
    55:      699.870      702.690      703.100      800.010      800.400
    60:      823.720      827.230     1303.070     1315.780     1316.090
    65:     1359.960     1361.240     1407.140     1407.200     1412.970
    70:     1454.450     1474.370     1474.420     1582.890     1639.250
    75:     1641.640     1829.270     1859.490     1972.500     1972.570
    80:     1972.630     2409.530     2494.480     2803.390     6788.810
    85:     6789.240     8752.220     9564.560    10166.520    10225.030
    90:    10426.730    10485.120    10485.120    10485.120    10485.130
    95:    10485.130    10495.120    10495.130    10503.120    10504.690
   100:    10509.890    10529.510    10530.160    10530.660    10536.030
   105:    10581.200    10620.930    10702.510    10717.230    10717.230
   110:    10717.230    10717.240    10717.240    10727.230    10727.240
   115:    10738.160    10755.120    10755.370    10757.660    10758.160
   120:    10758.630    10800.000
