File: C:\MED-PC\Data\2025-04-02_09h48m_Subject 74.txt


Start Date: 04/02/25
End Date: 04/02/25
Subject: 74
Experiment: OralFentSA
Group: One
Box: 2
Start Time: 09:48:27
End Time: 12:49:31
MSN: Golden_Liq_SelfAdmin_EXT
F:       0.000
G:     410.000
H:   10800.000
I:       0.000
J:       0.000
K:       0.000
L:       0.000
M:       0.000
N:       0.000
O:       0.000
P:       0.000
Q:       0.000
R:       0.000
S:       0.000
U:       0.000
V:       0.000
W:       0.000
X:       0.000
Y:       0.000
Z:       0.000
A:
     0:        0.000        0.000      180.000        4.000        0.000
     5:        5.000        0.000        5.000        0.000        0.000
    10:        1.000        0.000       10.000   100000.000       26.000
    15:       23.000      600.000        0.000        0.000        0.000
    20:        0.000
B:
     0:        0.000        0.000        0.000        0.000        0.000
     5:        0.000        0.000        0.000        0.000        0.000
    10:        0.000        0.000     1000.000 10000000.000        0.000
    15:        0.000        0.000        0.000        0.000        0.000
    20:        0.000
C:
     0:        0.000       10.000       14.000       13.000      318.000
     5:    10792.300      198.820        6.000      833.750      138.958
    10:       13.000       14.000        0.000        0.000        0.000
    15:        0.000        0.000        0.000        0.000        0.000
    20:        0.000
D:
     0:       24.510      244.600       11.870       83.680      270.270
     5:      198.820
E:
     0:       19.000       11.000       26.000       27.000        6.000
     5:        6.000        6.000        6.000        6.000        6.000
    10:        6.000        6.000        6.000        6.000        6.000
    15:        1.000        1.000        6.000        6.000        6.000
    20:        2.000        4.000       22.000       24.000       12.000
    25:       19.000       11.000        2.000        4.000       22.000
    30:       24.000       12.000       19.000       11.000        6.000
    35:        6.000        6.000        6.000        6.000        6.000
    40:        6.000        6.000        2.000        4.000       22.000
    45:       24.000       12.000       21.000       22.000       19.000
    50:       11.000        1.000        6.000        6.000        6.000
    55:        6.000        1.000        6.000        2.000        4.000
    60:       22.000       24.000       12.000       21.000       22.000
    65:       19.000       11.000        2.000        4.000       22.000
    70:       24.000       12.000       19.000       11.000        6.000
    75:        6.000        6.000        2.000        4.000       22.000
    80:       24.000       12.000       21.000       22.000       19.000
    85:       11.000        6.000        6.000        6.000        6.000
    90:        6.000        6.000        6.000        6.000        6.000
    95:        6.000        6.000        6.000        6.000        6.000
   100:        6.000        6.000        6.000        6.000        6.000
   105:        6.000        6.000        6.000        6.000        6.000
   110:        6.000        6.000        6.000        6.000        6.000
   115:        6.000        6.000        6.000        6.000        6.000
   120:        6.000        6.000        6.000        6.000        6.000
   125:        6.000        6.000        6.000        6.000        6.000
   130:        6.000        6.000        6.000        6.000        6.000
   135:        6.000        6.000        6.000        6.000        6.000
   140:        6.000        6.000        6.000        6.000        6.000
   145:        6.000        6.000        6.000        6.000        6.000
   150:        6.000        6.000        6.000        6.000        6.000
   155:        6.000        6.000        6.000        6.000        6.000
   160:        6.000        6.000        6.000        6.000        6.000
   165:        6.000        6.000        6.000        6.000        6.000
   170:        6.000        6.000        6.000        6.000        6.000
   175:        6.000        6.000        6.000        6.000        6.000
   180:        6.000        6.000        6.000        6.000        6.000
   185:        6.000        6.000        6.000        6.000        6.000
   190:        6.000        6.000        6.000        6.000        6.000
   195:        6.000        6.000        6.000        6.000        6.000
   200:        6.000        6.000        6.000        6.000        6.000
   205:        6.000        6.000        6.000        6.000        6.000
   210:        6.000        6.000        6.000        6.000        6.000
   215:        6.000        6.000        6.000        6.000        6.000
   220:        6.000        6.000        6.000        6.000        6.000
   225:        6.000        6.000        6.000        6.000        6.000
   230:        6.000        6.000        6.000        6.000        6.000
   235:        6.000        6.000        6.000        6.000        6.000
   240:        6.000        6.000        6.000        6.000        6.000
   245:        6.000        6.000        6.000        6.000        6.000
   250:        6.000        6.000        6.000        6.000        6.000
   255:        6.000        6.000        6.000        6.000        6.000
   260:        6.000        6.000        6.000        6.000        6.000
   265:        6.000        6.000        6.000        6.000        6.000
   270:        6.000        6.000        6.000        6.000        6.000
   275:        6.000        6.000        6.000        6.000        6.000
   280:        6.000        6.000        6.000        6.000        6.000
   285:        6.000        6.000        6.000        6.000        6.000
   290:        6.000        6.000        6.000        6.000        6.000
   295:        6.000        6.000        6.000        6.000        6.000
   300:        6.000        6.000        6.000        6.000        6.000
   305:        6.000        6.000        6.000        6.000        6.000
   310:        6.000        6.000        6.000        6.000        6.000
   315:        6.000        6.000        6.000        6.000        6.000
   320:        6.000        6.000        6.000        6.000        6.000
   325:        6.000        6.000        6.000        6.000        6.000
   330:        6.000        6.000        6.000        6.000        6.000
   335:        6.000        6.000        6.000        6.000        6.000
   340:        6.000        6.000        6.000        6.000        6.000
   345:        6.000        1.000        1.000        1.000        1.000
   350:        6.000        6.000        6.000        6.000        2.000
   355:        4.000       22.000       24.000       12.000       19.000
   360:       11.000        1.000        6.000        6.000        6.000
   365:        1.000        6.000        2.000        4.000       22.000
   370:       24.000       12.000       19.000       11.000        2.000
   375:        4.000       22.000       24.000       12.000       19.000
   380:       11.000        6.000        6.000        6.000        6.000
   385:        6.000        6.000        6.000        6.000        6.000
   390:        6.000        6.000        6.000        6.000        6.000
   395:        1.000        6.000        6.000        6.000        6.000
   400:        6.000        6.000        1.000        1.000        1.000
   405:        2.000        4.000       22.000       24.000       12.000
   410:      100.000
T:
     0:        0.000        0.000        0.000        0.000       21.170
     5:       36.990       37.140       38.330      153.930      155.860
    10:      246.090      246.780      248.670      249.910      410.270
    15:      453.400      454.660      476.730      477.930      503.140
    20:      508.500      508.500      508.500      508.510      508.510
    25:      518.500      518.510      548.460      548.460      548.460
    30:      548.470      548.470      558.460      558.470      572.980
    35:      615.620      617.710      623.260      623.950      624.640
    40:      652.420      653.190      655.970      655.970      655.970
    45:      655.980      655.980      658.570      658.570      665.970
    50:      665.980      793.520      900.580      937.750      974.940
    55:      983.820     1034.780     1043.590     1121.540     1121.540
    60:     1121.540     1121.550     1121.550     1131.070     1131.070
    65:     1131.540     1131.550     1187.410     1187.410     1187.410
    70:     1187.420     1187.420     1197.410     1197.420     1199.290
    75:     1208.170     1209.320     1221.480     1221.480     1221.480
    80:     1221.490     1221.490     1222.360     1222.360     1231.480
    85:     1231.490     1305.170     1324.750     1384.620     1384.730
    90:     1385.320     1388.010     1388.160     1388.580     1389.170
    95:     1394.100     1396.030     1398.380     1398.520     1399.040
   100:     1401.510     1401.920     1405.450     1405.920     1406.930
   105:     1407.460     1409.270     1410.390     1411.810     1413.070
   110:     1413.420     1584.320     1585.880     1585.970     1588.880
   115:     1590.290     1591.140     1599.970     1601.170     1601.400
   120:     1602.550     1605.460     1628.160     1631.110     1870.040
   125:     1870.090     1870.700     1870.720     2126.370     2126.870
   130:     2127.120     2130.000     2138.000     2146.960     2147.590
   135:     2148.930     2149.570     2150.160     2150.340     2150.380
   140:     2150.460     2150.630     2151.080     2151.250     2151.910
   145:     2152.520     2156.500     2159.020     2159.060     2160.210
   150:     2160.390     2163.500     2164.790     2166.640     2178.550
   155:     2178.720     2198.040     2198.110     2198.530     2198.780
   160:     2199.140     2358.610     2361.090     2363.670     2674.330
   165:     2945.490     2946.110     2946.560     2946.640     2949.390
   170:     2950.500     2950.700     2951.900     2952.080     2952.770
   175:     2964.980     2965.810     2966.660     2971.960     2972.780
   180:     2978.820     3056.320     3058.450     3059.420     3059.970
   185:     3061.460     3397.780     3398.340     3399.710     3956.690
   190:     3959.660     3960.790     3965.870     3973.190     4407.930
   195:     4413.900     4441.600     4443.010     4443.420     4444.150
   200:     4444.240     4450.840     4471.530     4543.900     4562.890
   205:     4646.320     4864.600     4873.460     4875.020     5204.610
   210:     5206.220     5287.170     5289.690     5289.920     5380.230
   215:     5380.440     5384.250     5551.340     5556.340     5563.970
   220:     5564.980     5565.240     5571.670     5572.030     5574.710
   225:     5575.010     5575.420     5577.320     5581.970     5584.620
   230:     5590.860     5596.870     5597.060     5691.100     5692.870
   235:     5696.630     5701.550     5701.840     5702.120     5848.890
   240:     5848.960     5866.130     5894.430     5894.510     5926.060
   245:     5926.120     5935.580     5984.900     6060.840     6061.590
   250:     6062.890     6064.960     6065.180     6404.200     6404.460
   255:     6407.100     6407.820     6497.490     6498.410     6498.940
   260:     6501.900     6502.470     6512.890     6639.740     6640.070
   265:     6760.770     6760.900     6761.200     6761.510     6762.040
   270:     6763.950     6764.500     6764.780     6765.060     6765.340
   275:     6765.670     6765.950     6766.240     6766.500     6766.770
   280:     6767.030     6767.280     6767.510     6768.450     6768.510
   285:     6768.700     6770.130     6770.440     6840.020     7060.510
   290:     7061.620     7063.190     7108.760     7109.160     7111.120
   295:     7504.390     7506.420     7647.470     7676.950     7679.000
   300:     7798.630     7801.340     7802.990     7803.660     7945.380
   305:     7945.510     7946.250     7946.440     7946.640     7946.680
   310:     7946.890     7947.180     7947.380     7947.960     7948.150
   315:     7955.440     7957.590     7958.080     7958.540     7958.970
   320:     8085.720     8106.030     8106.150     8108.490     8111.890
   325:     8112.050     8112.300     8112.530     8112.790     8113.040
   330:     8113.350     8113.640     8113.870     8114.090     8114.320
   335:     8115.040     8115.250     8264.080     8267.350     8267.490
   340:     8267.560     8441.620     8442.560     8444.050     8444.110
   345:     8794.590     8870.370     8871.600     8874.030     8874.340
   350:     9142.210     9217.600     9218.850     9220.210     9225.510
   355:     9225.510     9225.510     9225.520     9225.520     9235.510
   360:     9235.520     9258.630     9495.790     9495.860     9496.410
   365:     9619.340     9628.150     9651.070     9651.070     9651.070
   370:     9651.080     9651.080     9661.070     9661.080     9661.250
   375:     9661.250     9661.250     9661.260     9661.260     9671.250
   380:     9671.260     9860.080     9884.170     9885.310     9949.830
   385:     9951.760     9958.960    10137.090    10154.370    10156.370
   390:    10157.680    10203.670    10203.840    10336.680    10337.550
   395:    10388.500    10397.080    10428.290    10530.170    10537.770
   400:    10537.950    10541.930    10587.100    10671.080    10671.770
   405:    10792.290    10792.290    10792.290    10792.300    10792.300
   410:    10800.000
