File: C:\MED-PC\Data\2025-04-08_09h19m_Subject 75.txt


Start Date: 04/08/25
End Date: 04/08/25
Subject: 75
Experiment: OralFentSA
Group: One
Box: 3
Start Time: 09:19:26
End Time: 12:20:05
MSN: Golden_Liq_SelfAdmin_EXT
F:       0.000
G:     134.000
H:   10800.000
I:       0.000
J:       0.000
K:       0.000
L:       0.000
M:       0.000
N:       0.000
O:       0.000
P:       0.000
Q:       0.000
R:       0.000
S:       0.000
U:       0.000
V:       0.000
W:       0.000
X:       0.000
Y:       0.000
Z:       0.000
A:
     0:        0.000        0.000      180.000        4.000        0.000
     5:        5.000        0.000        5.000        0.000        0.000
    10:        1.000        0.000       10.000   100000.000       24.000
    15:       26.000      600.000        0.000        0.000        0.000
    20:        0.000
B:
     0:        0.000        0.000        0.000        0.000        0.000
     5:        0.000        0.000        0.000        0.000        0.000
    10:        0.000        0.000     1000.000 10000000.000        0.000
    15:        0.000        0.000        0.000        0.000        0.000
    20:        0.000
C:
     0:        0.000        6.000       18.000        9.000       69.000
     5:    10696.950        2.270        5.000      152.930       30.586
    10:        9.000       18.000        0.000        0.000        0.000
    15:        0.000        0.000        0.000        0.000        0.000
    20:        0.000
D:
     0:       28.890       31.790       54.220       35.760        2.270
E:
     0:       19.000       11.000       26.000       27.000        6.000
     5:        6.000        1.000        2.000        4.000       22.000
    10:       24.000       12.000       19.000       11.000        6.000
    15:        6.000        1.000        1.000        1.000        1.000
    20:        6.000        6.000        2.000        4.000       22.000
    25:       24.000       12.000       21.000       22.000       21.000
    30:       22.000       19.000       11.000        6.000        1.000
    35:        6.000        6.000        6.000        6.000        6.000
    40:        6.000        6.000        6.000        6.000        6.000
    45:        6.000        6.000        6.000        6.000        6.000
    50:        6.000        6.000        6.000        6.000        6.000
    55:        6.000        6.000        2.000        4.000       22.000
    60:       24.000       12.000       19.000       11.000        6.000
    65:        6.000        6.000        6.000        6.000        6.000
    70:        6.000        6.000        6.000        6.000        6.000
    75:        6.000        6.000        6.000        6.000        1.000
    80:        1.000        6.000        1.000        1.000        2.000
    85:        4.000       22.000       24.000       12.000       21.000
    90:       22.000       19.000       11.000        6.000        6.000
    95:        6.000        6.000        6.000        1.000        6.000
   100:        6.000        6.000        6.000        6.000        6.000
   105:        6.000        6.000        6.000        1.000        1.000
   110:        6.000        6.000        6.000        6.000        6.000
   115:        6.000        1.000        1.000        1.000        6.000
   120:        6.000        1.000        1.000        6.000        2.000
   125:        4.000       22.000       24.000       12.000       21.000
   130:       22.000        6.000       19.000       11.000      100.000
T:
     0:        0.000        0.000        0.000        0.000       24.730
     5:       24.920       34.690      178.550      178.550      178.550
    10:      178.560      178.560      188.550      188.560      207.450
    15:      207.800      264.410      266.390      442.290      442.870
    20:      452.130      462.360      485.610      485.610      485.610
    25:      485.620      485.620      487.200      487.200      490.600
    30:      490.600      495.610      495.620      517.410      529.010
    35:      676.500      676.790      676.910      677.440     1087.510
    40:     1087.680     1259.340     1330.920     1334.210     1337.160
    45:     1338.040     1338.800     1342.860     1342.990     1361.130
    50:     1361.160     1361.430     1361.610     1416.470     1416.710
    55:     1420.120     1420.470     1440.250     1440.250     1440.250
    60:     1440.260     1440.260     1450.250     1450.260     1494.480
    65:     1499.190     1500.020     1500.040     1500.370     1512.180
    70:     1512.320     1515.420     1519.040     1519.180     1521.020
    75:     1521.440     1524.590     1528.330     3629.310     3640.930
    80:     3641.930     3678.760     3701.300     3701.440     4176.250
    85:     4176.250     4176.250     4176.260     4176.260     4176.300
    90:     4176.300     4186.250     4186.260     4212.020     4215.170
    95:     4217.300     4219.590     4223.970     4263.690     4282.450
   100:     4288.360     4288.660     4289.500     4296.800     4465.160
   105:     4467.080     4482.950     4483.550     4577.150     4580.670
   110:     8604.460     8629.540     8629.730     8640.840     8640.970
   115:     8642.180     8742.320     8745.390     8748.380     8752.770
   120:     8753.010     8800.060     8816.530    10631.130    10696.940
   125:    10696.940    10696.940    10696.950    10696.950    10697.850
   130:    10697.850    10699.220    10706.940    10706.950    10800.000
