File: C:\MED-PC IV\DATA\!2025-03-04_08h59m.Subject 61



Start Date: 03/04/25
End Date: 03/04/25
Subject: 61
Experiment: OralFentSA
Group: One
Box: 5
Start Time:  8:59:25
End Time: 11:59:35
MSN: Golden_Liq_SelfAdmin_EXT
F:       0.000
G:     225.000
H:   10800.010
I:       0.000
J:       0.000
K:       0.000
L:       0.000
M:       0.000
N:       0.000
O:       0.000
P:       0.000
Q:       0.000
R:       0.000
S:       0.000
U:       0.000
V:       0.000
W:       0.000
X:       0.000
Y:       0.000
Z:       0.000
A:
     0:        0.000        0.000      180.000        4.000        0.000
     5:        5.000        0.000        5.000        0.000        0.000
    10:        1.000        0.000       10.000 100000000.00       27.000
    15:       17.000      640.000        0.000        0.000        0.000
    20:        0.000
B:
     0:        0.000        0.000        0.000        0.000        0.000
     5:        0.000        0.000        0.000        0.000        0.000
    10:        0.000        0.000     1000.000 10000000000.        0.000
    15:        0.000        0.000        0.000        0.000        0.000
    20:        0.000
C:
     0:        0.000        3.000        0.000        2.000      206.000
     5:     6669.170       33.440        2.000      161.200       80.600
    10:        2.000        3.000        0.000        0.000        0.000
    15:        0.000        0.000        0.000        0.000        0.000
    20:        0.000
D:
     0:      127.760       33.440
E:
     0:       19.000       11.000       26.000       27.000        6.000
     5:        6.000        6.000        6.000        6.000        6.000
    10:        6.000        6.000        6.000        6.000        6.000
    15:       23.000        6.000        6.000        6.000        6.000
    20:        6.000        6.000        6.000        6.000        6.000
    25:        6.000       23.000       23.000        6.000        6.000
    30:        6.000        6.000        6.000        6.000        6.000
    35:        6.000        6.000        6.000        6.000        6.000
    40:        6.000        6.000        6.000        6.000        6.000
    45:        6.000        6.000        6.000        6.000        6.000
    50:        6.000        6.000        6.000        6.000        6.000
    55:        6.000        6.000        6.000        6.000        6.000
    60:        6.000        6.000        6.000        6.000        6.000
    65:        6.000        6.000        6.000        6.000        6.000
    70:        6.000        6.000        6.000        6.000        6.000
    75:        6.000        6.000        6.000        6.000        6.000
    80:        6.000        6.000        6.000        6.000        6.000
    85:        6.000        6.000        6.000        6.000        6.000
    90:        6.000        6.000        6.000        6.000        6.000
    95:        6.000        6.000        6.000        6.000        6.000
   100:        6.000        6.000        6.000        6.000        6.000
   105:        6.000        6.000        6.000        6.000        6.000
   110:        6.000        6.000        6.000        6.000        6.000
   115:        6.000        6.000        6.000        6.000        6.000
   120:        6.000        6.000        6.000        6.000        6.000
   125:        6.000        6.000        6.000        6.000        6.000
   130:        6.000        6.000        6.000        6.000        6.000
   135:        6.000        6.000        6.000        6.000        6.000
   140:        6.000        6.000        6.000        6.000        6.000
   145:        6.000        6.000        6.000        6.000        6.000
   150:        6.000        6.000        6.000        6.000        6.000
   155:        6.000        6.000        6.000        6.000        6.000
   160:        6.000        6.000        6.000        6.000        6.000
   165:        6.000        6.000        6.000        6.000        6.000
   170:        6.000        6.000        6.000        6.000        6.000
   175:        6.000        6.000        6.000        6.000        6.000
   180:        6.000        6.000        6.000        6.000        6.000
   185:        2.000        4.000       22.000       24.000       19.000
   190:       11.000        6.000        2.000        4.000       22.000
   195:       24.000       19.000       11.000        6.000        6.000
   200:        6.000        6.000        6.000        6.000        6.000
   205:        6.000        6.000        6.000        6.000        6.000
   210:        6.000        6.000        6.000        6.000        6.000
   215:        6.000        6.000        6.000        6.000        6.000
   220:        6.000        6.000        6.000        6.000        6.000
   225:      100.000
T:
     0:        0.000        0.000        0.000        0.000        1.420
     5:       57.730       68.020       73.270       74.020       74.280
    10:       75.200       75.270       83.260      128.580      132.640
    15:      169.400      179.370      252.390      254.590      265.150
    20:      265.420      268.900      268.980      424.570      424.680
    25:      427.430      459.090      459.230      464.570      467.690
    30:      469.570      469.890      470.040      471.040      478.350
    35:      478.420      478.660      486.170      489.030      491.830
    40:      495.350      495.750      495.970      497.500      497.610
    45:      498.600      498.700      500.410      501.230      515.990
    50:      522.870      547.100      548.170      553.520      678.990
    55:      683.460      766.880      767.220      976.930      978.040
    60:      978.190      978.280      978.390      978.510      978.870
    65:     1055.480     1081.500     1083.260     1094.020     1094.060
    70:     1094.130     1095.050     1095.530     1096.830     5080.710
    75:     5082.250     5822.320     5823.650     5824.250     5825.130
    80:     5825.340     5825.570     5825.750     5841.220     5909.360
    85:     5924.860     5925.430     5928.550     5939.450     5939.720
    90:     5939.950     5939.980     5950.650     5950.770     5951.910
    95:     5951.970     5951.990     5952.240     5952.280     5977.010
   100:     5987.450     6030.570     6031.860     6032.210     6033.420
   105:     6033.510     6033.620     6033.680     6034.740     6035.330
   110:     6035.540     6036.300     6037.220     6037.410     6038.230
   115:     6042.120     6044.800     6045.340     6052.730     6056.050
   120:     6056.080     6076.240     6080.010     6080.920     6081.070
   125:     6081.370     6082.120     6082.530     6083.830     6087.110
   130:     6087.190     6087.710     6091.810     6093.040     6095.770
   135:     6095.940     6096.270     6098.810     6099.130     6100.130
   140:     6104.990     6105.120     6108.470     6115.660     6116.450
   145:     6119.160     6122.830     6126.180     6126.400     6127.970
   150:     6128.440     6129.480     6131.640     6138.170     6141.090
   155:     6141.200     6142.820     6144.940     6145.000     6145.070
   160:     6146.510     6151.520     6151.890     6152.480     6153.870
   165:     6155.690     6156.010     6156.260     6158.720     6160.210
   170:     6161.090     6194.500     6201.040     6219.950     6220.570
   175:     6220.960     6222.280     6222.690     6229.370     6282.520
   180:     6394.090     6467.700     6468.940     6469.900     6473.650
   185:     6511.940     6511.940     6511.940     6511.950     6521.940
   190:     6521.950     6639.710     6669.160     6669.160     6669.160
   195:     6669.170     6679.160     6679.170     6702.610     6703.310
   200:     6704.300     6706.940     6707.360     6707.600     6718.410
   205:     6741.040     6741.320     6741.670     6752.460     6774.480
   210:     6777.490     6777.670    10693.940    10717.310    10746.120
   215:    10746.750    10747.030    10747.110    10748.090    10748.160
   220:    10749.170    10749.870    10754.750    10757.140    10757.560
   225:    10800.010
