File: C:\MED-PC\Data\2025-04-11_09h50m_Subject 83.txt


Start Date: 04/11/25
End Date: 04/11/25
Subject: 83
Experiment: OralFentSA
Group: One
Box: 11
Start Time: 09:50:46
End Time: 12:51:12
MSN: Golden_Liq_SelfAdmin_EXT
F:       0.000
G:      67.000
H:   10800.000
I:       0.000
J:       0.000
K:       0.000
L:       0.000
M:       0.000
N:       0.000
O:       0.000
P:       0.000
Q:       0.000
R:       0.000
S:       0.000
U:       0.000
V:       0.000
W:       0.000
X:       0.000
Y:       0.000
Z:       0.000
A:
     0:        0.000        0.000      180.000        4.000        0.000
     5:        5.000        0.000        5.000        0.000        0.000
    10:        1.000        0.000       10.000   100000.000       26.000
    15:       30.000      600.000        0.000        0.000        0.000
    20:        0.000
B:
     0:        0.000        0.000        0.000        0.000        0.000
     5:        0.000        0.000        0.000        0.000        0.000
    10:        0.000        0.000     1000.000 10000000.000        0.000
    15:        0.000        0.000        0.000        0.000        0.000
    20:        0.000
C:
     0:        0.000        3.000        1.000        2.000       48.000
     5:      818.340        4.600        2.000       64.320       32.160
    10:        2.000        1.000        0.000        0.000        0.000
    15:        0.000        0.000        0.000        0.000        0.000
    20:        0.000
D:
     0:       59.720        4.600
E:
     0:       19.000       11.000       26.000       27.000        6.000
     5:        6.000        6.000        6.000        6.000        6.000
    10:        6.000        6.000        6.000        6.000        6.000
    15:        6.000        6.000        6.000        6.000        1.000
    20:        2.000        4.000       22.000       24.000       12.000
    25:       19.000       11.000        6.000        6.000        6.000
    30:        6.000        2.000        4.000       22.000       24.000
    35:       12.000        6.000        6.000       19.000       11.000
    40:        6.000        6.000        6.000        6.000        6.000
    45:        6.000        6.000        6.000        6.000        6.000
    50:        6.000        6.000        6.000        6.000        6.000
    55:        6.000        6.000        6.000        6.000        6.000
    60:        6.000        6.000        6.000        6.000        6.000
    65:        6.000        6.000      100.000
T:
     0:        0.000        0.000        0.000        0.000       79.970
     5:       80.160       80.210       86.030       86.120       87.100
    10:      139.180      140.570      141.440      145.750      149.030
    15:      379.720      380.650      391.480      623.920      640.270
    20:      644.450      644.450      644.450      644.460      644.460
    25:      654.450      654.460      704.180      704.200      704.730
    30:      704.880      818.330      818.330      818.330      818.340
    35:      818.340      822.940      826.650      828.330      828.340
    40:      956.060      956.510     1152.170     1152.920     1174.900
    45:     1175.330     1175.790     1176.070     1179.090     1181.840
    50:     2008.350     2008.810     2015.960     2659.920     2740.770
    55:     2764.570     2764.880     2853.300     2930.460     2934.660
    60:     2934.990     2935.710     2935.860     2938.190     2938.510
    65:     2938.650    10790.730    10800.000
