File: C:\MED-PC\Data\2025-04-04_08h37m_Subject 75.txt


Start Date: 04/04/25
End Date: 04/04/25
Subject: 75
Experiment: OralFentSA
Group: One
Box: 3
Start Time: 08:37:03
End Time: 11:39:02
MSN: Golden_Liq_SelfAdmin_EXT
F:       0.000
G:     391.000
H:   10800.000
I:       0.000
J:       0.000
K:       0.000
L:       0.000
M:       0.000
N:       0.000
O:       0.000
P:       0.000
Q:       0.000
R:       0.000
S:       0.000
U:       0.000
V:       0.000
W:       0.000
X:       0.000
Y:       0.000
Z:       0.000
A:
     0:        0.000        0.000      180.000        4.000        0.000
     5:        5.000        0.000        5.000        0.000        0.000
    10:        1.000        0.000       10.000   100000.000       24.000
    15:       25.000      600.000        0.000        0.000        0.000
    20:        0.000
B:
     0:        0.000        0.000        0.000        0.000        0.000
     5:        0.000        0.000        0.000        0.000        0.000
    10:        0.000        0.000     1000.000 10000000.000        0.000
    15:        0.000        0.000        0.000        0.000        0.000
    20:        0.000
C:
     0:        0.000       31.000       27.000       51.000      108.000
     5:     8496.760       20.930       20.000      743.330       37.167
    10:       51.000       27.000        0.000        0.000        0.000
    15:        0.000        0.000        0.000        0.000        0.000
    20:        0.000
D:
     0:       13.850       49.840        4.500       13.480        4.200
     5:      161.230       15.060       16.180        4.540       10.480
    10:       65.640       23.160        3.750        1.280        3.690
    15:       14.380      117.800        1.340      198.000       20.930
E:
     0:       19.000       11.000       26.000       27.000        6.000
     5:        6.000        6.000        2.000        4.000       22.000
    10:       24.000       12.000       19.000       11.000        6.000
    15:        2.000        4.000       22.000       24.000       12.000
    20:       19.000       11.000        1.000        2.000        4.000
    25:       22.000       24.000       12.000       19.000       11.000
    30:        6.000        6.000        6.000        2.000        4.000
    35:       22.000       24.000       12.000       21.000       22.000
    40:       19.000       11.000        1.000        2.000        4.000
    45:       22.000       24.000       12.000        6.000       19.000
    50:       11.000        6.000        6.000        2.000        4.000
    55:       22.000       24.000       12.000       21.000       22.000
    60:       21.000       22.000       21.000       22.000       19.000
    65:       11.000        1.000        1.000        2.000        4.000
    70:       22.000       24.000       12.000       19.000       11.000
    75:        6.000        6.000        6.000        6.000        6.000
    80:        6.000        6.000        6.000        6.000        1.000
    85:        2.000        4.000       22.000       24.000       12.000
    90:       21.000       22.000       21.000       22.000       21.000
    95:       22.000        6.000       19.000       11.000        2.000
   100:        4.000       22.000       24.000       12.000       19.000
   105:       11.000        1.000        1.000        1.000        6.000
   110:        6.000        6.000        6.000        6.000        6.000
   115:        6.000        6.000        6.000        1.000        2.000
   120:        4.000       22.000       24.000       12.000       19.000
   125:       11.000        6.000        2.000        4.000       22.000
   130:       24.000       12.000       21.000       22.000       21.000
   135:       22.000       19.000       11.000        6.000        6.000
   140:        6.000        6.000        6.000        6.000        6.000
   145:        6.000        6.000        6.000        6.000        6.000
   150:        2.000        4.000       22.000       24.000       12.000
   155:       19.000       11.000        2.000        4.000       22.000
   160:       24.000       12.000       21.000       22.000       20.000
   165:       19.000       11.000        2.000        4.000       22.000
   170:       24.000       12.000       21.000       22.000       19.000
   175:       11.000        2.000        4.000       22.000       24.000
   180:       12.000        6.000       19.000       11.000        2.000
   185:        4.000       22.000       24.000       12.000       21.000
   190:       22.000       19.000       11.000        6.000        1.000
   195:        1.000        6.000        1.000        1.000        2.000
   200:        4.000       22.000       24.000       12.000       19.000
   205:       11.000        6.000        6.000        6.000        6.000
   210:        6.000        6.000        6.000        6.000        6.000
   215:        6.000        6.000        2.000        4.000       22.000
   220:       24.000       12.000       21.000       22.000       19.000
   225:       11.000        2.000        4.000       22.000       24.000
   230:       12.000       19.000       11.000        1.000        6.000
   235:        2.000        4.000       22.000       24.000       12.000
   240:       21.000       22.000       19.000       11.000        1.000
   245:        2.000        4.000       22.000       24.000       12.000
   250:        6.000        6.000       19.000       11.000        6.000
   255:        2.000        4.000       22.000       24.000       12.000
   260:       21.000       22.000        6.000        6.000        6.000
   265:        6.000        6.000       19.000       11.000        6.000
   270:        6.000        6.000        6.000        6.000        6.000
   275:        6.000        6.000        6.000        6.000        6.000
   280:        6.000        1.000        1.000        6.000        6.000
   285:        6.000        6.000        2.000        4.000       22.000
   290:       24.000       12.000       21.000       22.000       21.000
   295:       22.000        6.000        6.000       19.000       11.000
   300:        2.000        4.000       22.000       24.000       12.000
   305:       19.000       11.000        2.000        4.000       22.000
   310:       24.000       12.000       19.000       11.000        6.000
   315:        6.000        6.000        6.000        6.000        6.000
   320:        6.000        6.000        6.000        6.000        6.000
   325:        2.000        4.000       22.000       24.000       12.000
   330:       21.000       22.000       21.000       22.000       21.000
   335:       22.000       21.000       22.000       19.000       11.000
   340:        2.000        4.000       22.000       24.000       12.000
   345:       19.000       11.000        6.000        6.000        6.000
   350:        6.000        1.000        1.000        1.000        1.000
   355:        1.000        1.000        6.000        6.000        6.000
   360:        1.000        2.000        4.000       22.000       24.000
   365:       12.000        6.000       19.000       11.000        6.000
   370:        6.000        6.000        6.000        1.000        2.000
   375:        4.000       22.000       24.000       12.000       19.000
   380:       11.000        6.000        2.000        4.000       22.000
   385:       24.000       12.000       19.000       11.000        6.000
   390:        1.000      100.000
T:
     0:        0.000        0.000        0.000        0.000       69.320
     5:       72.520       91.860      119.640      119.640      119.640
    10:      119.650      119.650      129.640      129.650      133.500
    15:      140.550      140.550      140.550      140.560      140.560
    20:      150.550      150.560      258.370      284.400      284.400
    25:      284.400      284.410      284.410      294.400      294.410
    30:      334.250      355.300      362.000      364.190      364.190
    35:      364.190      364.200      364.200      372.070      372.070
    40:      374.190      374.200      374.880      421.490      421.490
    45:      421.490      421.500      421.500      426.000      431.490
    50:      431.500      431.810      432.730      434.420      434.420
    55:      434.420      434.430      434.430      435.190      435.190
    60:      435.740      435.740      437.850      437.850      444.420
    65:      444.430      518.840      521.390      536.610      536.610
    70:      536.610      536.620      536.620      546.610      546.620
    75:      550.100      552.080      552.190      552.490      579.150
    80:      579.260      579.820      658.650      659.020      682.120
    85:      687.310      687.310      687.310      687.320      687.320
    90:      688.640      688.640      689.250      689.250      689.480
    95:      689.480      691.520      697.310      697.320      703.170
   100:      703.170      703.170      703.180      703.180      713.170
   105:      713.180      724.050      728.770      728.830      864.410
   110:      864.810      912.910      912.980      913.830      928.700
   115:      929.280      929.400      933.580      969.440      978.530
   120:      978.530      978.530      978.540      978.540      988.530
   125:      988.540      993.600      998.480      998.480      998.480
   130:      998.490      998.490      999.800      999.800     1002.440
   135:     1002.440     1008.480     1008.490     1014.670     1015.040
   140:     1019.000     1034.390     1038.250     1040.150     1056.890
   145:     1063.080     1065.000     1081.920     1082.110     1082.360
   150:     1092.910     1092.910     1092.910     1092.920     1092.920
   155:     1102.910     1102.920     1104.430     1104.430     1104.430
   160:     1104.440     1104.440     1105.110     1105.110     1111.180
   165:     1114.430     1114.440     1118.200     1118.200     1118.200
   170:     1118.210     1118.210     1120.230     1120.230     1128.200
   175:     1128.210     1140.400     1140.400     1140.400     1140.410
   180:     1140.410     1144.950     1150.400     1150.410     1163.920
   185:     1163.920     1163.920     1163.930     1163.930     1165.670
   190:     1165.670     1173.920     1173.930     1174.410     1177.320
   195:     1177.910     1259.600     1273.990     1277.310     1389.460
   200:     1389.460     1389.460     1389.470     1389.470     1399.460
   205:     1399.470     1455.110     1490.050     1503.300     1517.780
   210:     1534.850     1557.930     1558.060     1562.950     1563.070
   215:     6166.320     6187.700     6228.370     6228.370     6228.370
   220:     6228.380     6228.380     6233.070     6233.070     6238.370
   225:     6238.380     6243.090     6243.090     6243.090     6243.100
   230:     6243.100     6253.090     6253.100     6253.820     6266.260
   235:     6371.680     6371.680     6371.680     6371.690     6371.690
   240:     6376.580     6376.580     6381.680     6381.690     6528.190
   245:     6543.790     6543.790     6543.790     6543.800     6543.800
   250:     6547.550     6552.520     6553.790     6553.800     6558.210
   255:     6566.740     6566.740     6566.740     6566.750     6566.750
   260:     6566.990     6566.990     6568.030     6570.020     6574.430
   265:     6575.300     6576.010     6576.740     6576.750     6577.920
   270:     6587.990     6589.660     6589.720     6589.960     6590.800
   275:     6592.360     6593.450     6594.280     6594.350     6594.830
   280:     6613.630     6624.770     6625.910     6751.480     6751.840
   285:     6755.020     6755.610     6758.520     6758.520     6758.520
   290:     6758.530     6758.530     6760.190     6760.190     6761.460
   295:     6761.460     6762.220     6763.890     6768.520     6768.530
   300:     6849.270     6849.270     6849.270     6849.280     6849.280
   305:     6859.270     6859.280     6859.950     6859.950     6859.950
   310:     6859.960     6859.960     6869.950     6869.960     6874.340
   315:     6874.760     6992.190     6995.700     6995.770     6999.840
   320:     7001.720     7007.440     7008.460     7009.890     7012.220
   325:     7015.500     7015.500     7015.500     7015.510     7015.510
   330:     7015.650     7015.650     7019.020     7019.020     7019.600
   335:     7019.600     7021.420     7021.420     7025.500     7025.510
   340:     7025.580     7025.580     7025.580     7025.590     7025.590
   345:     7035.580     7035.590     7143.390     7149.050     7149.130
   350:     7152.570     7230.220     7230.290     7230.580     7422.500
   355:     7422.590     7542.820     7951.660     7993.170     8002.430
   360:     8031.360     8040.820     8040.820     8040.820     8040.830
   365:     8040.830     8042.170     8050.820     8050.830     8073.540
   370:     8073.610     8074.920     8151.110     8160.820     8290.590
   375:     8290.590     8290.590     8290.600     8290.600     8300.590
   380:     8300.600     8488.600     8496.750     8496.750     8496.750
   385:     8496.760     8496.760     8506.750     8506.760     8517.690
   390:     8562.040    10800.000
