File: C:\MED-PC IV\DATA\!2025-02-18_08h54m.Subject 63



Start Date: 02/18/25
End Date: 02/18/25
Subject: 63
Experiment: OralFentSA
Group: One
Box: 7
Start Time:  8:54:20
End Time: 11:54:47
MSN: Golden_Liq_SelfAdmin
F:       0.000
G:     439.000
H:   10800.010
I:       0.000
J:       0.000
K:       0.000
L:       0.000
M:       0.000
N:       0.000
O:       0.000
P:       0.000
Q:       0.000
R:       0.000
S:       0.000
U:       0.000
V:       0.000
W:       0.000
X:       0.000
Y:       0.000
Z:       0.000
A:
     0:        0.000        0.000      180.000        4.000        0.000
     5:        5.000        0.000        5.000        0.000        0.000
    10:        1.000        0.000       10.000 1000000000.0       25.000
    15:        7.000      640.000        0.000        0.000        0.000
    20:        0.000
B:
     0:        0.000        0.000        0.000      400.000        0.000
     5:      500.000        0.000      500.000        0.000        0.000
    10:        0.000        0.000     1000.000 100000000000        0.000
    15:        0.000        0.000        0.000        0.000        0.000
    20:        0.000
C:
     0:        1.000        2.000        0.000        1.000      420.000
     5:     8475.090       11.140        1.000       11.140       11.140
    10:        1.000        1.000        0.000        0.000        0.000
    15:        0.000        0.000        0.000        0.000        0.000
    20:        0.000
D:
     0:       11.140
E:
     0:       19.000       11.000       26.000       27.000        6.000
     5:        6.000        6.000        6.000        6.000        6.000
    10:        6.000        6.000        6.000        6.000        6.000
    15:        6.000        6.000        6.000        6.000        6.000
    20:        6.000        6.000        6.000        6.000        6.000
    25:        6.000        6.000        6.000        6.000        6.000
    30:        6.000        6.000        6.000        6.000        6.000
    35:       23.000        6.000        6.000        6.000        6.000
    40:        6.000        6.000        6.000        6.000        6.000
    45:        6.000        6.000        6.000        6.000        6.000
    50:        6.000        6.000        6.000        6.000        6.000
    55:        6.000        6.000        6.000        6.000        6.000
    60:        6.000        6.000        6.000        6.000        6.000
    65:        6.000        6.000        6.000        6.000        2.000
    70:        4.000       22.000       24.000       12.000       13.000
    75:        8.000        5.000       17.000       18.000       14.000
    80:       10.000       19.000       11.000        6.000        6.000
    85:        6.000        6.000        6.000        6.000        6.000
    90:        6.000        6.000        6.000        6.000        6.000
    95:        6.000        6.000        6.000        6.000        6.000
   100:        6.000        6.000        6.000        6.000        6.000
   105:        6.000        6.000        6.000        6.000        6.000
   110:        6.000        6.000        6.000        6.000        6.000
   115:        6.000        6.000        6.000        6.000        6.000
   120:        6.000        6.000        6.000        6.000        6.000
   125:        6.000        6.000        6.000        6.000        6.000
   130:        6.000        6.000        6.000        6.000        6.000
   135:        6.000        6.000        6.000        6.000        6.000
   140:        6.000        6.000        6.000        6.000        6.000
   145:        6.000        6.000        6.000        6.000        6.000
   150:        6.000        6.000        6.000        6.000        6.000
   155:        6.000        6.000        6.000        6.000        6.000
   160:        6.000        6.000        6.000        6.000        6.000
   165:        6.000        6.000        6.000        6.000        6.000
   170:        6.000        6.000        6.000        6.000        6.000
   175:        6.000        6.000        6.000        6.000        6.000
   180:        6.000        6.000        6.000        6.000        6.000
   185:        6.000        6.000        6.000        6.000        6.000
   190:        6.000        6.000        6.000        6.000        6.000
   195:        6.000        6.000        6.000        6.000        6.000
   200:        6.000        6.000        6.000        6.000        6.000
   205:        6.000        6.000        6.000        6.000        6.000
   210:        6.000        6.000        6.000        6.000        6.000
   215:        6.000        6.000        6.000        6.000        6.000
   220:        6.000        6.000        6.000        6.000        6.000
   225:        6.000        6.000        6.000        6.000        6.000
   230:        6.000        6.000        6.000        6.000        6.000
   235:        6.000        6.000        6.000        6.000        6.000
   240:        6.000        6.000        6.000        6.000        6.000
   245:        6.000        6.000        6.000        6.000        6.000
   250:        6.000        6.000        6.000        6.000        6.000
   255:        6.000        6.000        6.000        6.000        6.000
   260:        6.000        6.000        6.000        6.000        6.000
   265:        6.000        6.000        6.000        6.000        6.000
   270:        6.000        6.000        6.000        6.000        6.000
   275:        6.000        6.000        6.000        6.000        6.000
   280:        6.000        6.000        6.000        6.000        6.000
   285:        6.000        6.000        6.000        6.000        6.000
   290:        6.000        6.000        6.000        6.000        6.000
   295:        6.000        6.000        6.000        6.000        6.000
   300:        6.000        6.000        6.000        6.000        6.000
   305:        6.000        6.000        6.000        6.000        6.000
   310:        6.000        6.000        6.000        6.000        6.000
   315:        6.000        6.000        6.000        6.000        6.000
   320:        6.000        6.000        6.000        6.000        6.000
   325:        6.000        6.000        6.000        6.000        6.000
   330:        6.000        6.000        6.000        6.000        6.000
   335:        6.000        6.000        6.000        6.000        6.000
   340:        6.000        6.000        6.000        6.000        6.000
   345:        6.000        6.000        6.000        6.000        6.000
   350:        6.000        6.000        6.000        6.000        6.000
   355:        6.000        6.000        6.000        6.000        6.000
   360:        6.000        6.000        6.000        6.000        6.000
   365:        6.000        6.000        6.000        6.000        6.000
   370:        6.000        6.000        6.000        6.000        6.000
   375:        6.000        6.000        6.000        6.000        6.000
   380:        6.000        6.000        6.000        6.000        6.000
   385:        6.000        6.000        6.000        6.000        6.000
   390:        6.000        6.000        6.000        6.000        6.000
   395:        6.000        6.000        6.000        6.000        6.000
   400:        6.000        6.000        6.000        6.000        6.000
   405:        6.000        6.000        6.000        6.000        6.000
   410:        6.000        6.000        6.000        6.000        6.000
   415:        6.000        6.000        6.000        6.000        6.000
   420:        6.000        6.000        6.000        6.000        6.000
   425:        6.000        6.000        6.000        6.000        6.000
   430:        6.000        6.000        6.000        6.000        6.000
   435:        6.000        6.000        6.000        6.000      100.000
T:
     0:        0.000        0.000        0.000        0.000       30.150
     5:       32.270       45.280       45.450       95.320       99.560
    10:      224.650      259.410      305.530      306.470      336.830
    15:      337.220      363.760      396.340      448.660      501.600
    20:      502.170      503.400      503.590      503.610      742.900
    25:      871.880      872.580      872.770      872.840     1185.710
    30:     1334.780     1401.470     1405.110     1405.560     1573.980
    35:     1617.490     1714.440     1715.610     1755.930     1815.950
    40:     2681.760     3450.080     3453.780     3454.010     3584.050
    45:     3584.230     3697.650     3756.890     3758.470     6388.190
    50:     6388.720     6389.650     6390.250     6815.940     6880.330
    55:     6925.780     7020.120     7080.360     7102.520     7105.990
    60:     7167.180     7287.300     7345.460     7361.160     7980.530
    65:     7980.950     8350.820     8391.700     8391.990     8475.080
    70:     8475.080     8475.080     8475.090     8475.090     8475.090
    75:     8475.090     8475.090     8475.090     8479.090     8480.090
    80:     8480.090     8485.080     8485.090     8486.230     8486.320
    85:     8553.850     8631.510     8645.340     8729.400     8729.420
    90:     8850.290     8879.600     8880.100     8880.730     8880.860
    95:     8880.870     9000.030     9001.330     9001.380     9009.110
   100:     9017.500     9021.530     9021.760     9024.580     9024.910
   105:     9027.810     9027.840     9029.800     9029.910     9030.010
   110:     9030.100     9030.200     9030.410     9031.120     9031.220
   115:     9031.290     9031.350     9031.530     9031.670     9032.670
   120:     9066.440     9072.820     9079.010     9079.180     9079.230
   125:     9079.310     9079.350     9079.430     9079.740     9079.940
   130:     9080.060     9080.120     9080.160     9084.270     9084.310
   135:     9084.370     9084.400     9084.820     9085.690     9087.200
   140:     9087.280     9087.520     9087.950     9088.130     9089.480
   145:     9092.060     9092.210     9093.400     9093.430     9093.570
   150:     9094.110     9094.220     9094.410     9095.160     9096.590
   155:     9096.680     9096.770     9097.200     9109.760     9109.790
   160:     9132.690     9133.240     9133.300     9133.410     9133.690
   165:     9134.630     9134.840     9135.710     9136.010     9136.330
   170:     9136.550     9137.050     9139.520     9139.530     9139.670
   175:     9140.550     9141.840     9142.100     9145.220     9145.280
   180:     9145.690     9145.780     9146.440     9147.920     9148.020
   185:     9148.060     9148.640     9362.220     9411.940     9493.070
   190:     9507.900     9522.320     9522.330     9573.560     9580.390
   195:     9580.470     9580.480     9580.600     9581.380     9582.550
   200:     9582.960     9583.010     9583.200     9583.260     9583.920
   205:     9584.270     9584.340     9585.500     9586.520     9590.810
   210:     9590.910     9592.400     9599.350     9599.390     9599.510
   215:     9599.930     9600.320     9600.390     9600.510     9603.870
   220:     9604.620     9605.200     9605.210     9605.390     9605.440
   225:     9605.680     9605.830     9609.910     9609.960     9610.340
   230:     9610.420     9610.580     9610.900     9613.150     9614.550
   235:     9614.590     9614.680     9614.710     9614.880     9615.380
   240:     9616.920     9617.280     9617.960     9620.000     9620.010
   245:     9638.550     9638.610     9639.030     9639.340     9640.960
   250:     9641.020     9641.830     9641.860     9641.980     9642.760
   255:     9642.870     9643.250     9643.580     9643.590     9643.700
   260:     9643.960     9644.730     9644.740     9644.830     9645.090
   265:     9645.300     9645.460     9645.500     9645.950     9645.990
   270:     9647.640     9647.820     9648.360     9648.380     9648.810
   275:     9649.000     9649.690     9649.780     9693.910     9697.510
   280:     9697.880     9697.900     9698.330     9698.530     9717.310
   285:     9717.500     9717.530     9717.650     9734.510     9734.800
   290:     9734.850     9735.760     9736.390     9736.440     9737.700
   295:     9737.920     9738.310     9740.150     9740.170     9740.320
   300:     9740.520     9741.550     9748.270     9748.410     9748.690
   305:     9748.730     9750.290     9769.800     9785.560     9803.790
   310:     9803.870     9803.890     9839.890     9840.050     9840.230
   315:     9840.340     9840.410     9845.190     9845.280     9845.320
   320:     9845.490     9845.740     9845.860     9846.090     9846.190
   325:     9846.460     9846.740     9890.960     9891.410     9893.520
   330:     9903.060     9903.100     9903.290     9903.350     9903.410
   335:     9904.380     9907.040     9908.220     9908.640     9908.780
   340:     9909.150     9927.250     9928.220     9929.480     9929.660
   345:     9929.930     9933.250     9976.720     9976.820     9977.200
   350:     9978.040     9978.480     9978.620     9979.970     9982.830
   355:     9982.860     9982.930     9990.390     9991.350     9991.440
   360:     9991.470     9991.630     9991.710     9992.770     9995.030
   365:     9995.070     9995.200     9995.230     9995.350     9995.370
   370:    10015.270    10016.450    10020.080    10020.110    10021.030
   375:    10038.560    10333.010    10358.320    10382.150    10451.940
   380:    10452.150    10452.390    10452.860    10453.050    10453.800
   385:    10454.050    10454.120    10456.270    10456.730    10457.760
   390:    10458.240    10459.870    10462.650    10462.810    10462.870
   395:    10463.280    10463.610    10464.040    10464.070    10466.570
   400:    10469.840    10470.030    10470.650    10470.680    10470.730
   405:    10471.490    10471.550    10523.350    10523.830    10523.910
   410:    10523.920    10524.130    10524.160    10562.130    10562.250
   415:    10562.650    10562.750    10564.200    10564.580    10564.730
   420:    10565.450    10567.640    10567.680    10567.830    10570.200
   425:    10571.050    10571.080    10571.620    10571.800    10571.850
   430:    10572.020    10572.340    10572.970    10573.180    10573.360
   435:    10574.330    10575.500    10681.890    10748.950    10800.010
