File: C:\MED-PC\Data\2025-03-12_12h38m_Subject 92.txt


Start Date: 03/12/25
End Date: 03/12/25
Subject: 92
Experiment: OralFentSA
Group: One
Box: 9
Start Time: 12:38:07
End Time: 15:38:18
MSN: 20241014_Golden_Liq_SelfAdmin
F:       0.000
G:    1178.000
H:   10800.000
I:       0.000
J:       0.000
K:       0.000
L:       0.000
M:       0.000
N:       0.000
O:       0.000
P:       0.000
Q:       0.000
R:       0.000
S:       0.000
U:       0.000
V:       0.000
W:       0.000
X:       0.000
Y:       0.000
Z:       0.000
A:
     0:        0.000        0.000      180.000        4.000        0.000
     5:        5.000        0.000        5.000        0.000        0.000
    10:        1.000        0.000       10.000  3000000.000       15.000
    15:        8.000      640.000        0.000        0.000        0.000
    20:        0.000
B:
     0:        0.000        0.000        0.000      400.000        0.000
     5:      500.000        0.000      500.000        0.000        0.000
    10:        0.000        0.000     1000.000 300000000.000        0.000
    15:        0.000        0.000        0.000        0.000        0.000
    20:        0.000
C:
     0:       15.000       16.000       16.000       23.000      932.000
     5:     5506.680        1.740       14.000      364.470       26.034
    10:       23.000       16.000        0.000        0.000        0.000
    15:        0.000        0.000        0.000        0.000        0.000
    20:        0.000
D:
     0:        2.520        1.300        1.790        0.630        2.470
     5:        2.610        8.740        1.410        1.920        1.220
    10:        4.490      322.460       11.170        1.740
E:
     0:       19.000       11.000       26.000       27.000        6.000
     5:        6.000        6.000        6.000        6.000        2.000
    10:        4.000       22.000       24.000       12.000       13.000
    15:        8.000        5.000       17.000        6.000       18.000
    20:       21.000       22.000       14.000       10.000       21.000
    25:       22.000        6.000       19.000       11.000        1.000
    30:        6.000        6.000        1.000        6.000        6.000
    35:        6.000        2.000        4.000       22.000       24.000
    40:       12.000       13.000        8.000        5.000       17.000
    45:        6.000       18.000       14.000       10.000        6.000
    50:       19.000       11.000        6.000        1.000        6.000
    55:        6.000        6.000        2.000        4.000       22.000
    60:       24.000       12.000       13.000        8.000        5.000
    65:       17.000       21.000       22.000       21.000       22.000
    70:        6.000       18.000       14.000       10.000       19.000
    75:       11.000        6.000        6.000        6.000        6.000
    80:        6.000        6.000        6.000        6.000        6.000
    85:        6.000        6.000        6.000        6.000        6.000
    90:        6.000        6.000        1.000        6.000        6.000
    95:        6.000        6.000        6.000        6.000        6.000
   100:        6.000        6.000        6.000        6.000        6.000
   105:        6.000        6.000        6.000        6.000        6.000
   110:        6.000        6.000        6.000        6.000        6.000
   115:        6.000        6.000        6.000        6.000        6.000
   120:        6.000        6.000        6.000        6.000        6.000
   125:        6.000        6.000        6.000        6.000        6.000
   130:        6.000        6.000        6.000        6.000        6.000
   135:        6.000        6.000        6.000        6.000        6.000
   140:        6.000        6.000        6.000        6.000        6.000
   145:        6.000        6.000        6.000        6.000        6.000
   150:        6.000        6.000        6.000        6.000        6.000
   155:        6.000        6.000        6.000        6.000        6.000
   160:        6.000        6.000        6.000        6.000        6.000
   165:        6.000        6.000        6.000        6.000        6.000
   170:        6.000        6.000        6.000        6.000        6.000
   175:        6.000        6.000        6.000        6.000        6.000
   180:        6.000        6.000        6.000        6.000        6.000
   185:        6.000        6.000        6.000        6.000        6.000
   190:        6.000        6.000        6.000        6.000        6.000
   195:        6.000        6.000        6.000        6.000        6.000
   200:        6.000        6.000        6.000        6.000        6.000
   205:        6.000        6.000        6.000        6.000        6.000
   210:        6.000        6.000        6.000        6.000        6.000
   215:        6.000        6.000        6.000        6.000        6.000
   220:        6.000        6.000        6.000        1.000        6.000
   225:        6.000        6.000        6.000        6.000        6.000
   230:        6.000        6.000        6.000        6.000        6.000
   235:        6.000        6.000        6.000        1.000        6.000
   240:        6.000        6.000        1.000        1.000        6.000
   245:        1.000        6.000        6.000        6.000        6.000
   250:        6.000        6.000        1.000        1.000        6.000
   255:        6.000        6.000        6.000        6.000        6.000
   260:        6.000        6.000        6.000        6.000        6.000
   265:        6.000        6.000        6.000        6.000        6.000
   270:        6.000        6.000        6.000        6.000        6.000
   275:        6.000        6.000        6.000        6.000        6.000
   280:        6.000        6.000        6.000        6.000        6.000
   285:        2.000        4.000       22.000       24.000       12.000
   290:       13.000        8.000        5.000       17.000        6.000
   295:       18.000       14.000       10.000       20.000       19.000
   300:       11.000        6.000        6.000        6.000        2.000
   305:        4.000       22.000       24.000       12.000       13.000
   310:        8.000        5.000       17.000       21.000       22.000
   315:       21.000       22.000        6.000       18.000       14.000
   320:       10.000       19.000       11.000        2.000        4.000
   325:       22.000       24.000       12.000       13.000        8.000
   330:        5.000       17.000       21.000       22.000       18.000
   335:       14.000       10.000       19.000       11.000        2.000
   340:        4.000       22.000       24.000       12.000       13.000
   345:        8.000        5.000       17.000        6.000       18.000
   350:       14.000       10.000       19.000       11.000        6.000
   355:        2.000        4.000       22.000       24.000       12.000
   360:       13.000        8.000        5.000       17.000       21.000
   365:       22.000       18.000       14.000       10.000        6.000
   370:       19.000       11.000        6.000        6.000        6.000
   375:        6.000        6.000        1.000        6.000        6.000
   380:        2.000        4.000       22.000       24.000       12.000
   385:       13.000        8.000        5.000       17.000        6.000
   390:       18.000       14.000       10.000       19.000       11.000
   395:        6.000        2.000        4.000       22.000       24.000
   400:       12.000       13.000        8.000        5.000       17.000
   405:        6.000        6.000       18.000       14.000       10.000
   410:       19.000       11.000        6.000        2.000        4.000
   415:       22.000       24.000       12.000       13.000        8.000
   420:        5.000       17.000        6.000       18.000       14.000
   425:       10.000       19.000       11.000        6.000        6.000
   430:        6.000        6.000        6.000        1.000        1.000
   435:        6.000        6.000        6.000        6.000        6.000
   440:        6.000        6.000        6.000        6.000        6.000
   445:        1.000        2.000        4.000       22.000       24.000
   450:       12.000       13.000        8.000        5.000       17.000
   455:       18.000        6.000       14.000       10.000       19.000
   460:       11.000        6.000        6.000        6.000        6.000
   465:        6.000        6.000        6.000        6.000        6.000
   470:        6.000        6.000        2.000        4.000       22.000
   475:       24.000       12.000       13.000        8.000        5.000
   480:       17.000       18.000       14.000       10.000       19.000
   485:       11.000        6.000        6.000        6.000        6.000
   490:        6.000        6.000        6.000        6.000        6.000
   495:        6.000        6.000        6.000        6.000        6.000
   500:        6.000        6.000        6.000        6.000        6.000
   505:        6.000        6.000        6.000        6.000        6.000
   510:        6.000        6.000        6.000        6.000        6.000
   515:        6.000        6.000        6.000        6.000        6.000
   520:        6.000        6.000        6.000        6.000        6.000
   525:        2.000        4.000       22.000       24.000       12.000
   530:       13.000        8.000        5.000       17.000       18.000
   535:       14.000       10.000       19.000       11.000        6.000
   540:        6.000        6.000        6.000        6.000        6.000
   545:        6.000        6.000        2.000        4.000       22.000
   550:       24.000       12.000       13.000        8.000        5.000
   555:       17.000        6.000       18.000       14.000       10.000
   560:       19.000       11.000        6.000        6.000        6.000
   565:        6.000        6.000        6.000        6.000        6.000
   570:        6.000        6.000        6.000        6.000        6.000
   575:        6.000        6.000        6.000        6.000        6.000
   580:        6.000        6.000        6.000        6.000        6.000
   585:        6.000        6.000        6.000        6.000        6.000
   590:        6.000        6.000        6.000        6.000        6.000
   595:        6.000        6.000        6.000        6.000        6.000
   600:        6.000        6.000        6.000        6.000        6.000
   605:        6.000        6.000        6.000        6.000        6.000
   610:        6.000        6.000        6.000        6.000        6.000
   615:        6.000        6.000        6.000        6.000        6.000
   620:        6.000        6.000        6.000        6.000        6.000
   625:        6.000        6.000        6.000        6.000        6.000
   630:        6.000        6.000        6.000        6.000        6.000
   635:        6.000        6.000        6.000        6.000        6.000
   640:        6.000        6.000        6.000        6.000        6.000
   645:        6.000        6.000        6.000        6.000        6.000
   650:        6.000        6.000        6.000        6.000        6.000
   655:        6.000        6.000        6.000        6.000        6.000
   660:        6.000        6.000        6.000        6.000        6.000
   665:        6.000        6.000        6.000        6.000        6.000
   670:        6.000        6.000        6.000        6.000        6.000
   675:        6.000        6.000        6.000        6.000        6.000
   680:        6.000        6.000        6.000        6.000        6.000
   685:        6.000        6.000        6.000        6.000        6.000
   690:        6.000        6.000        6.000        6.000        6.000
   695:        6.000        6.000        6.000        6.000        6.000
   700:        6.000        6.000        6.000        6.000        6.000
   705:        6.000        6.000        6.000        6.000        6.000
   710:        6.000        6.000        6.000        6.000        6.000
   715:        6.000        6.000        6.000        6.000        6.000
   720:        6.000        6.000        6.000        6.000        6.000
   725:        6.000        6.000        6.000        6.000        6.000
   730:        6.000        6.000        6.000        6.000        6.000
   735:        6.000        6.000        6.000        6.000        6.000
   740:        6.000        6.000        6.000        6.000        6.000
   745:        6.000        6.000        6.000        6.000        6.000
   750:        6.000        6.000        6.000        6.000        6.000
   755:        6.000        6.000        6.000        6.000        6.000
   760:        6.000        6.000        6.000        6.000        6.000
   765:        6.000        6.000        6.000        6.000        6.000
   770:        6.000        6.000        6.000        6.000        6.000
   775:        6.000        6.000        6.000        6.000        6.000
   780:        6.000        6.000        6.000        6.000        6.000
   785:        6.000        6.000        6.000        6.000        6.000
   790:        6.000        6.000        6.000        6.000        6.000
   795:        6.000        6.000        6.000        6.000        6.000
   800:        6.000        6.000        6.000        6.000        6.000
   805:        6.000        6.000        6.000        6.000        6.000
   810:        6.000        6.000        6.000        6.000        6.000
   815:        6.000        6.000        6.000        6.000        6.000
   820:        6.000        6.000        6.000        6.000        6.000
   825:        6.000        6.000        6.000        6.000        6.000
   830:        6.000        6.000        6.000        6.000        6.000
   835:        6.000        6.000        6.000        6.000        6.000
   840:        6.000        6.000        6.000        6.000        6.000
   845:        6.000        6.000        6.000        6.000        6.000
   850:        6.000        6.000        6.000        6.000        6.000
   855:        6.000        6.000        6.000        6.000        6.000
   860:        6.000        6.000        6.000        6.000        6.000
   865:        6.000        6.000        6.000        6.000        6.000
   870:        6.000        6.000        6.000        6.000        6.000
   875:        6.000        6.000        6.000        6.000        6.000
   880:        6.000        6.000        6.000        6.000        6.000
   885:        6.000        6.000        6.000        6.000        6.000
   890:        6.000        6.000        6.000        6.000        6.000
   895:        6.000        6.000        6.000        6.000        6.000
   900:        6.000        6.000        6.000        6.000        6.000
   905:        6.000        6.000        6.000        6.000        6.000
   910:        6.000        6.000        6.000        6.000        6.000
   915:        6.000        6.000        6.000        6.000        6.000
   920:        6.000        6.000        6.000        6.000        6.000
   925:        6.000        6.000        6.000        6.000        6.000
   930:        6.000        6.000        6.000        6.000        6.000
   935:        6.000        6.000        6.000        6.000        6.000
   940:        6.000        6.000        6.000        6.000        6.000
   945:        6.000        6.000        6.000        6.000        6.000
   950:        6.000        6.000        6.000        6.000        6.000
   955:        6.000        6.000        6.000        6.000        6.000
   960:        6.000        6.000        6.000        6.000        6.000
   965:        6.000        6.000        6.000        6.000        6.000
   970:        6.000        6.000        6.000        6.000        6.000
   975:        6.000        6.000        6.000        6.000        6.000
   980:        6.000        6.000        6.000        6.000        6.000
   985:        6.000        6.000        6.000        6.000        6.000
   990:        6.000        6.000        6.000        6.000        6.000
   995:        6.000        6.000        6.000        6.000        6.000
  1000:        6.000        6.000        6.000        6.000        6.000
  1005:        6.000        6.000        6.000        6.000        6.000
  1010:        6.000        6.000        6.000        6.000        6.000
  1015:        6.000        6.000        6.000        6.000        6.000
  1020:        6.000        6.000        6.000        6.000        6.000
  1025:        6.000        6.000        6.000        6.000        6.000
  1030:        6.000        6.000        6.000        6.000        6.000
  1035:        6.000        6.000        6.000        6.000        6.000
  1040:        6.000        6.000        6.000        6.000        6.000
  1045:        6.000        6.000        6.000        6.000        6.000
  1050:        6.000        6.000        6.000        6.000        6.000
  1055:        6.000        6.000        6.000        6.000        6.000
  1060:        6.000        6.000        6.000        6.000        6.000
  1065:        6.000        6.000        6.000        6.000        6.000
  1070:        6.000        6.000        6.000        6.000        6.000
  1075:        6.000        6.000        6.000        6.000        6.000
  1080:        6.000        6.000        6.000        6.000        6.000
  1085:        6.000        6.000        6.000        6.000        6.000
  1090:        6.000        6.000        6.000        6.000        6.000
  1095:        6.000        6.000        6.000        6.000        6.000
  1100:        6.000        6.000        6.000        6.000        6.000
  1105:        6.000        6.000        6.000        6.000        6.000
  1110:        6.000        6.000        6.000        6.000        6.000
  1115:        6.000        6.000        6.000        6.000        6.000
  1120:        6.000        6.000        6.000        6.000        6.000
  1125:        6.000        6.000        6.000        6.000        6.000
  1130:        6.000        6.000        6.000        6.000        6.000
  1135:        6.000        6.000        6.000        6.000        6.000
  1140:        6.000        6.000        6.000        6.000        6.000
  1145:        6.000        6.000        6.000        6.000        6.000
  1150:        6.000        6.000        6.000        6.000        6.000
  1155:        6.000        6.000        6.000        6.000        6.000
  1160:        6.000        6.000        6.000        6.000        6.000
  1165:        6.000        6.000        6.000        6.000        6.000
  1170:        6.000        6.000        6.000        6.000        6.000
  1175:        6.000        6.000        6.000      100.000
T:
     0:        0.000        0.000        0.000        0.000       27.860
     5:       66.660       67.110       67.790       67.860       69.220
    10:       69.220       69.220       69.230       69.230       69.230
    15:       69.230       69.230       69.230       71.750       73.230
    20:       74.210       74.210       74.230       74.230       77.020
    25:       77.020       78.920       79.220       79.230       93.000
    30:      152.700      180.060      196.350      219.550      219.790
    35:      253.960      255.940      255.940      255.940      255.950
    40:      255.950      255.950      255.950      255.950      255.950
    45:      257.250      259.950      260.950      260.950      264.790
    50:      265.940      265.950      343.850      396.380      407.640
    55:      428.710      435.470      525.930      525.930      525.930
    60:      525.940      525.940      525.940      525.940      525.940
    65:      525.940      526.120      526.120      526.490      526.490
    70:      527.730      529.940      530.940      530.940      535.930
    75:      535.940      730.060      731.180      731.370      731.610
    80:      731.640      732.160      733.480      746.660      765.310
    85:      778.220      790.660      790.700      791.000      863.600
    90:      864.330      864.970      874.800      886.020      902.240
    95:      931.360      946.310      969.810      970.300      970.660
   100:      970.850      983.720     1062.680     1062.790     1063.110
   105:     1063.370     1076.310     1086.670     1102.930     1110.860
   110:     1111.950     1113.100     1113.560     1114.050     1115.780
   115:     1116.530     1118.090     1118.800     1119.220     1124.600
   120:     1124.780     1128.750     1167.120     1175.370     1176.090
   125:     1176.490     1176.510     1176.560     1177.300     1177.470
   130:     1178.080     1178.630     1178.780     1202.390     1202.920
   135:     1203.340     1203.660     1203.940     1208.810     1211.230
   140:     1214.640     1233.440     1238.550     1251.510     1254.160
   145:     1255.060     1256.460     1263.030     1263.170     1263.220
   150:     1277.390     1288.080     1297.070     1297.740     1298.090
   155:     1299.410     1299.660     1299.960     1364.180     1442.790
   160:     1563.340     1563.740     1566.720     1583.210     1657.060
   165:     1682.600     1687.920     1727.260     1737.290     1745.360
   170:     1746.230     1747.100     1756.780     1756.930     1764.540
   175:     1765.040     1781.020     1781.390     1787.640     1788.120
   180:     1818.710     1819.580     1840.790     1971.830     2004.610
   185:     2032.290     2065.570     2069.470     2070.020     2081.120
   190:     2081.600     2082.280     2083.310     2083.680     2084.850
   195:     2086.240     2087.870     2088.510     2089.010     2089.160
   200:     2098.600     2098.730     2098.910     2103.190     2103.810
   205:     2107.490     2107.770     2108.480     2110.160     2111.110
   210:     2111.860     2123.860     2124.240     2141.620     2141.710
   215:     2142.040     2142.410     2149.150     2149.420     2169.170
   220:     2169.550     2170.340     2189.190     2196.760     2203.740
   225:     2204.500     2204.940     2205.050     2228.140     2240.710
   230:     2402.720     2403.240     2403.900     2404.390     2404.450
   235:     2415.750     2445.020     2445.400     2493.330     2494.470
   240:     2494.920     2507.250     2518.950     2519.340     2523.570
   245:     2527.560     2530.440     2530.940     2531.160     2531.280
   250:     2538.800     2539.220     2563.330     2564.360     2585.960
   255:     2586.230     2605.800     2610.990     2624.240     2624.500
   260:     2636.460     2645.950     2653.950     2654.290     2658.520
   265:     2691.410     2692.230     2698.940     2708.990     2722.010
   270:     2722.110     2722.270     2723.370     2724.580     2762.360
   275:     2762.760     2763.040     2763.850     2940.250     2962.940
   280:     2986.930     2987.160     2998.600     3388.710     3460.260
   285:     3490.820     3490.820     3490.820     3490.830     3490.830
   290:     3490.830     3490.830     3490.830     3490.830     3491.460
   295:     3494.830     3495.830     3495.830     3497.900     3500.820
   300:     3500.830     3507.200     3509.460     3525.710     3548.280
   305:     3548.280     3548.280     3548.290     3548.290     3548.290
   310:     3548.290     3548.290     3548.290     3548.670     3548.670
   315:     3549.260     3549.260     3550.760     3552.290     3553.290
   320:     3553.290     3558.280     3558.290     3558.810     3558.810
   325:     3558.810     3558.820     3558.820     3558.820     3558.820
   330:     3558.820     3558.820     3559.510     3559.510     3562.820
   335:     3563.820     3563.820     3568.810     3568.820     3569.550
   340:     3569.550     3569.550     3569.560     3569.560     3569.560
   345:     3569.560     3569.560     3569.560     3572.170     3573.560
   350:     3574.560     3574.560     3579.550     3579.560     3603.740
   355:     3605.670     3605.670     3605.670     3605.680     3605.680
   360:     3605.680     3605.680     3605.680     3605.680     3609.170
   365:     3609.170     3609.680     3610.680     3610.680     3614.420
   370:     3615.670     3615.680     3620.620     3666.660     3669.090
   375:     3670.330     3687.920     3696.700     3702.310     3729.810
   380:     3747.030     3747.030     3747.030     3747.040     3747.040
   385:     3747.040     3747.040     3747.040     3747.040     3748.450
   390:     3751.040     3752.040     3752.040     3757.030     3757.040
   395:     3765.230     3767.090     3767.090     3767.090     3767.100
   400:     3767.100     3767.100     3767.100     3767.100     3767.100
   405:     3769.020     3769.550     3771.100     3772.100     3772.100
   410:     3777.090     3777.100     3782.440     3784.420     3784.420
   415:     3784.420     3784.430     3784.430     3784.430     3784.430
   420:     3784.430     3784.430     3785.650     3788.430     3789.430
   425:     3789.430     3794.420     3794.430     3797.910     3799.790
   430:     3799.900     3803.500     3803.900     3808.810     3810.390
   435:     3836.930     3837.370     3837.490     3848.860     3882.530
   440:     3926.360     3964.710     3970.530     3971.000     3971.170
   445:     3994.690     4013.610     4013.610     4013.610     4013.620
   450:     4013.620     4013.620     4013.620     4013.620     4013.620
   455:     4017.620     4018.110     4018.620     4018.620     4023.610
   460:     4023.620     4045.680     4066.540     4097.340     4097.930
   465:     4108.080     4125.870     4203.160     4236.060     4236.170
   470:     4250.880     4251.040     4268.100     4268.100     4268.100
   475:     4268.110     4268.110     4268.110     4268.110     4268.110
   480:     4268.110     4272.110     4273.110     4273.110     4278.100
   485:     4278.110     4590.570     4837.940     4871.940     5074.260
   490:     5077.820     5093.590     5139.350     5144.230     5148.880
   495:     5187.170     5187.600     5193.630     5194.410     5194.840
   500:     5195.160     5196.110     5214.970     5260.770     5261.760
   505:     5261.980     5262.560     5273.650     5291.960     5292.030
   510:     5292.110     5300.140     5307.990     5308.110     5332.770
   515:     5348.920     5349.320     5349.610     5362.110     5388.170
   520:     5404.130     5404.350     5444.950     5445.130     5448.130
   525:     5450.030     5450.030     5450.030     5450.040     5450.040
   530:     5450.040     5450.040     5450.040     5450.040     5454.040
   535:     5455.040     5455.040     5460.030     5460.040     5461.210
   540:     5489.820     5489.900     5491.190     5491.250     5491.670
   545:     5492.760     5493.000     5506.670     5506.670     5506.670
   550:     5506.680     5506.680     5506.680     5506.680     5506.680
   555:     5506.680     5508.420     5510.680     5511.680     5511.680
   560:     5516.670     5516.680     5554.000     5555.850     5556.260
   565:     5556.300     5557.390     5557.780     5558.020     5558.610
   570:     5559.350     5559.580     5559.640     5559.760     5569.600
   575:     5569.780     5577.940     5578.610     5580.290     5581.300
   580:     5581.580     5606.840     5954.020     6032.240     6032.380
   585:     6032.920     6039.880     6053.500     6054.320     6064.630
   590:     6078.400     6078.670     6079.160     6080.100     6080.160
   595:     6080.700     6080.930     6081.280     6081.320     6081.690
   600:     6082.760     6089.560     6095.240     6095.660     6096.170
   605:     6102.410     6102.890     6103.580     6103.770     6103.850
   610:     6108.310     6110.570     6112.010     6112.100     6112.130
   615:     6112.630     6113.790     6115.380     6119.350     6123.830
   620:     6124.120     6124.910     6125.760     6125.990     6126.600
   625:     6126.790     6126.990     6127.030     6127.090     6127.740
   630:     6129.020     6129.540     6131.440     6136.700     6136.970
   635:     6137.680     6139.470     6139.800     6139.900     6141.080
   640:     6150.000     6150.280     6153.210     6154.230     6154.440
   645:     6154.670     6155.150     6155.320     6156.050     6156.290
   650:     6156.510     6156.830     6157.130     6158.340     6158.540
   655:     6158.600     6159.200     6178.790     6179.550     6180.560
   660:     6182.260     6183.130     6183.590     6183.910     6187.230
   665:     6191.920     6205.190     6211.930     6216.600     6235.130
   670:     6235.430     6236.640     6241.660     6243.550     6244.710
   675:     6244.930     6244.990     6247.050     6247.100     6247.750
   680:     6248.080     6250.450     6252.790     6252.910     6255.510
   685:     6257.290     6270.590     6270.970     6271.620     6271.640
   690:     6271.730     6272.050     6293.010     6293.260     6296.370
   695:     6296.420     6299.670     6299.780     6303.700     6306.870
   700:     6307.520     6310.070     6310.610     6310.640     6323.490
   705:     6328.330     6328.670     6328.690     6330.500     6331.550
   710:     6332.020     6337.120     6337.460     6338.200     6339.090
   715:     6340.650     6341.030     6344.440     6344.660     6352.930
   720:     6353.370     6359.880     6365.100     6370.210     6370.870
   725:     6370.960     6375.260     6375.790     6380.210     6382.190
   730:     6382.600     6382.840     6386.980     6390.830     6391.370
   735:     6397.820     6398.130     6404.310     6404.760     6405.030
   740:     6405.720     6406.290     6408.350     6408.770     6408.840
   745:     6410.310     6416.800     6417.410     6418.010     6422.310
   750:     6427.540     6429.210     6429.390     6432.340     6447.160
   755:     6447.530     6450.040     6450.330     6450.640     6453.930
   760:     6456.920     6457.650     6463.070     6463.740     6469.110
   765:     6476.230     6477.230     6516.490     6609.380     6627.710
   770:     6627.980     6653.620     6673.980     6683.430     6693.730
   775:     6770.520     6770.880     6776.370     6776.500     6782.450
   780:     6810.160     6810.310     6811.450     6814.650     6814.880
   785:     6824.320     6831.150     6840.540     6850.170     6850.510
   790:     6853.880     6861.840     6870.260     6881.640     6903.130
   795:     6907.580     6913.040     6939.220     6976.570     6982.260
   800:     6982.400     6986.680     6987.120     6998.600     7001.990
   805:     7014.530     7014.760     7019.890     7024.480     7028.290
   810:     7041.690     7053.950     7067.670     7071.210     7084.080
   815:     7088.550     7101.100     7109.920     7110.460     7114.260
   820:     7118.890     7124.130     7124.230     7127.610     7131.690
   825:     7131.810     7132.730     7137.610     7141.430     7154.720
   830:     7154.940     7160.330     7176.980     7181.130     7206.010
   835:     7209.800     7213.830     7220.170     7249.070     7252.490
   840:     7266.640     7274.870     7294.630     7303.530     7318.880
   845:     7322.530     7342.450     7346.820     7347.250     7362.030
   850:     7366.800     7372.530     7376.690     7377.290     7392.250
   855:     7406.090     7410.000     7441.730     7441.770     7463.590
   860:     7463.890     7464.070     7512.650     7543.110     7553.060
   865:     7597.820     7604.310     7617.200     7643.190     7773.560
   870:     7797.700     7828.570     7829.510     7859.560     7902.350
   875:     7902.900     7938.860     7955.730     7963.920     7964.340
   880:     8067.130     8203.920     8217.330     8218.200     8244.410
   885:     8245.140     8248.370     8249.250     8251.920     8252.190
   890:     8280.360     8280.860     8285.210     8286.340     8316.560
   895:     8317.070     8321.940     8328.350     8328.720     8331.200
   900:     8333.110     8333.760     8335.440     8335.690     8335.930
   905:     8342.260     8342.960     8346.610     8347.990     8348.090
   910:     8352.430     8353.490     8359.580     8359.920     8360.180
   915:     8363.740     8381.240     8389.370     8391.370     8391.560
   920:     8395.580     8395.960     8400.570     8405.350     8414.910
   925:     8422.970     8443.990     8444.480     8454.280     8470.580
   930:     8471.080     8480.530     8483.080     8487.040     8497.540
   935:     8509.520     8520.660     8549.280     8549.630     8549.660
   940:     8621.580     8798.420     8798.780     8822.840     8845.750
   945:     8881.200     8891.650     8913.580     8917.390     8917.730
   950:     8930.820     8931.380     8940.470     8940.750     8949.320
   955:     8949.690     8957.450     8957.820     8964.680     8965.110
   960:     8998.540     9002.670     9016.520     9016.620     9021.840
   965:     9026.220     9037.120     9040.180     9060.070     9062.510
   970:     9071.290     9080.700     9084.430     9084.900     9092.100
   975:     9092.740     9110.300     9114.970     9116.980     9117.000
   980:     9117.810     9122.400     9122.580     9144.810     9151.380
   985:     9151.590     9158.390     9168.410     9182.960     9183.310
   990:     9188.170     9193.000     9196.690     9207.070     9207.110
   995:     9222.910     9229.170     9242.190     9258.730     9259.070
  1000:     9285.370     9288.730     9299.000     9304.490     9309.390
  1005:     9326.980     9327.450     9327.730     9328.190     9335.810
  1010:     9345.740     9352.800     9369.250     9380.120     9380.190
  1015:     9380.250     9385.960     9386.260     9389.290     9389.390
  1020:     9394.680     9403.960     9404.580     9418.270     9427.590
  1025:     9443.940     9456.880     9469.640     9507.960     9514.060
  1030:     9530.290     9541.720     9551.520     9571.800     9588.600
  1035:     9604.370     9613.670     9628.370     9628.680     9639.730
  1040:     9642.840     9646.040     9648.980     9651.910     9655.170
  1045:     9668.620     9672.440     9676.630     9683.150     9700.080
  1050:     9703.880     9711.910     9715.580     9723.160     9730.870
  1055:     9738.210     9751.020     9757.910     9758.370     9762.310
  1060:     9793.790     9793.900     9794.060     9806.440     9837.560
  1065:     9837.800     9841.460     9841.630     9846.430     9846.520
  1070:     9846.670     9865.540     9887.490     9887.620     9901.410
  1075:     9905.830     9914.640     9923.510     9923.720     9945.150
  1080:     9949.120     9949.220     9949.480     9956.880     9970.350
  1085:     9983.110     9991.160     9995.020     9998.570     9998.840
  1090:    10002.960    10014.280    10018.430    10039.340    10066.900
  1095:    10067.240    10067.650    10067.880    10068.300    10072.150
  1100:    10075.910    10080.100    10080.140    10086.000    10090.060
  1105:    10090.610    10090.800    10090.860    10091.090    10114.470
  1110:    10118.970    10128.180    10138.390    10162.820    10172.700
  1115:    10186.860    10186.900    10186.960    10187.320    10213.510
  1120:    10252.550    10261.510    10266.230    10270.340    10274.680
  1125:    10282.550    10285.880    10294.490    10294.850    10307.180
  1130:    10325.390    10342.060    10351.180    10367.880    10382.770
  1135:    10386.720    10400.970    10410.050    10413.750    10414.090
  1140:    10414.260    10424.680    10429.440    10429.550    10459.830
  1145:    10476.260    10476.290    10476.890    10480.050    10508.490
  1150:    10529.070    10533.210    10537.430    10566.910    10566.990
  1155:    10575.730    10596.330    10601.660    10609.710    10617.110
  1160:    10626.230    10626.710    10634.470    10638.770    10642.950
  1165:    10644.230    10644.360    10653.360    10653.460    10660.110
  1170:    10702.600    10726.370    10734.400    10747.620    10753.620
  1175:    10766.910    10766.990    10788.440    10800.000
