File: C:\MED-PC\Data\2025-04-14_09h09m_Subject 81.txt


Start Date: 04/14/25
End Date: 04/14/25
Subject: 81
Experiment: OralFentSA
Group: One
Box: 9
Start Time: 09:09:50
End Time: 10:46:20
MSN: 20241014Golden_Liq_SelfAdmin_REI
F:       0.000
G:     232.000
H:    3600.000
I:       0.000
J:       0.000
K:       0.000
L:       0.000
M:       0.000
N:       0.000
O:       0.000
P:       0.000
Q:       0.000
R:       0.000
S:       0.000
U:       0.000
V:       0.000
W:       0.000
X:       0.000
Y:       0.000
Z:       0.000
A:
     0:        0.000        0.000       60.000        4.000        0.000
     5:        5.000        0.000        5.000        0.000        0.000
    10:        1.000        0.000       10.000   100000.000       19.000
    15:       31.000      640.000        0.000        0.000        0.000
    20:        0.000
B:
     0:        0.000        0.000        0.000      400.000        0.000
     5:      500.000        0.000      500.000        0.000        0.000
    10:        0.000        0.000     1000.000 10000000.000        0.000
    15:        0.000        0.000        0.000        0.000        0.000
    20:        0.000
C:
     0:       14.000       15.000       14.000       14.000       18.000
     5:     3587.480        2.910        7.000      741.760      105.966
    10:       14.000       14.000        1.000        0.000        0.000
    15:        0.000        0.000        0.000        0.000        0.000
    20:        0.000
D:
     0:       70.610       42.320       30.040      100.150      487.070
     5:        8.660        2.910
E:
     0:       19.000       11.000       26.000       27.000       30.000
     5:       24.000       12.000       13.000        8.000        5.000
    10:       17.000       18.000       14.000       10.000       19.000
    15:       11.000        1.000        6.000        2.000        4.000
    20:       22.000       24.000       12.000       13.000        8.000
    25:        5.000       17.000       18.000       14.000       10.000
    30:       19.000       11.000        6.000        6.000        6.000
    35:        6.000        1.000        6.000        1.000        2.000
    40:        4.000       22.000       24.000       12.000       13.000
    45:        8.000        5.000       17.000       18.000       14.000
    50:       10.000       19.000       11.000        6.000        6.000
    55:        2.000        4.000       22.000       24.000       12.000
    60:       13.000        8.000        5.000       17.000       18.000
    65:       14.000       10.000       19.000       11.000        6.000
    70:        1.000        6.000        1.000        2.000        4.000
    75:       22.000       24.000       12.000       13.000        8.000
    80:        5.000       17.000       18.000       14.000       10.000
    85:       19.000       11.000        1.000        2.000        4.000
    90:       22.000       24.000       12.000       13.000        8.000
    95:        5.000       17.000       18.000       14.000       10.000
   100:       19.000       11.000        1.000        2.000        4.000
   105:       22.000       24.000       12.000       13.000        8.000
   110:        5.000       17.000       18.000       14.000       10.000
   115:       19.000       11.000        1.000        6.000        6.000
   120:        2.000        4.000       22.000       24.000       12.000
   125:       13.000        8.000        5.000       17.000       18.000
   130:       14.000       10.000        6.000       19.000       11.000
   135:        6.000        6.000        6.000        2.000        4.000
   140:       22.000       24.000       12.000       13.000        8.000
   145:        5.000       17.000       20.000       18.000       14.000
   150:       10.000       19.000       11.000        1.000        2.000
   155:        4.000       22.000       24.000       12.000       13.000
   160:        8.000        5.000       17.000        6.000       18.000
   165:       14.000       10.000       19.000       11.000        6.000
   170:        2.000        4.000       22.000       24.000       12.000
   175:       13.000        8.000        5.000       17.000       21.000
   180:       22.000       18.000       14.000       10.000       19.000
   185:       11.000        1.000        1.000        2.000        4.000
   190:       22.000       24.000       12.000       13.000        8.000
   195:        5.000       17.000       18.000       14.000       10.000
   200:       19.000       11.000        2.000        4.000       22.000
   205:       24.000       12.000       13.000        8.000        5.000
   210:       17.000       18.000       14.000       10.000       19.000
   215:       11.000        1.000        1.000        2.000        4.000
   220:       22.000       24.000       12.000       13.000        8.000
   225:        5.000       17.000       18.000       14.000       10.000
   230:       19.000       11.000      100.000
T:
     0:        0.000        0.000        0.000        0.000        2.200
     5:        2.200        2.200        2.200        2.200        2.200
    10:        2.200        6.200        7.200        7.200       12.190
    15:       12.200       58.660       72.810       87.200       87.200
    20:       87.200       87.210       87.210       87.210       87.210
    25:       87.210       87.210       91.210       92.210       92.210
    30:       97.200       97.210      129.530      133.970      137.040
    35:      261.040      435.780      826.940      886.060      921.350
    40:      921.350      921.350      921.360      921.360      921.360
    45:      921.360      921.360      921.360      925.360      926.360
    50:      926.360      931.350      931.360      951.400      953.020
    55:      964.150      964.150      964.150      964.160      964.160
    60:      964.160      964.160      964.160      964.160      968.160
    65:      969.160      969.160      974.150      974.160     1064.310
    70:     1226.170     1304.000     1402.360     1408.410     1408.410
    75:     1408.410     1408.420     1408.420     1408.420     1408.420
    80:     1408.420     1408.420     1412.420     1413.420     1413.420
    85:     1418.410     1418.420     1548.280     1686.810     1686.810
    90:     1686.810     1686.820     1686.820     1686.820     1686.820
    95:     1686.820     1686.820     1690.820     1691.820     1691.820
   100:     1696.810     1696.820     1730.000     1735.640     1735.640
   105:     1735.640     1735.650     1735.650     1735.650     1735.650
   110:     1735.650     1735.650     1739.650     1740.650     1740.650
   115:     1745.640     1745.650     1810.050     2222.720     2223.290
   120:     2279.000     2279.000     2279.000     2279.010     2279.010
   125:     2279.010     2279.010     2279.010     2279.010     2283.010
   130:     2284.010     2284.010     2287.670     2289.000     2289.010
   135:     2375.030     2393.710     2516.130     2668.540     2668.540
   140:     2668.540     2668.550     2668.550     2668.550     2668.550
   145:     2668.550     2668.550     2672.400     2672.550     2673.550
   150:     2673.550     2678.540     2678.550     2696.100     2966.550
   155:     2966.550     2966.550     2966.560     2966.560     2966.560
   160:     2966.560     2966.560     2966.560     2969.470     2970.560
   165:     2971.560     2971.560     2976.550     2976.560     2977.770
   170:     2979.860     2979.860     2979.860     2979.870     2979.870
   175:     2979.870     2979.870     2979.870     2979.870     2980.950
   180:     2980.950     2983.870     2984.870     2984.870     2989.860
   185:     2989.870     3043.100     3067.510     3115.300     3115.300
   190:     3115.300     3115.310     3115.310     3115.310     3115.310
   195:     3115.310     3115.310     3119.310     3120.310     3120.310
   200:     3125.300     3125.310     3296.700     3296.700     3296.700
   205:     3296.710     3296.710     3296.710     3296.710     3296.710
   210:     3296.710     3300.710     3301.710     3301.710     3306.700
   215:     3306.710     3491.780     3570.410     3587.470     3587.470
   220:     3587.470     3587.480     3587.480     3587.480     3587.480
   225:     3587.480     3587.480     3591.480     3592.480     3592.480
   230:     3597.470     3597.480     3600.000
