File: C:\MED-PC IV\DATA\!2025-03-24_10h22m.Subject 60



Start Date: 03/24/25
End Date: 03/24/25
Subject: 60
Experiment: OralFentSA
Group: One
Box: 4
Start Time: 10:22:14
End Time: 10:52:37
MSN: Golden_Liq_SelfAdmin_REI
F:       0.000
G:     423.000
H:    1807.850
I:       0.000
J:       0.000
K:       0.000
L:       0.000
M:       0.000
N:       0.000
O:       0.000
P:       0.000
Q:       0.000
R:       0.000
S:       0.000
U:       0.000
V:       0.000
W:       0.000
X:       0.000
Y:       0.000
Z:       0.000
A:
     0:        0.000        0.000       60.000        4.000        0.000
     5:        5.000        0.000        5.000        0.000        0.000
    10:        1.000        0.000       10.000 100000000.00       23.000
    15:       31.000      640.000        0.000        0.000        0.000
    20:        0.000
B:
     0:        0.000        0.000        0.000      400.000        0.000
     5:      500.000        0.000      500.000        0.000        0.000
    10:        0.000        0.000     1000.000 10000000000.        0.000
    15:        0.000        0.000        0.000        0.000        0.000
    20:        0.000
C:
     0:       27.000       28.000        0.000       39.000       14.000
     5:     1670.500       45.520        6.000      417.390       69.565
    10:       39.000        3.000        1.000        0.000        0.000
    15:        0.000        0.000        0.000        0.000        0.000
    20:        0.000
D:
     0:       41.820       33.030       86.130      200.260       10.630
     5:       45.520
E:
     0:       19.000       11.000       26.000       27.000       30.000
     5:       24.000       12.000       13.000        8.000        5.000
    10:       17.000       18.000       14.000       10.000       19.000
    15:       11.000        6.000        2.000        4.000       22.000
    20:       24.000       12.000       13.000        8.000        5.000
    25:       17.000       18.000       14.000       10.000       19.000
    30:       11.000        2.000        4.000       22.000       24.000
    35:       12.000       13.000        8.000        5.000       17.000
    40:       18.000       14.000       10.000       19.000       11.000
    45:       23.000        2.000        4.000       22.000       24.000
    50:       12.000       13.000        8.000        5.000       17.000
    55:       18.000       14.000       10.000       21.000       22.000
    60:       19.000       11.000        2.000        4.000       22.000
    65:       24.000       12.000       13.000        8.000        5.000
    70:       17.000       18.000       14.000       10.000       19.000
    75:       11.000        2.000        4.000       22.000       24.000
    80:       12.000       13.000        8.000        5.000       17.000
    85:       18.000       14.000       10.000       19.000       11.000
    90:        2.000        4.000       22.000       24.000       12.000
    95:       13.000        8.000        5.000       17.000       18.000
   100:       14.000       10.000       19.000       11.000        2.000
   105:        4.000       22.000       24.000       12.000       13.000
   110:        8.000        5.000       17.000       18.000       14.000
   115:       10.000       19.000       11.000        6.000        6.000
   120:       23.000        2.000        4.000       22.000       24.000
   125:       12.000       13.000        8.000        5.000       17.000
   130:       18.000       14.000       10.000       21.000       22.000
   135:       19.000       11.000        2.000        4.000       22.000
   140:       24.000       12.000       13.000        8.000        5.000
   145:       17.000       18.000       14.000       10.000       19.000
   150:       11.000        2.000        4.000       22.000       24.000
   155:       12.000       13.000        8.000        5.000       17.000
   160:       18.000       14.000       10.000       19.000       11.000
   165:        6.000        6.000        6.000        6.000        6.000
   170:        6.000        6.000        2.000        4.000       22.000
   175:       24.000       12.000       13.000        8.000        5.000
   180:       17.000       18.000       14.000       10.000       19.000
   185:       11.000        2.000        4.000       22.000       24.000
   190:       12.000       13.000        8.000        5.000       17.000
   195:       18.000       14.000       10.000       19.000       11.000
   200:       23.000        2.000        4.000       22.000       24.000
   205:       12.000       13.000        8.000        5.000       17.000
   210:       18.000       14.000       10.000       19.000       11.000
   215:        2.000        4.000       22.000       24.000       12.000
   220:       13.000        8.000        5.000       17.000       18.000
   225:       14.000       10.000       19.000       11.000        2.000
   230:        4.000       22.000       24.000       12.000       13.000
   235:        8.000        5.000       17.000       18.000       14.000
   240:       10.000       19.000       11.000        2.000        4.000
   245:       22.000       24.000       12.000       13.000        8.000
   250:        5.000       17.000       21.000       22.000       18.000
   255:       14.000       10.000       21.000       22.000       21.000
   260:       22.000       21.000       22.000       19.000       11.000
   265:        2.000        4.000       22.000       24.000       12.000
   270:       13.000        8.000        5.000       17.000       18.000
   275:       14.000       10.000       19.000       11.000        6.000
   280:        2.000        4.000       22.000       24.000       12.000
   285:       13.000        8.000        5.000       17.000       18.000
   290:       14.000       10.000       21.000       22.000       19.000
   295:       11.000        2.000        4.000       22.000       24.000
   300:       12.000       13.000        8.000        5.000       17.000
   305:       18.000       14.000       10.000       19.000       11.000
   310:        2.000        4.000       22.000       24.000       12.000
   315:       13.000        8.000        5.000       17.000       18.000
   320:       14.000       10.000       21.000       22.000       19.000
   325:       11.000        6.000        2.000        4.000       22.000
   330:       24.000       12.000       13.000        8.000        5.000
   335:       17.000       18.000       21.000       22.000       21.000
   340:       22.000       14.000       10.000       21.000       22.000
   345:       21.000       22.000       19.000       11.000        2.000
   350:        4.000       22.000       24.000       12.000       13.000
   355:        8.000        5.000       17.000       18.000       14.000
   360:       10.000       19.000       11.000        2.000        4.000
   365:       22.000       24.000       12.000       13.000        8.000
   370:        5.000       17.000       18.000       14.000       10.000
   375:       19.000       11.000        6.000        6.000        2.000
   380:        4.000       22.000       24.000       12.000       13.000
   385:        8.000        5.000       17.000       18.000       14.000
   390:       10.000       19.000       11.000        2.000        4.000
   395:       22.000       24.000       12.000       13.000        8.000
   400:        5.000       17.000       21.000       22.000       18.000
   405:       14.000       10.000       19.000       11.000        2.000
   410:        4.000       22.000       24.000       12.000       13.000
   415:        8.000        5.000       17.000       18.000       14.000
   420:       10.000       19.000       11.000
T:
     0:        0.000        0.000        0.000        0.000       10.940
     5:       10.940       10.940       10.940       10.940       10.940
    10:       10.940       14.940       15.940       15.940       20.930
    15:       20.940       52.760       78.450       78.450       78.450
    20:       78.460       78.460       78.460       78.460       78.460
    25:       78.460       82.460       83.460       83.460       88.450
    30:       88.460      167.370      167.370      167.370      167.380
    35:      167.380      167.380      167.380      167.380      167.380
    40:      171.380      172.380      172.380      177.370      177.380
    45:      197.060      242.190      242.190      242.190      242.200
    50:      242.200      242.200      242.200      242.200      242.200
    55:      246.200      247.200      247.200      250.910      250.910
    60:      252.190      252.200      254.110      254.110      254.110
    65:      254.120      254.120      254.120      254.120      254.120
    70:      254.120      258.120      259.120      259.120      264.110
    75:      264.120      265.270      265.270      265.270      265.280
    80:      265.280      265.280      265.280      265.280      265.280
    85:      269.280      270.280      270.280      275.270      275.280
    90:      311.030      311.030      311.030      311.040      311.040
    95:      311.040      311.040      311.040      311.040      315.040
   100:      316.040      316.040      321.030      321.040      385.700
   105:      385.700      385.700      385.710      385.710      385.710
   110:      385.710      385.710      385.710      389.710      390.710
   115:      390.710      395.700      395.710      418.740      418.800
   120:      432.800      444.010      444.010      444.010      444.020
   125:      444.020      444.020      444.020      444.020      444.020
   130:      448.020      449.020      449.020      453.290      453.290
   135:      454.010      454.020      456.870      456.870      456.870
   140:      456.880      456.880      456.880      456.880      456.880
   145:      456.880      460.880      461.880      461.880      466.870
   150:      466.880      468.380      468.380      468.380      468.390
   155:      468.390      468.390      468.390      468.390      468.390
   160:      472.390      473.390      473.390      478.380      478.390
   165:      554.520      554.690      555.100      555.110      570.330
   170:      571.930      571.940      588.070      588.070      588.070
   175:      588.080      588.080      588.080      588.080      588.080
   180:      588.080      592.080      593.080      593.080      598.070
   185:      598.080      607.070      607.070      607.070      607.080
   190:      607.080      607.080      607.080      607.080      607.080
   195:      611.080      612.080      612.080      617.070      617.080
   200:      693.660      723.480      723.480      723.480      723.490
   205:      723.490      723.490      723.490      723.490      723.490
   210:      727.490      728.490      728.490      733.480      733.490
   215:      849.910      849.910      849.910      849.920      849.920
   220:      849.920      849.920      849.920      849.920      853.920
   225:      854.920      854.920      859.910      859.920      861.760
   230:      861.760      861.760      861.770      861.770      861.770
   235:      861.770      861.770      861.770      865.770      866.770
   240:      866.770      871.760      871.770      876.360      876.360
   245:      876.360      876.370      876.370      876.370      876.370
   250:      876.370      876.370      878.530      878.530      880.370
   255:      881.370      881.370      883.870      883.870      884.020
   260:      884.020      884.620      884.620      886.360      886.370
   265:      886.940      886.940      886.940      886.950      886.950
   270:      886.950      886.950      886.950      886.950      890.950
   275:      891.950      891.950      896.940      896.950     1087.210
   280:     1153.220     1153.220     1153.220     1153.230     1153.230
   285:     1153.230     1153.230     1153.230     1153.230     1157.230
   290:     1158.230     1158.230     1162.580     1162.580     1163.220
   295:     1163.230     1168.670     1168.670     1168.670     1168.680
   300:     1168.680     1168.680     1168.680     1168.680     1168.680
   305:     1172.680     1173.680     1173.680     1178.670     1178.680
   310:     1179.020     1179.020     1179.020     1179.030     1179.030
   315:     1179.030     1179.030     1179.030     1179.030     1183.030
   320:     1184.030     1184.030     1186.870     1186.870     1189.020
   325:     1189.030     1189.660     1192.930     1192.930     1192.930
   330:     1192.940     1192.940     1192.940     1192.940     1192.940
   335:     1192.940     1196.940     1197.660     1197.660     1197.800
   340:     1197.800     1197.940     1197.940     1200.520     1200.520
   345:     1200.760     1200.760     1202.930     1202.940     1205.150
   350:     1205.150     1205.150     1205.160     1205.160     1205.160
   355:     1205.160     1205.160     1205.160     1209.160     1210.160
   360:     1210.160     1215.150     1215.160     1524.100     1524.100
   365:     1524.100     1524.110     1524.110     1524.110     1524.110
   370:     1524.110     1524.110     1528.110     1529.110     1529.110
   375:     1534.100     1534.110     1569.630     1569.730     1587.840
   380:     1587.840     1587.840     1587.850     1587.850     1587.850
   385:     1587.850     1587.850     1587.850     1591.850     1592.850
   390:     1592.850     1597.840     1597.850     1631.230     1631.230
   395:     1631.230     1631.240     1631.240     1631.240     1631.240
   400:     1631.240     1631.240     1631.580     1631.580     1635.240
   405:     1636.240     1636.240     1641.230     1641.240     1670.490
   410:     1670.490     1670.490     1670.500     1670.500     1670.500
   415:     1670.500     1670.500     1670.500     1674.500     1675.500
   420:     1675.500     1680.490     1680.500
