File: C:\MED-PC\Data\2025-04-04_11h55m_Subject 91.txt


Start Date: 04/04/25
End Date: 04/04/25
Subject: 91
Experiment: OralFentSA
Group: One
Box: 8
Start Time: 11:55:03
End Time: 14:55:40
MSN: Golden_Liq_SelfAdmin_EXT
F:       0.000
G:     533.000
H:   10800.000
I:       0.000
J:       0.000
K:       0.000
L:       0.000
M:       0.000
N:       0.000
O:       0.000
P:       0.000
Q:       0.000
R:       0.000
S:       0.000
U:       0.000
V:       0.000
W:       0.000
X:       0.000
Y:       0.000
Z:       0.000
A:
     0:        0.000        0.000      180.000        4.000        0.000
     5:        5.000        0.000        5.000        0.000        0.000
    10:        1.000        0.000       10.000   100000.000       22.000
    15:       25.000      600.000        0.000        0.000        0.000
    20:        0.000
B:
     0:        0.000        0.000        0.000        0.000        0.000
     5:        0.000        0.000        0.000        0.000        0.000
    10:        0.000        0.000     1000.000 10000000.000        0.000
    15:        0.000        0.000        0.000        0.000        0.000
    20:        0.000
C:
     0:        0.000       44.000       98.000       57.000      102.000
     5:    10624.540       11.890       23.000     2286.050       99.393
    10:       57.000       98.000        0.000        0.000        0.000
    15:        0.000        0.000        0.000        0.000        0.000
    20:        0.000
D:
     0:      180.260      105.520        4.100        2.510      104.090
     5:      111.650        4.200      311.920       60.360        2.840
    10:       12.330      328.340        1.990       10.860       55.380
    15:      117.560      301.840       45.710        1.670      183.250
    20:      166.500      161.280       11.890
E:
     0:       19.000       11.000       26.000       27.000        2.000
     5:        4.000       22.000       24.000       12.000       20.000
    10:       19.000       11.000        1.000        6.000        6.000
    15:        6.000        6.000        2.000        4.000       22.000
    20:       24.000       12.000       19.000       11.000        1.000
    25:        1.000        1.000        2.000        4.000       22.000
    30:       24.000       12.000       21.000       22.000       19.000
    35:       11.000        1.000        1.000        6.000        6.000
    40:        6.000        6.000        6.000        6.000        6.000
    45:        6.000        6.000        6.000        6.000        6.000
    50:        6.000        6.000        6.000        6.000        6.000
    55:        6.000        6.000        6.000        6.000        6.000
    60:        6.000        6.000        6.000        6.000        6.000
    65:        6.000        6.000        6.000        6.000        6.000
    70:        6.000        6.000        6.000        6.000        6.000
    75:        6.000        6.000        6.000        6.000        6.000
    80:        2.000        4.000       22.000       24.000       12.000
    85:       21.000       22.000       21.000       22.000       21.000
    90:       22.000        6.000        6.000        6.000        6.000
    95:       19.000       11.000        2.000        4.000       22.000
   100:       24.000       12.000        6.000        6.000        6.000
   105:       19.000       11.000        6.000        1.000        1.000
   110:        6.000        2.000        4.000       22.000       24.000
   115:       12.000       21.000       22.000       19.000       11.000
   120:        6.000        2.000        4.000       22.000       24.000
   125:       12.000       19.000       11.000        1.000        1.000
   130:        1.000        1.000        2.000        4.000       22.000
   135:       24.000       12.000       19.000       11.000        1.000
   140:        6.000        6.000        1.000        2.000        4.000
   145:       22.000       24.000       12.000       21.000       22.000
   150:        6.000        6.000        6.000       19.000       11.000
   155:        1.000        1.000        1.000        2.000        4.000
   160:       22.000       24.000       12.000       19.000       11.000
   165:        1.000        1.000        6.000        1.000        1.000
   170:        1.000        2.000        4.000       22.000       24.000
   175:       12.000       19.000       11.000        1.000        2.000
   180:        4.000       22.000       24.000       12.000       19.000
   185:       11.000        2.000        4.000       22.000       24.000
   190:       12.000       19.000       11.000        2.000        4.000
   195:       22.000       24.000       12.000       21.000       22.000
   200:       19.000       11.000        2.000        4.000       22.000
   205:       24.000       12.000       19.000       11.000        2.000
   210:        4.000       22.000       24.000       12.000       21.000
   215:       22.000       19.000       11.000        2.000        4.000
   220:       22.000       24.000       12.000       19.000       11.000
   225:        1.000        1.000        1.000        2.000        4.000
   230:       22.000       24.000       12.000       21.000       22.000
   235:       19.000       11.000        6.000        6.000        1.000
   240:        1.000        1.000        1.000        1.000        2.000
   245:        4.000       22.000       24.000       12.000       19.000
   250:       11.000        1.000        1.000        2.000        4.000
   255:       22.000       24.000       12.000        6.000        6.000
   260:       19.000       11.000        1.000        1.000        1.000
   265:        1.000        2.000        4.000       22.000       24.000
   270:       12.000       19.000       11.000        1.000        2.000
   275:        4.000       22.000       24.000       12.000       19.000
   280:       11.000        6.000        6.000        6.000        6.000
   285:        6.000        2.000        4.000       22.000       24.000
   290:       12.000       19.000       11.000        1.000        1.000
   295:        6.000        6.000        1.000        2.000        4.000
   300:       22.000       24.000       12.000       20.000       19.000
   305:       11.000        1.000        2.000        4.000       22.000
   310:       24.000       12.000        6.000        6.000        6.000
   315:       21.000       22.000       19.000       11.000        2.000
   320:        4.000       22.000       24.000       12.000       19.000
   325:       11.000        2.000        4.000       22.000       24.000
   330:       12.000       19.000       11.000        6.000        6.000
   335:        2.000        4.000       22.000       24.000       12.000
   340:       19.000       11.000        6.000        6.000        1.000
   345:        1.000        1.000        2.000        4.000       22.000
   350:       24.000       12.000       19.000       11.000        2.000
   355:        4.000       22.000       24.000       12.000       19.000
   360:       11.000        6.000        2.000        4.000       22.000
   365:       24.000       12.000       19.000       11.000        1.000
   370:        1.000        2.000        4.000       22.000       24.000
   375:       12.000       19.000       11.000        1.000        1.000
   380:        1.000        1.000        1.000        1.000        1.000
   385:        1.000        1.000        1.000        6.000        6.000
   390:        2.000        4.000       22.000       24.000       12.000
   395:       21.000       22.000       19.000       11.000        6.000
   400:        6.000        6.000        6.000        1.000        1.000
   405:        1.000        1.000        1.000        6.000        6.000
   410:        6.000        6.000        2.000        4.000       22.000
   415:       24.000       12.000        6.000        6.000       21.000
   420:       22.000       19.000       11.000        2.000        4.000
   425:       22.000       24.000       12.000       19.000       11.000
   430:        1.000        2.000        4.000       22.000       24.000
   435:       12.000       21.000       22.000       21.000       22.000
   440:       19.000       11.000        1.000        6.000        2.000
   445:        4.000       22.000       24.000       12.000       19.000
   450:       11.000        1.000        1.000        6.000        1.000
   455:        1.000        2.000        4.000       22.000       24.000
   460:       12.000       20.000       19.000       11.000        1.000
   465:        1.000        1.000        1.000        1.000        1.000
   470:        1.000        1.000        1.000        1.000        1.000
   475:        2.000        4.000       22.000       24.000       12.000
   480:       19.000       11.000        1.000        1.000        1.000
   485:        6.000        6.000        6.000        6.000        2.000
   490:        4.000       22.000       24.000       12.000       19.000
   495:       11.000        1.000        1.000        2.000        4.000
   500:       22.000       24.000       12.000       19.000       11.000
   505:        2.000        4.000       22.000       24.000       12.000
   510:       19.000       11.000        6.000        6.000        6.000
   515:        1.000        1.000        1.000        1.000        1.000
   520:        1.000        1.000        1.000        1.000        2.000
   525:        4.000       22.000       24.000       12.000       19.000
   530:       11.000        1.000        1.000      100.000
T:
     0:        0.000        0.000        0.000        0.000       46.940
     5:       46.940       46.940       46.950       46.950       48.730
    10:       56.940       56.950       96.960      227.210      227.490
    15:      230.590      232.550      265.410      265.410      265.410
    20:      265.420      265.420      275.410      275.420      504.730
    25:      506.360      506.870      524.440      524.440      524.440
    30:      524.450      524.450      525.950      525.950      534.440
    35:      534.450      581.500      582.870      629.970      632.700
    40:      632.810      633.060      633.340      683.650      683.830
    45:      684.200      684.770      684.860      685.240      685.580
    50:      685.640      686.970      687.490      687.580      688.200
    55:      688.220      688.290      689.110      689.580      689.720
    60:      690.140      690.460      690.550      690.870      691.020
    65:      692.810      693.160      693.250      714.660      739.900
    70:      741.590      742.440      743.630      743.690      743.770
    75:      743.820      743.930      744.060      744.090      744.200
    80:      747.460      747.460      747.460      747.470      747.470
    85:      747.610      747.610      749.060      749.060      749.880
    90:      749.880      751.570      751.930      752.900      753.150
    95:      757.460      757.470      776.520      776.520      776.520
   100:      776.530      776.530      779.040      779.340      779.380
   105:      786.520      786.530      788.980      866.680      870.920
   110:      873.580      902.650      902.650      902.650      902.660
   115:      902.660      903.480      903.480      912.650      912.660
   120:     1006.750     1047.760     1047.760     1047.760     1047.770
   125:     1047.770     1057.760     1057.770     1316.300     1318.330
   130:     1322.570     1327.820     1420.370     1420.370     1420.370
   135:     1420.380     1420.380     1430.370     1430.380     1464.690
   140:     1532.030     1550.550     1686.880     2036.670     2036.670
   145:     2036.670     2036.680     2036.680     2038.060     2038.060
   150:     2040.880     2041.380     2041.770     2046.670     2046.680
   155:     2049.690     2054.120     2054.410     2059.000     2059.000
   160:     2059.000     2059.010     2059.010     2069.000     2069.010
   165:     2219.350     2302.850     2370.930     2408.380     2409.560
   170:     2409.720     2843.120     2843.120     2843.120     2843.130
   175:     2843.130     2853.120     2853.130     3009.080     3080.640
   180:     3080.640     3080.640     3080.650     3080.650     3090.640
   185:     3090.650     3973.610     3973.610     3973.610     3973.620
   190:     3973.620     3983.610     3983.620     4488.480     4488.480
   195:     4488.480     4488.490     4488.490     4492.140     4492.140
   200:     4498.480     4498.490     4606.930     4606.930     4606.930
   205:     4606.940     4606.940     4616.930     4616.940     4630.540
   210:     4630.540     4630.540     4630.550     4630.550     4631.750
   215:     4631.750     4640.540     4640.550     4656.820     4656.820
   220:     4656.820     4656.830     4656.830     4666.820     4666.830
   225:     4717.750     4754.830     4772.060     4898.430     4898.430
   230:     4898.430     4898.440     4898.440     4901.360     4901.360
   235:     4908.430     4908.440     4958.800     4963.600     5031.470
   240:     5061.050     5061.600     5093.900     5125.050     5157.130
   245:     5157.130     5157.130     5157.140     5157.140     5167.130
   250:     5167.140     5178.680     5210.770     5390.660     5390.660
   255:     5390.660     5390.670     5390.670     5393.510     5393.750
   260:     5400.660     5400.670     5486.970     5489.510     5492.140
   265:     5493.160     5580.500     5580.500     5580.500     5580.510
   270:     5580.510     5590.500     5590.510     5656.310     5665.460
   275:     5665.460     5665.460     5665.470     5665.470     5675.460
   280:     5675.470     5677.800     5678.420     5678.770     5678.970
   285:     5679.050     5702.690     5702.690     5702.690     5702.700
   290:     5702.700     5712.690     5712.700     5755.630     5966.960
   295:     6031.040     6032.710     6057.660     6060.060     6060.060
   300:     6060.060     6060.070     6060.070     6063.530     6070.060
   305:     6070.070     6171.910     6324.920     6324.920     6324.920
   310:     6324.930     6324.930     6326.920     6327.060     6327.510
   315:     6329.460     6329.460     6334.920     6334.930     6504.470
   320:     6504.470     6504.470     6504.480     6504.480     6514.470
   325:     6514.480     6621.640     6621.640     6621.640     6621.650
   330:     6621.650     6631.640     6631.650     6632.510     6633.560
   335:     6742.620     6742.620     6742.620     6742.630     6742.630
   340:     6752.620     6752.630     6798.010     6801.340     6888.440
   345:     7004.980     7093.310     7098.370     7098.370     7098.370
   350:     7098.380     7098.380     7108.370     7108.380     7395.670
   355:     7395.670     7395.670     7395.680     7395.680     7405.670
   360:     7405.680     7513.240     7564.400     7564.400     7564.400
   365:     7564.410     7564.410     7574.400     7574.410     7640.200
   370:     7667.650     7756.330     7756.330     7756.330     7756.340
   375:     7756.340     7766.330     7766.340     7773.300     7773.670
   380:     7773.830     7774.160     7994.950     8022.050     8023.620
   385:     8028.010     8028.860     8029.780     8058.180     8058.570
   390:     8113.620     8113.620     8113.620     8113.630     8113.630
   395:     8115.760     8115.760     8123.620     8123.630     8159.340
   400:     8160.180     8171.350     8171.730     8317.390     8323.970
   405:     8324.100     8325.980     8406.880     8463.650     8463.840
   410:     8473.970     8474.080     8784.600     8784.600     8784.600
   415:     8784.610     8784.610     8786.280     8786.480     8788.150
   420:     8788.150     8794.600     8794.610     8796.520     8796.520
   425:     8796.520     8796.530     8796.530     8806.520     8806.530
   430:     8869.380     8872.220     8872.220     8872.220     8872.230
   435:     8872.230     8872.300     8872.300     8873.660     8873.660
   440:     8882.220     8882.230     9019.050     9055.480     9058.060
   445:     9058.060     9058.060     9058.070     9058.070     9068.060
   450:     9068.070     9095.090     9095.360     9224.570     9298.550
   455:     9331.060     9332.320     9332.320     9332.320     9332.330
   460:     9332.330     9341.340     9342.320     9342.330     9343.540
   465:     9368.560     9369.240     9493.280     9493.340     9515.490
   470:     9526.130     9528.770     9538.060     9547.310     9658.470
   475:     9818.340     9818.340     9818.340     9818.350     9818.350
   480:     9828.340     9828.350     9904.210     9949.800     9951.000
   485:     9979.630     9979.940     9980.000     9980.780    10063.360
   490:    10063.360    10063.360    10063.370    10063.370    10073.360
   495:    10073.370    10094.870    10105.490    10214.840    10214.840
   500:    10214.840    10214.850    10214.850    10224.840    10224.850
   505:    10228.720    10228.720    10228.720    10228.730    10228.730
   510:    10238.720    10238.730    10240.620    10398.400    10399.390
   515:    10421.120    10496.140    10496.830    10498.160    10502.010
   520:    10502.820    10519.570    10619.800    10620.430    10624.530
   525:    10624.530    10624.530    10624.540    10624.540    10634.530
   530:    10634.540    10796.580    10797.090    10800.000
