File: C:\MED-PC IV\DATA\!2025-02-28_12h51m.Subject 72



Start Date: 02/28/25
End Date: 02/28/25
Subject: 72
Experiment: OralFentSA
Group: One
Box: 8
Start Time: 12:51:57
End Time: 15:52:10
MSN: Golden_Liq_SelfAdmin
F:       0.000
G:     835.000
H:   10800.010
I:       0.000
J:       0.000
K:       0.000
L:       0.000
M:       0.000
N:       0.000
O:       0.000
P:       0.000
Q:       0.000
R:       0.000
S:       0.000
U:       0.000
V:       0.000
W:       0.000
X:       0.000
Y:       0.000
Z:       0.000
A:
     0:        0.000        0.000      180.000        4.000        0.000
     5:        5.000        0.000        5.000        0.000        0.000
    10:        1.000        0.000       10.000 100000000.00       23.000
    15:       15.000      640.000        0.000        0.000        0.000
    20:        0.000
B:
     0:        0.000        0.000        0.000      400.000        0.000
     5:      500.000        0.000      500.000        0.000        0.000
    10:        0.000        0.000     1000.000 10000000000.        0.000
    15:        0.000        0.000        0.000        0.000        0.000
    20:        0.000
C:
     0:       17.000       18.000        0.000       20.000      579.000
     5:    10671.650        3.460       13.000      268.050       20.619
    10:       20.000        8.000        0.000        0.000        0.000
    15:        0.000        0.000        0.000        0.000        0.000
    20:        0.000
D:
     0:        0.970        3.070       53.050        2.880       10.980
     5:        3.620        4.560        7.860        3.830       38.390
    10:       28.180      107.200        3.460
E:
     0:       19.000       11.000       26.000       27.000        2.000
     5:        4.000       22.000       24.000       12.000       13.000
    10:        8.000        5.000       17.000       18.000       14.000
    15:       10.000       19.000       11.000        2.000        4.000
    20:       22.000       24.000       12.000       13.000        8.000
    25:        5.000       17.000       18.000       14.000       10.000
    30:       19.000       11.000        2.000        4.000       22.000
    35:       24.000       12.000       13.000        8.000        5.000
    40:       17.000       18.000       14.000       10.000       19.000
    45:       11.000        2.000        4.000       22.000       24.000
    50:       12.000       13.000        8.000        5.000       17.000
    55:        6.000        6.000        6.000       18.000       14.000
    60:       10.000       19.000       11.000        6.000       23.000
    65:        2.000        4.000       22.000       24.000       12.000
    70:       13.000        8.000        5.000       17.000        6.000
    75:       18.000       14.000       10.000       19.000       11.000
    80:        6.000        6.000        6.000        6.000        6.000
    85:        6.000        2.000        4.000       22.000       24.000
    90:       12.000       13.000        8.000        5.000       17.000
    95:       18.000       14.000       10.000       19.000       11.000
   100:       23.000       23.000        6.000        6.000        6.000
   105:        2.000        4.000       22.000       24.000       12.000
   110:       13.000        8.000        5.000       17.000        6.000
   115:       18.000       14.000       10.000       19.000       11.000
   120:        2.000        4.000       22.000       24.000       12.000
   125:       13.000        8.000        5.000       17.000       18.000
   130:       14.000       10.000       19.000       11.000        6.000
   135:        6.000        6.000        6.000        6.000        6.000
   140:        6.000        6.000        6.000        6.000        6.000
   145:        6.000        6.000        6.000        6.000        6.000
   150:        6.000        6.000        6.000        6.000        6.000
   155:        6.000        6.000        6.000        6.000        6.000
   160:        6.000        6.000        6.000        6.000        6.000
   165:        6.000        6.000        6.000        6.000        6.000
   170:        6.000        6.000        6.000        6.000        6.000
   175:        6.000        6.000        6.000        6.000        6.000
   180:        6.000        6.000        6.000        6.000        6.000
   185:        6.000        6.000        6.000        6.000        6.000
   190:        6.000        6.000        6.000        6.000        6.000
   195:        6.000        6.000        6.000        6.000        6.000
   200:        6.000        6.000        6.000        6.000        6.000
   205:        6.000        6.000        6.000        6.000        6.000
   210:        6.000        6.000        6.000        6.000        6.000
   215:        6.000        6.000        6.000        6.000        6.000
   220:        6.000        6.000        6.000        6.000        6.000
   225:        6.000        6.000        6.000        6.000        6.000
   230:        6.000        6.000        6.000        6.000        6.000
   235:        6.000        6.000        6.000        6.000        6.000
   240:        6.000        6.000        6.000        6.000        6.000
   245:        6.000        6.000        6.000        6.000        6.000
   250:        6.000        6.000        6.000        6.000        6.000
   255:        6.000        6.000        6.000        6.000        6.000
   260:        6.000        6.000        6.000        6.000        6.000
   265:        6.000        6.000        6.000        6.000        6.000
   270:        6.000        6.000        6.000        6.000        6.000
   275:        6.000        6.000        6.000        6.000        6.000
   280:        6.000        6.000        6.000        6.000        6.000
   285:        6.000        6.000        6.000        6.000        6.000
   290:        6.000        6.000        6.000        6.000        6.000
   295:        6.000        6.000        6.000        6.000        6.000
   300:        6.000        6.000       23.000        6.000        6.000
   305:        6.000        6.000        2.000        4.000       22.000
   310:       24.000       12.000       13.000        8.000        5.000
   315:       17.000       18.000       14.000       10.000       19.000
   320:       11.000        2.000        4.000       22.000       24.000
   325:       12.000       13.000        8.000        5.000       17.000
   330:        6.000       18.000       14.000       10.000        6.000
   335:       19.000       11.000        6.000        6.000        6.000
   340:        6.000        6.000        6.000        6.000        6.000
   345:        6.000        6.000        6.000        6.000        6.000
   350:        6.000        6.000        6.000        6.000        6.000
   355:        6.000        6.000        6.000        6.000        6.000
   360:        6.000        6.000        6.000        6.000        6.000
   365:        6.000        6.000        6.000        6.000        6.000
   370:        6.000        6.000        6.000        6.000        6.000
   375:        6.000        6.000        6.000        6.000        6.000
   380:        6.000        6.000        6.000        6.000        6.000
   385:        6.000        6.000        6.000        6.000        6.000
   390:        6.000        6.000        6.000        6.000        6.000
   395:        6.000        6.000        6.000        6.000        6.000
   400:        6.000        6.000        6.000        6.000        6.000
   405:        6.000        6.000        6.000        6.000        6.000
   410:        6.000        6.000        6.000        6.000        6.000
   415:        6.000        6.000        6.000        6.000        6.000
   420:        6.000        6.000        6.000        6.000        6.000
   425:        6.000        6.000        6.000        6.000        6.000
   430:        6.000        6.000        6.000        6.000        6.000
   435:        6.000        6.000        6.000        6.000        6.000
   440:        6.000        6.000        6.000        6.000        6.000
   445:        6.000        6.000        6.000        6.000        6.000
   450:        6.000        6.000        6.000        6.000        6.000
   455:        6.000        6.000        6.000        6.000        6.000
   460:        6.000        6.000        6.000        6.000        6.000
   465:        6.000        6.000        6.000        6.000        6.000
   470:        6.000        6.000        6.000        6.000        6.000
   475:        6.000        6.000        6.000        6.000        6.000
   480:        6.000        6.000        6.000        6.000        6.000
   485:        6.000        6.000        6.000        6.000        6.000
   490:        6.000        6.000        6.000        6.000        6.000
   495:        6.000        6.000        6.000        6.000        6.000
   500:        6.000        6.000        6.000        6.000        6.000
   505:        6.000        6.000        6.000        6.000        6.000
   510:        6.000        6.000        6.000        6.000        6.000
   515:        6.000        6.000        6.000        6.000        6.000
   520:        6.000        6.000        6.000        6.000        6.000
   525:        6.000        6.000        6.000        6.000        6.000
   530:        6.000        6.000        6.000        6.000        6.000
   535:        6.000        6.000        6.000        6.000        6.000
   540:        6.000        6.000        6.000        6.000        6.000
   545:        6.000        6.000        6.000        6.000        6.000
   550:        6.000        6.000        6.000        6.000        6.000
   555:        6.000        6.000        6.000        6.000        6.000
   560:        6.000        6.000        6.000        6.000        6.000
   565:        6.000        6.000        6.000        6.000        6.000
   570:        6.000        6.000        6.000        6.000        6.000
   575:        6.000        6.000        6.000        6.000        6.000
   580:        6.000        6.000        6.000        6.000        6.000
   585:        6.000        6.000        6.000        6.000        6.000
   590:        6.000        6.000        6.000        6.000        6.000
   595:        6.000        6.000        6.000        6.000        6.000
   600:        6.000       23.000        6.000        6.000        6.000
   605:        6.000        6.000        6.000        6.000        6.000
   610:        6.000        6.000        6.000        6.000        6.000
   615:        6.000        6.000        6.000        6.000        6.000
   620:        6.000        6.000        6.000        6.000        6.000
   625:        6.000        6.000        6.000        6.000        6.000
   630:        6.000        6.000        6.000        6.000        6.000
   635:        6.000        6.000        6.000        6.000        6.000
   640:        6.000        6.000        6.000        6.000        6.000
   645:        6.000        6.000        6.000        6.000        6.000
   650:        6.000        2.000        4.000       22.000       24.000
   655:       12.000       13.000        8.000        5.000       17.000
   660:       21.000       22.000       18.000        6.000       14.000
   665:       10.000       19.000       11.000        6.000       23.000
   670:       23.000       23.000        6.000        6.000        6.000
   675:        6.000        6.000        2.000        4.000       22.000
   680:       24.000       12.000       13.000        8.000        5.000
   685:       17.000       18.000       14.000       10.000        6.000
   690:       19.000       11.000        6.000        6.000        6.000
   695:        6.000        6.000        6.000        2.000        4.000
   700:       22.000       24.000       12.000       13.000        8.000
   705:        5.000       17.000        6.000       18.000        6.000
   710:        6.000       14.000       10.000        6.000       19.000
   715:       11.000        6.000        2.000        4.000       22.000
   720:       24.000       12.000       13.000        8.000        5.000
   725:       17.000       18.000       14.000       10.000       19.000
   730:       11.000        6.000        6.000        6.000        6.000
   735:        6.000        6.000        6.000        6.000        6.000
   740:        6.000        6.000        6.000        6.000        6.000
   745:        6.000        6.000        6.000        6.000        6.000
   750:        6.000        6.000        6.000        6.000        6.000
   755:        6.000        6.000        6.000        6.000        6.000
   760:        6.000        6.000        6.000        6.000        6.000
   765:        6.000        6.000        6.000        6.000        6.000
   770:        6.000        6.000        6.000        6.000        6.000
   775:        6.000        6.000        6.000        6.000        2.000
   780:        4.000       22.000       24.000       12.000       13.000
   785:        8.000        5.000       17.000       18.000       14.000
   790:       10.000       19.000       11.000        6.000        2.000
   795:        4.000       22.000       24.000       12.000       13.000
   800:        8.000        5.000       17.000       18.000       14.000
   805:       10.000       19.000       11.000        6.000        6.000
   810:        6.000        2.000        4.000       22.000       24.000
   815:       12.000       13.000        8.000        5.000       17.000
   820:       21.000       22.000       21.000       22.000        6.000
   825:       18.000        6.000       14.000       10.000       19.000
   830:       11.000        6.000        6.000        6.000        6.000
   835:      100.000
T:
     0:        0.000        0.000        0.000        0.000        4.000
     5:        4.000        4.000        4.010        4.010        4.010
    10:        4.010        4.010        4.010        8.010        9.010
    15:        9.010       14.000       14.010       21.790       21.790
    20:       21.790       21.800       21.800       21.800       21.800
    25:       21.800       21.800       25.800       26.800       26.800
    30:       31.790       31.800       70.240       70.240       70.240
    35:       70.250       70.250       70.250       70.250       70.250
    40:       70.250       74.250       75.250       75.250       80.240
    45:       80.250      107.240      107.240      107.240      107.250
    50:      107.250      107.250      107.250      107.250      107.250
    55:      108.220      108.310      110.320      111.250      112.250
    60:      112.250      117.240      117.250      122.580      133.840
    65:      141.460      141.460      141.460      141.470      141.470
    70:      141.470      141.470      141.470      141.470      144.540
    75:      145.470      146.470      146.470      151.460      151.470
    80:      349.100      349.230      477.950      516.850      517.050
    85:      518.940      570.780      570.780      570.780      570.790
    90:      570.790      570.790      570.790      570.790      570.790
    95:      574.790      575.790      575.790      580.780      580.790
   100:      609.800      610.870      623.840      623.950      623.990
   105:      648.520      648.520      648.520      648.530      648.530
   110:      648.530      648.530      648.530      648.530      651.410
   115:      652.530      653.530      653.530      658.520      658.530
   120:      728.710      728.710      728.710      728.720      728.720
   125:      728.720      728.720      728.720      728.720      732.720
   130:      733.720      733.720      738.710      738.720      739.700
   135:      740.840      741.010      741.090      749.710      772.980
   140:      773.010      773.160      777.970      807.820      811.320
   145:      841.260      851.110      854.480      854.510      854.700
   150:      854.870      856.910      857.240      857.280      858.040
   155:      858.240      858.680      858.850      859.110      859.590
   160:      860.940      862.700      863.450      865.730      866.120
   165:      867.200      872.790      874.160      881.500      881.570
   170:      881.650      902.250      923.910      925.870      929.720
   175:      929.980      938.370      938.520      939.470      939.560
   180:      943.380      943.510      943.700      944.070      944.410
   185:      944.550      949.580      949.960      961.900      962.390
   190:      962.420      962.960      969.380      970.640      970.900
   195:      977.820      993.340      993.790      994.700      997.830
   200:      998.770     1912.960     1913.250     1913.370     1922.450
   205:     1922.470     1922.930     1922.970     1928.550     1930.220
   210:     1931.130     1937.770     1938.550     1940.530     1941.930
   215:     1943.630     1943.970     1944.000     1947.200     1947.600
   220:     1950.890     1951.520     1953.840     1954.220     1954.530
   225:     1954.990     1955.050     1955.490     1955.560     1955.890
   230:     1956.300     1963.090     1965.510     1965.630     1966.540
   235:     1969.740     1971.810     1971.920     1972.030     1972.230
   240:     1981.150     1983.870     1984.000     1984.110     1984.370
   245:     1999.130     1999.250     1999.270     1999.300     1999.330
   250:     1999.610     2001.630     2001.980     2002.120     2002.170
   255:     2002.330     2003.550     2004.340     2004.390     2964.020
   260:     2964.310     2965.760     2966.680     2976.550     3034.510
   265:     3035.930     3036.190     3036.440     3038.910     3042.040
   270:     3042.980     3043.670     3043.820     3045.570     3046.990
   275:     3047.310     3047.480     3052.090     3052.550     3054.900
   280:     3057.150     3092.750     3092.840     3092.970     3093.390
   285:     3093.490     3093.730     3096.750     3096.770     3097.340
   290:     3097.360     3104.370     3105.140     3112.760     3113.370
   295:     3118.990     3119.240     3119.390     3119.860     3127.040
   300:     3134.850     3134.880     3149.700     3158.150     3158.330
   305:     3161.020     3162.810     3182.040     3182.040     3182.040
   310:     3182.050     3182.050     3182.050     3182.050     3182.050
   315:     3182.050     3186.050     3187.050     3187.050     3192.040
   320:     3192.050     3195.660     3195.660     3195.660     3195.670
   325:     3195.670     3195.670     3195.670     3195.670     3195.670
   330:     3199.290     3199.670     3200.670     3200.670     3201.800
   335:     3205.660     3205.670     3497.010     3497.600     3519.710
   340:     3637.120     3659.740     3750.930     3751.350     3752.940
   345:     3753.420     3753.750     3755.340     3758.110     3758.380
   350:     3760.430     3760.730     3761.030     3762.000     3762.300
   355:     3762.390     3762.900     3766.350     3767.250     3767.800
   360:     3769.010     3797.370     3819.910     3822.020     3822.420
   365:     3822.730     3823.360     3907.650     3936.010     3936.080
   370:     3936.400     3937.120     3938.760     3938.860     3943.310
   375:     3943.520     3943.610     3943.720     3943.950     4116.310
   380:     4333.350     4356.030     4360.010     4360.900     4361.880
   385:     4362.840     4364.750     4364.960     4366.160     4368.540
   390:     4384.910     4395.000     4397.150     4399.170     4428.650
   395:     4430.960     4433.190     4433.330     4435.520     4451.700
   400:     4452.530     4456.710     4456.940     4620.820     4624.010
   405:     4625.140     4625.240     4625.380     4626.020     4626.540
   410:     4627.140     4628.070     4630.070     4633.210     4634.050
   415:     4634.280     4644.660     4647.600     4679.000     4679.310
   420:     4679.490     4679.870     4689.630     4689.760     4691.470
   425:     4693.650     4696.000     4696.130     4697.340     4697.670
   430:     4698.030     4752.130     4753.580     4753.890     4755.050
   435:     4756.010     5009.530     5009.930     5048.470     5092.040
   440:     5131.350     5133.040     5145.240     5152.390     5172.470
   445:     5175.540     5194.170     5196.190     5196.340     5266.210
   450:     5295.040     5298.360     5298.820     5299.080     5327.680
   455:     5346.520     5436.420     5436.990     5439.610     5441.280
   460:     5441.340     5444.840     5447.600     5448.090     5448.350
   465:     5471.970     5472.530     5492.720     5493.400     5494.120
   470:     5495.120     5495.180     5495.430     5496.690     5499.070
   475:     5499.590     5500.580     5502.840     5506.490     5506.740
   480:     5507.130     5507.170     5507.190     5507.900     5508.270
   485:     5508.570     5641.720     5660.840     5672.200     5673.150
   490:     5674.300     5674.490     5677.380     5678.000     5683.670
   495:     5684.160     5685.240     5685.280     5721.860     5724.410
   500:     5726.770     5728.720     5729.160     5729.260     5789.400
   505:     5796.370     5799.240     5800.040     5801.320     5803.420
   510:     5804.040     5837.590     5837.980     5857.740     5990.450
   515:     6009.280     6025.450     6025.600     6087.150     6088.310
   520:     6090.610     6091.650     6095.350     6095.710     6096.010
   525:     6096.180     6098.560     6098.920     6101.620     6102.040
   530:     6102.090     6102.310     6102.580     6103.060     6103.140
   535:     6111.350     6111.750     6113.660     6114.070     6115.440
   540:     6115.720     6115.920     6116.940     6118.560     6118.890
   545:     6349.970     6447.750     6449.430     6451.040     6451.180
   550:     6451.230     6476.280     6478.690     6490.370     6494.110
   555:     6495.730     6496.080     6496.090     6496.310     6500.540
   560:     6500.930     6501.440     6507.670     6508.260     6511.910
   565:     6515.870     6520.080     6525.070     6525.140     6525.400
   570:     6527.330     6527.510     6527.760     6530.680     6533.170
   575:     6533.320     6535.450     6535.860     6541.000     6592.600
   580:     6596.120     6599.050     7332.810     7333.070     7334.730
   585:     7335.230     7335.410     7335.790     7335.870     7336.240
   590:     7345.010     7348.260     7348.690     7348.850     7349.970
   595:     7355.250     7357.030     7357.610     7358.940     7406.410
   600:     7407.490     7542.800     7570.350     7570.870     7571.370
   605:     7572.270     7573.180     7573.250     7573.290     7573.330
   610:     7573.550     7573.630     7577.820     7578.090     7579.450
   615:     7580.230     7588.080     7591.020     7593.450     7593.820
   620:     7593.850     7593.980     7594.270     7606.600     7608.690
   625:     7609.020     7609.450     7609.490     7609.540     7609.570
   630:     7610.120     7614.150     7614.320     7614.400     7614.550
   635:     7615.030     7629.210     7637.150     7638.890     7735.050
   640:     7735.560     7736.140     7736.160     7736.310     7736.380
   645:     7752.070     7883.540     7884.200     7884.810     7885.610
   650:     7890.300     7986.810     7986.810     7986.810     7986.820
   655:     7986.820     7986.820     7986.820     7986.820     7986.820
   660:     7988.150     7988.150     7990.820     7991.380     7991.820
   665:     7991.820     7996.810     7996.820     8014.830     8038.840
   670:     8041.540     8049.300     8062.520     8203.450     8204.930
   675:     8205.130     9764.480     9900.440     9900.440     9900.440
   680:     9900.450     9900.450     9900.450     9900.450     9900.450
   685:     9900.450     9904.450     9905.450     9905.450     9908.310
   690:     9910.440     9910.450     9991.150     9992.390     9998.380
   695:     9998.540     9998.600    10000.150    10012.160    10012.160
   700:    10012.160    10012.170    10012.170    10012.170    10012.170
   705:    10012.170    10012.170    10016.000    10016.170    10016.280
   710:    10016.540    10017.170    10017.170    10017.170    10022.160
   715:    10022.170    10026.950    10086.780    10086.780    10086.780
   720:    10086.790    10086.790    10086.790    10086.790    10086.790
   725:    10086.790    10090.790    10091.790    10091.790    10096.780
   730:    10096.790    10125.180    10128.200    10128.340    10129.550
   735:    10136.980    10140.080    10140.820    10140.890    10141.050
   740:    10143.310    10144.120    10144.350    10144.760    10146.480
   745:    10148.660    10151.700    10151.920    10151.990    10152.070
   750:    10152.410    10152.450    10197.560    10223.320    10230.480
   755:    10232.260    10239.320    10239.750    10243.340    10243.710
   760:    10246.490    10246.660    10246.920    10248.950    10249.050
   765:    10249.240    10256.520    10263.830    10264.000    10269.480
   770:    10284.320    10285.800    10286.650    10287.290    10287.330
   775:    10288.970    10317.060    10317.700    10409.580    10418.180
   780:    10418.180    10418.180    10418.190    10418.190    10418.190
   785:    10418.190    10418.190    10418.190    10422.190    10423.190
   790:    10423.190    10428.180    10428.190    10446.370    10460.950
   795:    10460.950    10460.950    10460.960    10460.960    10460.960
   800:    10460.960    10460.960    10460.960    10464.960    10465.960
   805:    10465.960    10470.950    10470.960    10568.160    10569.960
   810:    10662.710    10671.640    10671.640    10671.640    10671.650
   815:    10671.650    10671.650    10671.650    10671.650    10671.650
   820:    10671.820    10671.820    10672.970    10672.970    10675.110
   825:    10675.650    10676.020    10676.650    10676.650    10681.640
   830:    10681.650    10710.530    10776.250    10776.650    10778.380
   835:    10800.010
