File: C:\MED-PC\Data\2025-03-12_09h12m_Subject 77.txt


Start Date: 03/12/25
End Date: 03/12/25
Subject: 77
Experiment: OralFentSA
Group: One
Box: 5
Start Time: 09:12:08
End Time: 12:13:28
MSN: 20241014_Golden_Liq_SelfAdmin
F:       0.000
G:     616.000
H:   10800.000
I:       0.000
J:       0.000
K:       0.000
L:       0.000
M:       0.000
N:       0.000
O:       0.000
P:       0.000
Q:       0.000
R:       0.000
S:       0.000
U:       0.000
V:       0.000
W:       0.000
X:       0.000
Y:       0.000
Z:       0.000
A:
     0:        0.000        0.000      180.000        4.000        0.000
     5:        5.000        0.000        5.000        0.000        0.000
    10:        1.000        0.000       10.000  3000000.000       22.000
    15:        8.000      640.000        0.000        0.000        0.000
    20:        0.000
B:
     0:        0.000        0.000        0.000      400.000        0.000
     5:      500.000        0.000      500.000        0.000        0.000
    10:        0.000        0.000     1000.000 300000000.000        0.000
    15:        0.000        0.000        0.000        0.000        0.000
    20:        0.000
C:
     0:       23.000       24.000       12.000       34.000      256.000
     5:     9283.930        2.760       18.000      323.270       17.959
    10:       34.000       12.000        0.000        0.000        0.000
    15:        0.000        0.000        0.000        0.000        0.000
    20:        0.000
D:
     0:       18.880        4.880      105.090        4.970        4.190
     5:        4.040        4.400        1.560       70.240        8.350
    10:       58.740        3.930        3.740        5.840        3.200
    15:        4.870       13.590        2.760
E:
     0:       19.000       11.000       26.000       27.000        2.000
     5:        4.000       22.000       24.000       12.000       13.000
    10:        8.000        5.000       17.000       21.000       22.000
    15:       18.000       14.000       10.000       19.000       11.000
    20:        6.000        2.000        4.000       22.000       24.000
    25:       12.000       13.000        8.000        5.000       17.000
    30:       18.000       14.000       10.000       19.000       11.000
    35:        2.000        4.000       22.000       24.000       12.000
    40:       13.000        8.000        5.000       17.000       18.000
    45:       14.000       10.000       21.000       22.000       21.000
    50:       22.000       19.000       11.000        2.000        4.000
    55:       22.000       24.000       12.000       13.000        8.000
    60:        5.000       17.000       18.000        6.000        6.000
    65:       14.000       10.000       19.000       11.000        6.000
    70:        2.000        4.000       22.000       24.000       12.000
    75:       13.000        8.000        5.000       17.000       21.000
    80:       22.000       18.000       14.000       10.000       19.000
    85:       11.000        2.000        4.000       22.000       24.000
    90:       12.000       13.000        8.000        5.000       17.000
    95:       18.000       14.000       10.000       19.000       11.000
   100:        6.000        2.000        4.000       22.000       24.000
   105:       12.000       13.000        8.000        5.000       17.000
   110:       18.000        6.000       14.000       10.000       19.000
   115:       11.000        2.000        4.000       22.000       24.000
   120:       12.000       13.000        8.000        5.000       17.000
   125:       21.000       22.000       18.000       14.000       10.000
   130:       19.000       11.000        2.000        4.000       22.000
   135:       24.000       12.000       13.000        8.000        5.000
   140:       17.000       18.000        6.000       14.000       10.000
   145:       21.000       22.000       19.000       11.000        1.000
   150:        1.000        1.000        1.000        1.000        1.000
   155:        1.000        2.000        4.000       22.000       24.000
   160:       12.000       13.000        8.000        5.000       17.000
   165:       18.000        6.000       14.000       10.000       19.000
   170:       11.000        6.000        2.000        4.000       22.000
   175:       24.000       12.000       13.000        8.000        5.000
   180:       17.000       18.000        6.000        6.000        6.000
   185:       14.000       10.000       21.000       22.000       19.000
   190:       11.000        1.000        2.000        4.000       22.000
   195:       24.000       12.000       13.000        8.000        5.000
   200:       17.000        6.000       18.000       14.000       10.000
   205:       19.000       11.000        2.000        4.000       22.000
   210:       24.000       12.000       13.000        8.000        5.000
   215:       17.000       18.000       14.000       10.000       19.000
   220:       11.000        6.000        6.000        6.000        6.000
   225:        6.000        6.000        6.000        6.000        6.000
   230:        1.000        1.000        6.000        6.000        1.000
   235:        6.000        6.000        6.000        6.000        6.000
   240:        6.000        6.000        6.000        6.000        6.000
   245:        6.000        2.000        4.000       22.000       24.000
   250:       12.000       13.000        8.000        5.000       17.000
   255:       18.000       14.000       10.000       19.000       11.000
   260:        2.000        4.000       22.000       24.000       12.000
   265:       13.000        8.000        5.000       17.000       18.000
   270:       14.000       10.000        6.000       19.000       11.000
   275:        6.000        6.000        6.000        2.000        4.000
   280:       22.000       24.000       12.000       13.000        8.000
   285:        5.000       17.000       18.000       14.000       10.000
   290:       19.000       11.000        6.000        2.000        4.000
   295:       22.000       24.000       12.000       13.000        8.000
   300:        5.000       17.000        6.000       18.000       14.000
   305:       10.000       21.000       22.000       19.000       11.000
   310:        6.000        6.000        1.000        6.000        6.000
   315:        6.000        6.000        6.000        2.000        4.000
   320:       22.000       24.000       12.000       13.000        8.000
   325:        5.000       17.000        6.000       18.000       21.000
   330:       22.000       14.000       10.000       19.000       11.000
   335:        6.000        2.000        4.000       22.000       24.000
   340:       12.000       13.000        8.000        5.000       17.000
   345:       21.000       22.000       18.000       14.000       10.000
   350:        6.000       19.000       11.000        6.000        6.000
   355:        6.000        6.000        6.000        6.000        6.000
   360:        6.000        6.000        6.000        6.000        6.000
   365:        6.000        6.000        2.000        4.000       22.000
   370:       24.000       12.000       13.000        8.000        5.000
   375:       17.000       21.000       22.000        6.000       18.000
   380:       14.000       10.000       19.000       11.000        6.000
   385:        6.000        6.000        6.000        6.000        6.000
   390:        6.000        6.000        6.000        6.000        6.000
   395:        6.000        6.000        6.000        6.000        6.000
   400:        6.000        6.000        6.000        6.000        6.000
   405:        6.000        6.000        6.000        6.000        6.000
   410:        6.000        6.000        6.000        6.000        6.000
   415:        6.000        6.000        6.000        6.000        6.000
   420:        6.000        6.000        6.000        6.000        6.000
   425:        6.000        6.000        6.000        6.000        6.000
   430:        6.000        6.000        6.000        6.000        6.000
   435:        6.000        6.000        6.000        6.000        6.000
   440:        6.000        6.000        6.000        2.000        4.000
   445:       22.000       24.000       12.000       13.000        8.000
   450:        5.000       17.000       18.000        6.000       14.000
   455:       10.000        6.000        6.000        6.000        6.000
   460:       19.000       11.000        6.000        6.000        6.000
   465:        6.000        6.000        6.000        6.000        6.000
   470:        6.000        6.000        6.000        6.000        6.000
   475:        6.000        6.000        6.000        6.000        6.000
   480:        6.000        6.000        6.000        6.000        6.000
   485:        6.000        6.000        6.000        6.000        6.000
   490:        6.000        6.000        6.000        2.000        4.000
   495:       22.000       24.000       12.000       13.000        8.000
   500:        5.000       17.000       18.000       14.000       10.000
   505:       19.000       11.000        6.000        6.000        6.000
   510:        6.000        6.000        6.000        6.000        6.000
   515:        6.000        6.000        6.000        6.000        6.000
   520:        6.000        6.000        6.000        6.000        6.000
   525:        6.000        6.000        6.000        6.000        6.000
   530:        6.000        6.000        6.000        6.000        2.000
   535:        4.000       22.000       24.000       12.000       13.000
   540:        8.000        5.000       17.000        6.000       18.000
   545:       14.000       10.000       19.000       11.000        6.000
   550:        6.000        6.000        6.000        6.000        6.000
   555:        6.000        6.000        6.000        6.000        6.000
   560:        6.000        6.000        6.000        6.000        6.000
   565:        6.000        6.000        6.000        6.000        6.000
   570:        6.000        6.000        6.000        6.000        6.000
   575:        6.000        6.000        6.000        6.000        6.000
   580:        6.000        6.000        6.000        6.000        6.000
   585:        6.000        6.000        6.000        6.000        6.000
   590:        6.000        6.000        6.000        6.000        6.000
   595:        6.000        6.000        6.000        6.000        6.000
   600:        6.000        6.000        6.000        6.000        6.000
   605:        6.000        6.000        6.000        6.000        6.000
   610:        6.000        6.000        6.000        6.000        6.000
   615:        6.000      100.000
T:
     0:        0.000        0.000        0.000        0.000        1.790
     5:        1.790        1.790        1.800        1.800        1.800
    10:        1.800        1.800        1.800        4.210        4.210
    15:        5.800        6.800        6.800       11.790       11.800
    20:       20.680       78.710       78.710       78.710       78.720
    25:       78.720       78.720       78.720       78.720       78.720
    30:       82.720       83.720       83.720       88.710       88.720
    35:       89.300       89.300       89.300       89.310       89.310
    40:       89.310       89.310       89.310       89.310       93.310
    45:       94.310       94.310       95.140       95.140       95.680
    50:       95.680       99.300       99.310      101.800      101.800
    55:      101.800      101.810      101.810      101.810      101.810
    60:      101.810      101.810      105.810      106.690      106.780
    65:      106.810      106.810      111.800      111.810      127.840
    70:      129.570      129.570      129.570      129.580      129.580
    75:      129.580      129.580      129.580      129.580      129.970
    80:      129.970      133.580      134.580      134.580      139.570
    85:      139.580      212.200      212.200      212.200      212.210
    90:      212.210      212.210      212.210      212.210      212.210
    95:      216.210      217.210      217.210      222.200      222.210
   100:      317.300      332.100      332.100      332.100      332.110
   105:      332.110      332.110      332.110      332.110      332.110
   110:      336.110      337.080      337.110      337.110      342.100
   115:      342.110      362.380      362.380      362.380      362.390
   120:      362.390      362.390      362.390      362.390      362.390
   125:      363.030      363.030      366.390      367.390      367.390
   130:      372.380      372.390      390.720      390.720      390.720
   135:      390.730      390.730      390.730      390.730      390.730
   140:      390.730      394.730      394.920      395.730      395.730
   145:      397.990      397.990      400.720      400.730      416.340
   150:      421.300      422.640      423.100      423.270      424.370
   155:      424.860      442.650      442.650      442.650      442.660
   160:      442.660      442.660      442.660      442.660      442.660
   165:      446.660      446.700      447.660      447.660      452.650
   170:      452.660      582.330      723.220      723.220      723.220
   175:      723.230      723.230      723.230      723.230      723.230
   180:      723.230      727.230      727.630      727.770      728.110
   185:      728.230      728.230      729.940      729.940      733.220
   190:      733.230      806.530      893.570      893.570      893.570
   195:      893.580      893.580      893.580      893.580      893.580
   200:      893.580      895.140      897.580      898.580      898.580
   205:      903.570      903.580      916.210      916.210      916.210
   210:      916.220      916.220      916.220      916.220      916.220
   215:      916.220      920.220      921.220      921.220      926.210
   220:      926.220      986.460      989.420      992.500      998.880
   225:      998.900     1001.260     1002.900     1007.260     1027.860
   230:     1058.270     1061.540     1079.420     1079.550     1162.710
   235:     1169.490     1178.190     1188.370     1191.330     1191.760
   240:     1192.190     1192.490     1196.120     1196.450     1201.880
   245:     1422.950     1446.530     1446.530     1446.530     1446.540
   250:     1446.540     1446.540     1446.540     1446.540     1446.540
   255:     1450.540     1451.540     1451.540     1456.530     1456.540
   260:     1468.070     1468.070     1468.070     1468.080     1468.080
   265:     1468.080     1468.080     1468.080     1468.080     1472.080
   270:     1473.080     1473.080     1476.430     1478.070     1478.080
   275:     1531.960     1532.100     1544.190     1586.890     1586.890
   280:     1586.890     1586.900     1586.900     1586.900     1586.900
   285:     1586.900     1586.900     1590.900     1591.900     1591.900
   290:     1596.890     1596.900     1645.640     1654.270     1654.270
   295:     1654.270     1654.280     1654.280     1654.280     1654.280
   300:     1654.280     1654.280     1658.210     1658.280     1659.280
   305:     1659.280     1659.820     1659.820     1664.270     1664.280
   310:     1725.000     1817.840     1910.340     1915.420     1915.970
   315:     1916.110     1916.920     1917.790     1919.230     1919.230
   320:     1919.230     1919.240     1919.240     1919.240     1919.240
   325:     1919.240     1919.240     1922.980     1923.240     1924.050
   330:     1924.050     1924.240     1924.240     1929.230     1929.240
   335:     1977.320     1978.260     1978.260     1978.260     1978.270
   340:     1978.270     1978.270     1978.270     1978.270     1978.270
   345:     1979.020     1979.020     1982.270     1983.270     1983.270
   350:     1984.110     1988.260     1988.270     1995.820     1997.040
   355:     1997.460     1998.680     2000.890     2001.650     2009.390
   360:     2014.180     2024.280     2027.770     2039.960     2040.030
   365:     2052.840     2052.920     2061.960     2061.960     2061.960
   370:     2061.970     2061.970     2061.970     2061.970     2061.970
   375:     2061.970     2062.110     2062.110     2065.170     2065.970
   380:     2066.970     2066.970     2071.960     2071.970     2077.420
   385:     2078.120     2557.300     2840.330     2924.920     3131.240
   390:     3154.630     3155.160     3180.450     3623.510     3636.660
   395:     3653.430     3669.490     3669.690     3672.780     3673.810
   400:     3795.280     3806.170     4271.460     4271.720     4302.750
   405:     4303.350     4313.510     4361.610     4361.840     4392.800
   410:     4393.650     4394.310     4395.110     4444.780     4445.210
   415:     4446.470     4447.280     4451.750     4451.960     4452.390
   420:     4454.520     4456.690     4457.120     4457.570     4457.760
   425:     4458.900     4459.240     4459.760     4460.590     4461.690
   430:     4462.600     4464.910     4466.070     4467.580     4468.310
   435:     4468.760     4471.170     4472.630     4540.640     4540.800
   440:     4541.030     4541.110     4541.330     4542.890     4542.890
   445:     4542.890     4542.900     4542.900     4542.900     4542.900
   450:     4542.900     4542.900     4546.900     4547.770     4547.900
   455:     4547.900     4548.350     4548.820     4550.270     4551.070
   460:     4552.890     4552.900     4553.540     4554.370     4557.280
   465:     4558.470     4558.690     4559.620     4560.720     4562.050
   470:     4562.260     4562.630     4562.870     4568.560     4572.790
   475:     4573.030     4574.070     4575.250     4575.830     4576.230
   480:     5933.420     5935.070     6834.730     6848.410     6848.640
   485:     6969.010     6971.600     6972.020     6973.170     6975.310
   490:     6975.590     6976.060     6993.040     6994.770     6994.770
   495:     6994.770     6994.780     6994.780     6994.780     6994.780
   500:     6994.780     6994.780     6998.780     6999.780     6999.780
   505:     7004.770     7004.780     7008.370     7027.680     7033.360
   510:     7048.710     7069.120     7069.250     7101.900     7106.480
   515:     7217.410     7341.140     7587.630     7868.620     7920.680
   520:     7921.750     7934.530     7938.880     8605.190     8616.180
   525:     9112.570     9118.520     9128.010     9129.170     9131.480
   530:     9173.300     9173.730     9234.080     9260.210     9283.920
   535:     9283.920     9283.920     9283.930     9283.930     9283.930
   540:     9283.930     9283.930     9283.930     9286.690     9287.930
   545:     9288.930     9288.930     9293.920     9293.930     9316.260
   550:     9329.980     9333.940     9345.740     9346.450     9346.620
   555:     9347.280     9348.220     9348.830     9350.070     9350.840
   560:     9352.180     9364.310     9368.120     9370.210     9372.040
   565:     9372.480     9373.310     9374.040     9376.360     9377.380
   570:     9377.640     9378.170     9381.140     9382.360     9384.720
   575:     9385.800     9390.760     9398.120     9401.650     9402.780
   580:     9403.040     9403.730     9408.440     9409.120     9416.750
   585:     9417.160     9433.630     9434.360     9435.170     9436.040
   590:     9446.560     9451.160     9451.480     9454.270     9454.950
   595:     9455.960     9467.910     9469.770     9469.850     9471.380
   600:     9472.010     9474.710     9476.370     9504.890     9508.590
   605:     9508.770     9509.070     9509.740     9528.190    10663.880
   610:    10672.540    10673.010    10690.550    10791.680    10792.420
   615:    10793.060    10800.000
