File: C:\MED-PC IV\DATA\!2025-03-17_12h46m.Subject 69



Start Date: 03/17/25
End Date: 03/17/25
Subject: 69
Experiment: OralFentSA
Group: One
Box: 5
Start Time: 12:46:28
End Time: 15:46:45
MSN: Golden_Liq_SelfAdmin_EXT
F:       0.000
G:     612.000
H:   10800.010
I:       0.000
J:       0.000
K:       0.000
L:       0.000
M:       0.000
N:       0.000
O:       0.000
P:       0.000
Q:       0.000
R:       0.000
S:       0.000
U:       0.000
V:       0.000
W:       0.000
X:       0.000
Y:       0.000
Z:       0.000
A:
     0:        0.000        0.000      180.000        4.000        0.000
     5:        5.000        0.000        5.000        0.000        0.000
    10:        1.000        0.000       10.000 100000000.00       24.000
    15:       26.000      640.000        0.000        0.000        0.000
    20:        0.000
B:
     0:        0.000        0.000        0.000        0.000        0.000
     5:        0.000        0.000        0.000        0.000        0.000
    10:        0.000        0.000     1000.000 10000000000.        0.000
    15:        0.000        0.000        0.000        0.000        0.000
    20:        0.000
C:
     0:        0.000       40.000        0.000       51.000      315.000
     5:    10613.860      117.350       30.000     2897.660       96.589
    10:       51.000       35.000        0.000        0.000        0.000
    15:        0.000        0.000        0.000        0.000        0.000
    20:        0.000
D:
     0:       66.050       19.870       13.750       68.350      393.070
     5:       55.540        4.190      131.280      200.790       59.510
    10:      144.350       54.060       44.550       39.420      136.320
    15:      156.830       50.550       43.150       39.780       58.870
    20:      366.320       51.240       14.410       36.790        1.550
    25:       33.020       34.170      451.600       10.930      117.350
E:
     0:       19.000       11.000       26.000       27.000       23.000
     5:        2.000        4.000       22.000       24.000       19.000
    10:       11.000        6.000        6.000        6.000        6.000
    15:        6.000        6.000        6.000        6.000        6.000
    20:        6.000        6.000        6.000        6.000        6.000
    25:        6.000        6.000        2.000        4.000       22.000
    30:       24.000       19.000       11.000        6.000        6.000
    35:        6.000        6.000        6.000        6.000        6.000
    40:        6.000        6.000        6.000        6.000        6.000
    45:        2.000        4.000       22.000       24.000       19.000
    50:       11.000        2.000        4.000       22.000       24.000
    55:       19.000       11.000        6.000        6.000        6.000
    60:        6.000        6.000        6.000        6.000        6.000
    65:        6.000        6.000        6.000        6.000        6.000
    70:        6.000        6.000        6.000        6.000        6.000
    75:        6.000        6.000        6.000        6.000        6.000
    80:        6.000        6.000        6.000        6.000        6.000
    85:        6.000        6.000        6.000        6.000        6.000
    90:        6.000        6.000        6.000        6.000        6.000
    95:        6.000        6.000        6.000        2.000        4.000
   100:       22.000       24.000       19.000       11.000        6.000
   105:       23.000        6.000        6.000        6.000        6.000
   110:        6.000        2.000        4.000       22.000       24.000
   115:       19.000       11.000        6.000        6.000        6.000
   120:        6.000        6.000        6.000       23.000        6.000
   125:        2.000        4.000       22.000       24.000       19.000
   130:       11.000        2.000        4.000       22.000       24.000
   135:       19.000       11.000        6.000        6.000        6.000
   140:        6.000        6.000        6.000        6.000        6.000
   145:        6.000        6.000        6.000        6.000        6.000
   150:        6.000        6.000        2.000        4.000       22.000
   155:       24.000        6.000       21.000       22.000       19.000
   160:       11.000        2.000        4.000       22.000       24.000
   165:       19.000       11.000        6.000        6.000        6.000
   170:        6.000        2.000        4.000       22.000       24.000
   175:       21.000       22.000       21.000       22.000       19.000
   180:       11.000       23.000       23.000        6.000        6.000
   185:       23.000       23.000       23.000        6.000        6.000
   190:        6.000        6.000        6.000        6.000        6.000
   195:        6.000        2.000        4.000       22.000       24.000
   200:       19.000       11.000        2.000        4.000       22.000
   205:       24.000       21.000       22.000       21.000       22.000
   210:       21.000       22.000       21.000       22.000       19.000
   215:       11.000        6.000        2.000        4.000       22.000
   220:       24.000       19.000       11.000       23.000       23.000
   225:       23.000       23.000       23.000        6.000        6.000
   230:        6.000        6.000        6.000        6.000        6.000
   235:        6.000        6.000        6.000        2.000        4.000
   240:       22.000       24.000       19.000       11.000        2.000
   245:        4.000       22.000       24.000       19.000       11.000
   250:       23.000        6.000        2.000        4.000       22.000
   255:       24.000       19.000       11.000        2.000        4.000
   260:       22.000       24.000       19.000       11.000        6.000
   265:        2.000        4.000       22.000       24.000       21.000
   270:       22.000       19.000       11.000        6.000        6.000
   275:        6.000        6.000        6.000        6.000        6.000
   280:        6.000        6.000        6.000        6.000        6.000
   285:        6.000        6.000       23.000       23.000       23.000
   290:       23.000       23.000        2.000        4.000       22.000
   295:       24.000       21.000       22.000       19.000       11.000
   300:        6.000        2.000        4.000       22.000       24.000
   305:       19.000       11.000       23.000       23.000       23.000
   310:       23.000        6.000        6.000        6.000        6.000
   315:        2.000        4.000       22.000       24.000       19.000
   320:       11.000        2.000        4.000       22.000       24.000
   325:       19.000       11.000        6.000        6.000        6.000
   330:        6.000        6.000        6.000        6.000        6.000
   335:        6.000        2.000        4.000       22.000       24.000
   340:       19.000       11.000        6.000        2.000        4.000
   345:       22.000       24.000       19.000       11.000        6.000
   350:        6.000        6.000        2.000        4.000       22.000
   355:       24.000       19.000       11.000        6.000       23.000
   360:        6.000        6.000        6.000        6.000        6.000
   365:        6.000        6.000        2.000        4.000       22.000
   370:       24.000       19.000       11.000        2.000        4.000
   375:       22.000       24.000       19.000       11.000        6.000
   380:        6.000        6.000        6.000        6.000        6.000
   385:        6.000        6.000        6.000        6.000        6.000
   390:        6.000        6.000        6.000        6.000        2.000
   395:        4.000       22.000       24.000       19.000       11.000
   400:        2.000        4.000       22.000       24.000       23.000
   405:       19.000       11.000        6.000        6.000        6.000
   410:        6.000        6.000        6.000        6.000        6.000
   415:        6.000       23.000        6.000        6.000        6.000
   420:        6.000        6.000        6.000        6.000        6.000
   425:        6.000        6.000        6.000        6.000        6.000
   430:       23.000        6.000        6.000        6.000        6.000
   435:        6.000        6.000        6.000        6.000        6.000
   440:        6.000        6.000        6.000        6.000        6.000
   445:        6.000        6.000        6.000        6.000        6.000
   450:        6.000        6.000        6.000        6.000        6.000
   455:        6.000        6.000        6.000        6.000        6.000
   460:        6.000        6.000        6.000        6.000        6.000
   465:        6.000        6.000        6.000        6.000        6.000
   470:        6.000        2.000        4.000       22.000       24.000
   475:       19.000       11.000        6.000        6.000        6.000
   480:        6.000        6.000        6.000        2.000        4.000
   485:       22.000       24.000       19.000       11.000        6.000
   490:        6.000        6.000       23.000        6.000        6.000
   495:        6.000        6.000        6.000        6.000       23.000
   500:        6.000       23.000       23.000       23.000       23.000
   505:        2.000        4.000       22.000       24.000       19.000
   510:       11.000        2.000        4.000       22.000       24.000
   515:        6.000        6.000       19.000       11.000        6.000
   520:        6.000        6.000        6.000       23.000        6.000
   525:        6.000        6.000        6.000        6.000        6.000
   530:        6.000        6.000        2.000        4.000       22.000
   535:       24.000       19.000       11.000        6.000        6.000
   540:        6.000        2.000        4.000       22.000       24.000
   545:       19.000       11.000        6.000        6.000        6.000
   550:        6.000        6.000        6.000        6.000        6.000
   555:        6.000        6.000        2.000        4.000       22.000
   560:       24.000       21.000       22.000       21.000       22.000
   565:       19.000       11.000       23.000        6.000        6.000
   570:        2.000        4.000       22.000       24.000       19.000
   575:       11.000        6.000        6.000        6.000        6.000
   580:        6.000        6.000        6.000        6.000        6.000
   585:        6.000        6.000        6.000        6.000        6.000
   590:        6.000        6.000        6.000        6.000        6.000
   595:        6.000        6.000        6.000        6.000        6.000
   600:        6.000        6.000        6.000        2.000        4.000
   605:       22.000       24.000       21.000       22.000       19.000
   610:       11.000        6.000      100.000
T:
     0:        0.000        0.000        0.000        0.000       18.060
     5:       91.820       91.820       91.820       91.830      101.820
    10:      101.830      157.880      158.950      159.170      171.410
    15:      267.770      309.360      311.240      314.000      465.460
    20:      465.530      466.400      473.810      474.020      474.620
    25:      552.330      555.090      735.300      735.300      735.300
    30:      735.310      745.300      745.310      755.180      772.140
    35:      776.220      958.530      959.170      959.350      959.770
    40:      961.090      961.130      977.150      979.210      979.240
    45:     1024.660     1024.660     1024.660     1024.670     1034.660
    50:     1034.670     1086.080     1086.080     1086.080     1086.090
    55:     1096.080     1096.090     1099.840     1099.890     1100.000
    60:     1100.880     1101.510     1101.620     1101.710     1102.660
    65:     1102.690     1127.840     1136.400     1137.060     1160.640
    70:     1160.670     1555.870     1555.960     1556.060     1556.340
    75:     1556.530     1556.600     1556.650     1556.810     1556.960
    80:     1557.010     1557.290     1557.720     1562.950     1611.560
    85:     1636.320     1641.600     1653.790     1654.070     1654.310
    90:     1659.820     1734.070     1778.430     1778.750     1778.840
    95:     1779.540     1779.750     1802.640     1811.180     1811.180
   100:     1811.180     1811.190     1821.180     1821.190     1879.540
   105:     1921.860     1963.120     1965.070     1965.190     1965.270
   110:     1965.460     1966.840     1966.840     1966.840     1966.850
   115:     1976.840     1976.850     2359.920     2469.210     2474.030
   120:     2474.140     2474.970     2476.680     2545.600     2559.260
   125:     2560.890     2560.890     2560.890     2560.900     2570.890
   130:     2570.900     2575.690     2575.690     2575.690     2575.700
   135:     2585.690     2585.700     2631.240     2654.180     2654.260
   140:     2680.280     2680.310     2680.830     2680.860     2681.250
   145:     2681.330     2682.280     2682.330     2682.390     2682.450
   150:     2682.730     2682.830     2721.820     2721.820     2721.820
   155:     2721.830     2726.020     2731.220     2731.220     2731.820
   160:     2731.830     2735.120     2735.120     2735.120     2735.130
   165:     2745.120     2745.130     2866.410     3085.040     3108.970
   170:     3223.210     3229.170     3229.170     3229.170     3229.180
   175:     3229.660     3229.660     3236.520     3236.520     3239.170
   180:     3239.180     3298.580     3299.840     3429.970     3430.380
   185:     3441.600     3445.040     3445.430     3451.290     3635.700
   190:     3635.720     3635.760     3635.890     3652.730     3676.170
   195:     3690.270     3698.660     3698.660     3698.660     3698.670
   200:     3708.660     3708.670     3748.920     3748.920     3748.920
   205:     3748.930     3749.000     3749.000     3750.700     3750.700
   210:     3754.460     3754.460     3757.070     3757.070     3758.920
   215:     3758.930     3808.440     3863.080     3863.080     3863.080
   220:     3863.090     3873.080     3873.090     3897.070     3897.250
   225:     3924.580     3924.670     3924.830     4007.440     4007.690
   230:     4047.140     4094.340     4094.860     4097.040     4097.400
   235:     4147.410     4154.940     4413.600     4416.530     4416.530
   240:     4416.530     4416.540     4426.530     4426.540     4491.710
   245:     4491.710     4491.710     4491.720     4501.710     4501.720
   250:     4540.400     4545.780     4650.220     4650.220     4650.220
   255:     4650.230     4660.220     4660.230     4681.550     4681.550
   260:     4681.550     4681.560     4691.550     4691.560     4726.110
   265:     4868.030     4868.030     4868.030     4868.040     4873.710
   270:     4873.710     4878.030     4878.040     4907.460     4907.610
   275:     4911.300     4911.500     4911.570     4912.180     4912.370
   280:     4964.730     4964.880     5212.560     5213.500     5217.140
   285:     5217.270     5223.890     5394.260     5588.660     5588.800
   290:     5588.940     5589.160     5621.780     5621.780     5621.780
   295:     5621.790     5628.480     5628.480     5631.780     5631.790
   300:     5758.110     5839.090     5839.090     5839.090     5839.100
   305:     5849.090     5849.100     5930.230     5934.420     5935.820
   310:     5935.880     5995.930     5996.280     5999.620     6027.790
   315:     6397.680     6397.680     6397.680     6397.690     6407.680
   320:     6407.690     6442.400     6442.400     6442.400     6442.410
   325:     6452.400     6452.410     6492.960     6493.690     6494.450
   330:     6495.070     6495.650     6495.860     6495.970     6504.900
   335:     6552.720     6556.650     6556.650     6556.650     6556.660
   340:     6566.650     6566.660     6599.810     6634.040     6634.040
   345:     6634.040     6634.050     6644.040     6644.050     6673.830
   350:     6676.070     6679.440     6692.610     6692.610     6692.610
   355:     6692.620     6702.610     6702.620     6751.490     6797.760
   360:     6816.190     6826.710     6826.990     6827.130     6829.260
   365:     6842.910     6992.920     7072.800     7072.800     7072.800
   370:     7072.810     7082.800     7082.810     7098.250     7098.250
   375:     7098.250     7098.260     7108.250     7108.260     7464.580
   380:     7464.750     7465.620     7474.660     7477.520     7514.670
   385:     7515.360     7515.430     7516.720     7518.540     7518.750
   390:     7518.870     7520.250     7520.470     7520.730     7549.370
   395:     7549.370     7549.370     7549.380     7559.370     7559.380
   400:     7561.250     7561.250     7561.250     7561.260     7569.630
   405:     7571.250     7571.260     7612.500     7636.760     7648.230
   410:     7648.470     7648.850     7650.130     7713.350     7713.550
   415:     7713.590     7766.260     7823.650     7944.580     7950.970
   420:     7993.470     8025.590     8025.750     8025.810     8026.100
   425:     8259.470     8260.250     8260.410     8269.390     8296.850
   430:     8379.050     8406.060     8406.130     8414.760     8415.200
   435:     8415.280     8417.060     8428.940     8433.530     8438.040
   440:     8439.750     8450.120     8450.240     8450.390     8453.590
   445:     8456.350     8462.960     8464.890     8467.960     8469.540
   450:     8484.740     8487.340     8489.320     8489.430     8489.460
   455:     8493.840     8533.110     8534.400     8535.000     8536.640
   460:     8536.760     8541.030     8541.080     8541.140     8541.190
   465:     8541.620     8541.840     8556.250     8556.300     8557.790
   470:     8557.880     8566.380     8566.380     8566.380     8566.390
   475:     8576.380     8576.390     8580.800     8598.000     8604.160
   480:     8604.250     8605.640     8612.440     8627.960     8627.960
   485:     8627.960     8627.970     8637.960     8637.970     8664.760
   490:     8667.140     8667.190     8675.310     8697.580     8703.810
   495:     8707.680     8708.660     8817.130     8820.670     8827.020
   500:     8885.450     8895.850     8896.290     8897.210     9312.970
   505:     9334.770     9334.770     9334.770     9334.780     9344.770
   510:     9344.780     9404.250     9404.250     9404.250     9404.260
   515:     9405.810     9406.590     9414.250     9414.260     9430.110
   520:     9438.690     9438.940     9444.820     9492.680     9532.460
   525:     9536.590     9618.660     9620.940     9627.940     9628.390
   530:     9670.830     9670.920     9673.530     9673.530     9673.530
   535:     9673.540     9683.530     9683.540     9706.560     9708.020
   540:     9746.020     9761.600     9761.600     9761.600     9761.610
   545:     9771.600     9771.610     9795.780     9868.030     9895.660
   550:     9896.520     9907.060     9910.320     9910.390     9910.500
   555:     9910.680     9911.080     9940.250     9940.250     9940.250
   560:     9940.260     9942.120     9942.120     9947.050     9947.050
   565:     9950.250     9950.260     9988.460    10391.860    10402.430
   570:    10407.220    10407.220    10407.220    10407.230    10417.220
   575:    10417.230    10418.160    10418.470    10419.590    10421.030
   580:    10469.330    10469.650    10469.690    10469.740    10469.760
   585:    10470.080    10470.280    10470.430    10470.620    10502.150
   590:    10548.280    10548.740    10562.990    10563.530    10563.600
   595:    10565.160    10567.310    10567.370    10591.040    10598.030
   600:    10599.890    10602.620    10603.960    10613.850    10613.850
   605:    10613.850    10613.860    10613.950    10613.950    10623.850
   610:    10623.860    10731.210    10800.010
