File: C:\MED-PC IV\DATA\!2025-03-05_08h59m.Subject 57



Start Date: 03/05/25
End Date: 03/05/25
Subject: 57
Experiment: OralFentSA
Group: One
Box: 1
Start Time:  8:59:38
End Time: 11:59:59
MSN: Golden_Liq_SelfAdmin_EXT
F:       0.000
G:     334.000
H:   10800.010
I:       0.000
J:       0.000
K:       0.000
L:       0.000
M:       0.000
N:       0.000
O:       0.000
P:       0.000
Q:       0.000
R:       0.000
S:       0.000
U:       0.000
V:       0.000
W:       0.000
X:       0.000
Y:       0.000
Z:       0.000
A:
     0:        0.000        0.000      180.000        4.000        0.000
     5:        5.000        0.000        5.000        0.000        0.000
    10:        1.000        0.000       10.000 100000000.00       27.000
    15:       18.000      640.000        0.000        0.000        0.000
    20:        0.000
B:
     0:        0.000        0.000        0.000        0.000        0.000
     5:        0.000        0.000        0.000        0.000        0.000
    10:        0.000        0.000     1000.000 10000000000.        0.000
    15:        0.000        0.000        0.000        0.000        0.000
    20:        0.000
C:
     0:        0.000       23.000        0.000       39.000      143.000
     5:    10473.060      141.660       16.000     1665.060      104.066
    10:       39.000       21.000        0.000        0.000        0.000
    15:        0.000        0.000        0.000        0.000        0.000
    20:        0.000
D:
     0:      142.600       19.950      338.660       67.120       10.930
     5:       26.940      229.140        3.250        6.920      145.710
    10:      104.230      225.790        5.000      183.990       13.170
    15:      141.660
E:
     0:       19.000       11.000       26.000       27.000        6.000
     5:        6.000        2.000        4.000       22.000       24.000
    10:       19.000       11.000        6.000        6.000        6.000
    15:        6.000        6.000        6.000        6.000        6.000
    20:        6.000        6.000        6.000        6.000        2.000
    25:        4.000       22.000       24.000       19.000       11.000
    30:        6.000        6.000        6.000        6.000        6.000
    35:        6.000        2.000        4.000       22.000       24.000
    40:       21.000       22.000       19.000       11.000        6.000
    45:        6.000        2.000        4.000       22.000       24.000
    50:       19.000       11.000        6.000        6.000        2.000
    55:        4.000       22.000       24.000       19.000       11.000
    60:        2.000        4.000       22.000       24.000       19.000
    65:       11.000       23.000       23.000        2.000        4.000
    70:       22.000       24.000       19.000       11.000        6.000
    75:        6.000        6.000        6.000        2.000        4.000
    80:       22.000       24.000       19.000       11.000        6.000
    85:        2.000        4.000       22.000       24.000       19.000
    90:       11.000        2.000        4.000       22.000       24.000
    95:       21.000       22.000       21.000       22.000       21.000
   100:       22.000       19.000       11.000        6.000        6.000
   105:        6.000        6.000        6.000        6.000        6.000
   110:        6.000        6.000        6.000        6.000        6.000
   115:       23.000       23.000       23.000       23.000       23.000
   120:       23.000        6.000        6.000        6.000        6.000
   125:        6.000        6.000        6.000        2.000        4.000
   130:       22.000       24.000       21.000       22.000       21.000
   135:       22.000       21.000       22.000       19.000       11.000
   140:        2.000        4.000       22.000       24.000       21.000
   145:       22.000       21.000       22.000       19.000       11.000
   150:        2.000        4.000       22.000       24.000       21.000
   155:       22.000       21.000       22.000       19.000       11.000
   160:       23.000        2.000        4.000       22.000       24.000
   165:       21.000       22.000        6.000       21.000       22.000
   170:       19.000       11.000        6.000        6.000        6.000
   175:        6.000       23.000        6.000        6.000        6.000
   180:        6.000        6.000        6.000        6.000        6.000
   185:        6.000        6.000        6.000        6.000        6.000
   190:        6.000        6.000        6.000        6.000        6.000
   195:        6.000        6.000        6.000        6.000        6.000
   200:        6.000        2.000        4.000       22.000       24.000
   205:        6.000        6.000        6.000       19.000       11.000
   210:        6.000        6.000        6.000        2.000        4.000
   215:       22.000       24.000       21.000       22.000       19.000
   220:       11.000        6.000        6.000        6.000       23.000
   225:       23.000       23.000       23.000       23.000        6.000
   230:        6.000        6.000        2.000        4.000       22.000
   235:       24.000       21.000       22.000       19.000       11.000
   240:        6.000        6.000        6.000        6.000        6.000
   245:        6.000        6.000        6.000        6.000        6.000
   250:        6.000        6.000        6.000        6.000        6.000
   255:        6.000        6.000        6.000        6.000        6.000
   260:        6.000        6.000        6.000       23.000        6.000
   265:        2.000        4.000       22.000       24.000       19.000
   270:       11.000       23.000        6.000        6.000        6.000
   275:        6.000        6.000        6.000        6.000        6.000
   280:        6.000        6.000        6.000        6.000        6.000
   285:        6.000        6.000        2.000        4.000       22.000
   290:       24.000       21.000       22.000        6.000       19.000
   295:       11.000        2.000        4.000       22.000       24.000
   300:       19.000       11.000        6.000       23.000       23.000
   305:       23.000        6.000        6.000        6.000        2.000
   310:        4.000       22.000       24.000       21.000       22.000
   315:       19.000       11.000        6.000        6.000        6.000
   320:        6.000        6.000        6.000        2.000        4.000
   325:       22.000       24.000       19.000       11.000        6.000
   330:        6.000        6.000        6.000       23.000      100.000
T:
     0:        0.000        0.000        0.000        0.000       17.120
     5:       17.620       51.170       51.170       51.170       51.180
    10:       61.170       61.180      193.780      196.370      197.510
    15:      197.990      202.320      202.790      204.010      208.530
    20:      209.020      209.460      209.520      232.220      307.480
    25:      307.480      307.480      307.490      317.480      317.490
    30:      327.440      332.590      334.050      337.120      337.210
    35:      343.810      369.210      369.210      369.210      369.220
    40:      371.280      371.280      379.210      379.220      707.880
    45:      709.560      713.140      713.140      713.140      713.150
    50:      723.140      723.150      780.270      781.330      787.050
    55:      787.050      787.050      787.060      797.050      797.060
    60:      805.830      805.830      805.830      805.840      815.830
    65:      815.840      879.400      879.690      917.830      917.830
    70:      917.830      917.840      927.830      927.840      928.770
    75:      929.220     1267.650     1269.870     1285.390     1285.390
    80:     1285.390     1285.400     1295.390     1295.400     1312.340
    85:     1316.040     1316.040     1316.040     1316.050     1326.040
    90:     1326.050     1336.010     1336.010     1336.010     1336.020
    95:     1338.210     1338.210     1343.580     1343.580     1345.690
   100:     1345.690     1346.010     1346.020     1565.160     1565.440
   105:     1642.070     1642.150     1702.190     1703.430     1704.190
   110:     1706.750     1708.050     1714.410     1716.320     1716.400
   115:     1724.470     1728.050     1731.330     1732.940     1737.490
   120:     1741.380     1919.090     2163.210     2163.770     2164.030
   125:     2438.180     2440.520     2442.550     2477.480     2477.480
   130:     2477.480     2477.490     2479.950     2479.950     2483.710
   135:     2483.710     2486.780     2486.780     2487.480     2487.490
   140:     2493.010     2493.010     2493.010     2493.020     2493.850
   145:     2493.850     2501.690     2501.690     2503.010     2503.020
   150:     2503.160     2503.160     2503.160     2503.170     2507.180
   155:     2507.180     2509.180     2509.180     2513.160     2513.170
   160:     2542.460     2622.900     2622.900     2622.900     2622.910
   165:     2623.740     2623.740     2626.160     2628.280     2628.280
   170:     2632.900     2632.910     3216.500     3216.770     3216.950
   175:     3217.230     3253.750     3316.930     3317.490     3374.350
   180:     3374.410     3375.200     3375.230     3375.830     3375.870
   185:     3375.980     3376.140     3376.180     3376.300     3376.410
   190:     3376.570     3376.860     3376.950     3377.060     3377.660
   195:     3377.790     3377.820     3564.150     3564.910     3564.930
   200:     3564.990     3614.030     3614.030     3614.030     3614.040
   205:     3620.960     3620.990     3621.060     3624.030     3624.040
   210:     3877.040     3879.380     3879.600     3993.420     3993.420
   215:     3993.420     3993.430     3996.280     3996.280     4003.420
   220:     4003.430     4139.140     4139.740     4139.790     4204.960
   225:     4207.270     4212.150     4212.210     4212.290     4287.500
   230:     4288.260     4300.160     4324.250     4324.250     4324.250
   235:     4324.260     4331.710     4331.710     4334.250     4334.260
   240:     4428.490     4447.260     4448.450     5402.630     5402.980
   245:     5403.980     5404.090     5404.270     5404.330     5404.560
   250:     5404.660     5405.610     8623.970     8677.920     8678.370
   255:     8678.610     8678.660     8678.770     8680.030     8680.130
   260:     8680.860     8680.970     8684.240     8707.260     8802.150
   265:     8813.350     8813.350     8813.350     8813.360     8823.350
   270:     8823.360     8986.630     9039.150     9039.440     9039.510
   275:     9039.840     9200.530     9200.630     9210.380     9214.550
   280:     9218.600     9218.700     9220.780     9220.880     9223.730
   285:     9223.810     9223.900     9282.160     9282.160     9282.160
   290:     9282.170     9282.460     9282.460     9287.170     9292.160
   295:     9292.170     9346.080     9346.080     9346.080     9346.090
   300:     9356.080     9356.090     9530.080     9601.230     9677.850
   305:     9678.370    10036.960    10127.590    10127.650    10348.590
   310:    10348.590    10348.590    10348.600    10351.600    10351.600
   315:    10358.590    10358.600    10361.770    10361.800    10367.770
   320:    10367.790    10367.870    10367.950    10473.050    10473.050
   325:    10473.050    10473.060    10483.050    10483.060    10614.720
   330:    10614.740    10615.750    10616.370    10686.360    10800.010
