File: C:\MED-PC\Data\2025-04-09_12h24m_Subject 94.txt


Start Date: 04/09/25
End Date: 04/09/25
Subject: 94
Experiment: OralFentSA
Group: One
Box: 11
Start Time: 12:24:43
End Time: 15:51:16
MSN: Golden_Liq_SelfAdmin_EXT
F:       0.000
G:     793.000
H:   10800.000
I:       0.000
J:       0.000
K:       0.000
L:       0.000
M:       0.000
N:       0.000
O:       0.000
P:       0.000
Q:       0.000
R:       0.000
S:       0.000
U:       0.000
V:       0.000
W:       0.000
X:       0.000
Y:       0.000
Z:       0.000
A:
     0:        0.000        0.000      180.000        4.000        0.000
     5:        5.000        0.000        5.000        0.000        0.000
    10:        1.000        0.000       10.000   100000.000       22.000
    15:       28.000      600.000        0.000        0.000        0.000
    20:        0.000
B:
     0:        0.000        0.000        0.000        0.000        0.000
     5:        0.000        0.000        0.000        0.000        0.000
    10:        0.000        0.000     1000.000 10000000.000        0.000
    15:        0.000        0.000        0.000        0.000        0.000
    20:        0.000
C:
     0:        0.000       26.000       18.000       33.000      577.000
     5:    10796.450       49.070       25.000     1618.910       64.756
    10:       33.000       18.000        0.000        0.000        0.000
    15:        0.000        0.000        0.000        0.000        0.000
    20:        0.000
D:
     0:        1.380      391.880       53.140      157.240      264.730
     5:        3.670       14.140      127.210       11.960      114.530
    10:        1.600        0.410       55.550        5.290        1.830
    15:       27.860        1.440       71.730      122.990       90.050
    20:       29.300       16.630        2.380        2.900       49.070
E:
     0:       19.000       11.000       26.000       27.000        6.000
     5:        1.000        6.000        6.000        6.000        6.000
    10:        6.000        6.000        6.000        6.000        6.000
    15:        6.000        6.000        6.000        6.000        6.000
    20:        6.000        6.000        6.000        2.000        4.000
    25:       22.000       24.000       12.000        6.000        6.000
    30:        6.000        6.000       19.000       11.000        1.000
    35:        1.000        1.000        6.000        6.000        6.000
    40:        6.000        6.000        6.000        6.000        6.000
    45:        6.000        6.000        6.000        6.000        6.000
    50:        6.000        6.000        6.000        6.000        6.000
    55:        6.000        2.000        4.000       22.000       24.000
    60:       12.000       19.000       11.000        1.000        6.000
    65:        6.000        6.000        6.000        6.000        6.000
    70:        6.000        6.000        6.000        6.000        6.000
    75:        2.000        4.000       22.000       24.000       12.000
    80:       19.000       11.000        6.000        6.000        6.000
    85:        6.000        6.000        6.000        6.000        6.000
    90:        6.000        6.000        6.000        6.000        6.000
    95:        6.000        6.000        6.000        6.000        6.000
   100:        2.000        4.000       22.000       24.000       12.000
   105:       19.000       11.000        6.000        6.000        6.000
   110:        6.000        6.000        6.000        6.000        6.000
   115:        6.000        6.000        6.000        6.000        6.000
   120:        6.000        6.000        6.000        6.000        6.000
   125:        6.000        6.000        6.000        6.000        1.000
   130:        6.000        6.000        6.000        6.000        6.000
   135:        6.000        6.000        6.000        6.000        6.000
   140:        6.000        1.000        6.000        6.000        6.000
   145:        6.000        6.000        6.000        6.000        6.000
   150:        6.000        6.000        6.000        6.000        6.000
   155:        6.000        6.000        6.000        6.000        6.000
   160:        6.000        6.000        6.000        6.000        6.000
   165:        6.000        6.000        6.000        6.000        6.000
   170:        6.000        6.000        6.000        6.000        2.000
   175:        4.000       22.000       24.000       12.000       19.000
   180:       11.000        6.000        6.000        6.000        6.000
   185:        6.000        6.000        6.000        6.000        6.000
   190:        6.000        6.000        6.000        6.000        6.000
   195:        6.000        6.000        6.000        6.000        6.000
   200:        6.000        6.000        6.000        6.000        6.000
   205:        6.000        6.000        6.000        6.000        6.000
   210:        6.000        6.000        6.000        6.000        6.000
   215:        6.000        6.000        6.000        6.000        6.000
   220:        6.000        6.000        1.000        6.000        6.000
   225:        6.000        6.000        6.000        6.000        6.000
   230:        2.000        4.000       22.000       24.000       12.000
   235:        6.000        6.000        6.000        6.000        6.000
   240:        6.000       21.000       22.000       19.000       11.000
   245:        6.000        1.000        6.000        6.000        6.000
   250:        6.000        6.000        6.000        6.000        6.000
   255:        6.000        6.000        1.000        6.000        6.000
   260:        6.000        6.000        6.000        6.000        6.000
   265:        6.000        6.000        6.000        6.000        6.000
   270:        6.000        6.000        6.000        6.000        6.000
   275:        6.000        6.000        6.000        6.000        6.000
   280:        6.000        6.000        6.000        6.000        6.000
   285:        2.000        4.000       22.000       24.000       12.000
   290:       19.000       11.000        6.000        6.000        6.000
   295:        6.000        6.000        6.000        6.000        6.000
   300:        6.000        6.000        6.000        6.000        6.000
   305:        6.000        6.000        6.000        6.000        6.000
   310:        6.000        1.000        6.000        6.000        6.000
   315:        6.000        6.000        6.000        6.000        2.000
   320:        4.000       22.000       24.000       12.000       21.000
   325:       22.000       21.000       22.000       21.000       22.000
   330:       21.000       22.000       21.000       22.000       21.000
   335:       22.000       19.000       11.000        6.000        6.000
   340:        6.000        6.000        6.000        6.000        6.000
   345:        6.000        6.000        6.000        6.000        6.000
   350:        6.000        6.000        6.000        6.000        6.000
   355:        6.000        6.000        6.000        6.000        6.000
   360:        6.000        6.000        6.000        6.000        6.000
   365:        6.000        6.000        6.000        1.000        6.000
   370:        6.000        6.000        2.000        4.000       22.000
   375:       24.000       12.000       19.000       11.000        6.000
   380:        6.000        6.000        2.000        4.000       22.000
   385:       24.000       12.000       19.000       11.000        6.000
   390:        6.000        6.000        6.000        6.000        6.000
   395:        2.000        4.000       22.000       24.000       12.000
   400:        6.000        6.000       19.000       11.000        2.000
   405:        4.000       22.000       24.000       12.000        6.000
   410:       19.000       11.000        6.000        6.000        6.000
   415:        6.000        6.000        6.000        6.000        6.000
   420:        6.000        6.000        2.000        4.000       22.000
   425:       24.000       12.000       19.000       11.000        6.000
   430:        2.000        4.000       22.000       24.000       12.000
   435:        6.000        6.000       19.000       11.000        6.000
   440:        6.000        6.000        6.000        6.000        6.000
   445:        6.000        6.000        6.000        2.000        4.000
   450:       22.000       24.000       12.000        6.000        6.000
   455:        6.000        6.000        6.000        6.000        6.000
   460:        6.000        6.000        6.000        6.000        6.000
   465:        6.000        6.000        6.000       19.000       11.000
   470:        6.000        6.000        6.000        6.000        6.000
   475:        6.000        2.000        4.000       22.000       24.000
   480:       12.000       19.000       11.000        6.000        6.000
   485:        6.000        6.000        6.000        6.000        6.000
   490:        6.000        6.000        6.000        6.000        6.000
   495:        6.000        6.000        6.000        6.000        6.000
   500:        6.000        6.000        6.000        2.000        4.000
   505:       22.000       24.000       12.000        6.000        6.000
   510:        6.000        6.000        6.000        6.000       19.000
   515:       11.000        6.000        6.000        6.000        6.000
   520:        6.000        6.000        6.000        6.000        6.000
   525:        6.000        6.000        6.000        6.000        6.000
   530:        6.000        6.000        6.000        6.000        6.000
   535:        6.000        6.000        6.000        6.000        6.000
   540:        6.000        6.000        6.000        6.000        6.000
   545:        6.000        6.000        6.000        6.000        6.000
   550:        6.000        6.000        6.000        6.000        6.000
   555:        6.000        6.000        6.000        2.000        4.000
   560:       22.000       24.000       12.000       19.000       11.000
   565:        6.000        6.000        6.000        6.000        6.000
   570:        2.000        4.000       22.000       24.000       12.000
   575:       19.000       11.000        6.000        6.000        6.000
   580:        6.000        6.000        6.000        6.000        6.000
   585:        6.000        2.000        4.000       22.000       24.000
   590:       12.000       19.000       11.000        6.000        6.000
   595:        6.000        6.000        6.000        6.000        6.000
   600:        6.000        6.000        6.000        6.000        6.000
   605:        6.000        6.000        6.000        6.000        6.000
   610:        6.000        6.000        6.000        6.000        6.000
   615:        6.000        6.000        6.000        2.000        4.000
   620:       22.000       24.000       12.000       19.000       11.000
   625:        6.000        6.000        6.000        6.000        1.000
   630:        1.000        6.000        2.000        4.000       22.000
   635:       24.000       12.000       19.000       11.000        6.000
   640:        6.000        6.000        6.000        6.000        6.000
   645:        6.000        6.000        6.000        6.000        6.000
   650:        6.000        6.000        6.000        6.000        6.000
   655:        6.000        6.000        6.000        6.000        6.000
   660:        6.000        6.000        6.000        1.000        6.000
   665:        1.000        1.000        1.000        6.000        6.000
   670:        6.000        2.000        4.000       22.000       24.000
   675:       12.000        6.000        6.000        6.000        6.000
   680:        6.000        6.000        6.000        6.000        6.000
   685:        6.000        6.000       19.000       11.000        6.000
   690:        6.000        6.000        6.000        6.000        6.000
   695:        6.000        6.000        6.000        2.000        4.000
   700:       22.000       24.000       12.000        6.000        6.000
   705:        6.000        6.000        6.000        6.000        6.000
   710:        6.000        6.000        6.000       19.000       11.000
   715:        6.000        6.000        6.000        6.000        6.000
   720:        6.000        6.000        6.000        6.000        6.000
   725:        6.000        6.000        6.000        6.000        6.000
   730:        6.000        6.000        6.000        6.000        6.000
   735:        6.000        6.000        6.000        6.000        6.000
   740:        6.000        6.000        6.000        6.000        6.000
   745:        6.000        6.000        6.000        6.000        6.000
   750:        6.000        6.000        6.000        6.000        6.000
   755:        6.000        6.000        6.000        6.000        6.000
   760:        6.000        6.000        6.000        6.000        6.000
   765:        6.000        6.000        6.000        6.000        6.000
   770:        6.000        6.000        6.000        6.000        6.000
   775:        6.000        6.000        6.000        6.000        6.000
   780:        2.000        4.000       22.000       24.000       12.000
   785:       19.000       11.000        6.000        2.000        4.000
   790:       22.000       24.000       12.000      100.000
T:
     0:        0.000        0.000        0.000        0.000       10.720
     5:       21.500      284.390      284.450      290.070      290.980
    10:      292.210      292.300      292.320      330.570      405.700
    15:      405.730      406.450      409.860      409.970      468.750
    20:      468.840      470.030      651.710      655.040      655.040
    25:      655.040      655.050      655.050      656.430      656.470
    30:      659.580      660.260      665.040      665.050      823.030
    35:      881.140      892.900      976.990      977.120      980.230
    40:      980.550      980.620      980.800      981.800      983.460
    45:      984.770      985.150      985.210      986.080      987.200
    50:      987.370     1002.780     1003.770     1009.850     1017.490
    55:     1017.700     1313.730     1313.730     1313.730     1313.740
    60:     1313.740     1323.730     1323.740     1700.270     1705.620
    65:     1707.130     1707.210     1707.550     1708.860     1710.040
    70:     1710.420     1710.870     1874.530     1874.590     1874.640
    75:     1876.550     1876.550     1876.550     1876.560     1876.560
    80:     1886.550     1886.560     1929.700     2185.030     2185.200
    85:     2185.670     2185.810     2186.510     2187.470     2187.490
    90:     2187.560     2287.220     2287.850     2287.890     2288.150
    95:     2494.080     2494.200     2495.080     2495.240     2495.550
   100:     2515.660     2515.660     2515.660     2515.670     2515.670
   105:     2525.660     2525.670     2672.910     2678.130     2678.590
   110:     2683.480     2683.660     2683.890     2687.280     2692.320
   115:     2692.630     2696.270     2697.420     2698.580     2732.050
   120:     2732.150     2732.210     2734.240     2735.370     2773.820
   125:     2775.220     2845.590     2914.810     2915.470     3049.060
   130:     3159.180     3159.540     3159.650     3159.680     3162.100
   135:     3270.420     3270.530     3271.050     3271.100     3379.040
   140:     3379.240     3405.440     3486.010     3584.550     3584.720
   145:     3584.890     3584.930     3585.640     3585.720     3831.910
   150:     3832.500     3832.660     3832.690     3878.240     3878.330
   155:     3878.940     3879.200     3879.270     3933.430     3933.890
   160:     3934.000     4039.120     4039.600     4040.750     4040.850
   165:     4041.070     4041.380     4041.520     4041.710     4087.500
   170:     4088.000     4088.110     4088.610     4088.750     4104.150
   175:     4104.150     4104.150     4104.160     4104.160     4114.150
   180:     4114.160     4368.890     4369.440     4369.480     4371.100
   185:     4371.270     4372.310     4372.420     4398.040     4398.640
   190:     4398.750     4399.380     4402.950     4403.000     4403.190
   195:     4403.630     4403.850     4403.880     4403.950     4412.460
   200:     4436.420     4437.130     4439.350     4439.640     4441.250
   205:     4441.550     4441.940     4443.460     4443.570     4443.610
   210:     4443.750     4444.090     4567.030     4774.770     4775.340
   215:     4775.410     4776.470     4779.220     4779.360     4783.690
   220:     4784.140     4784.280     4859.820     4892.630     4941.320
   225:     4946.970     5492.280     5493.190     5495.480     5495.590
   230:     5568.300     5568.300     5568.300     5568.310     5568.310
   235:     5571.980     5572.510     5572.630     5572.830     5572.860
   240:     5573.720     5577.130     5577.130     5578.300     5578.310
   245:     5600.880     5695.350     5761.510     5761.540     5762.070
   250:     5762.100     5772.520     5772.770     5772.930     5773.070
   255:     5773.520     5773.590     5827.950     5831.350     5831.840
   260:     5832.300     5832.350     5870.680     5874.460     5874.990
   265:     5875.100     5875.120     5877.240     5877.850     5877.940
   270:     5878.420     5879.450     5879.520     5879.600     5909.500
   275:     5909.670     6002.010     6002.740     6003.390     6003.500
   280:     6003.750     6004.090     6004.150     6004.340     6004.460
   285:     6084.060     6084.060     6084.060     6084.070     6084.070
   290:     6094.060     6094.070     6098.210     6104.700     6105.220
   295:     6105.560     6121.300     6123.570     6123.760     6124.420
   300:     6124.650     6214.510     6214.550     6214.760     6215.960
   305:     6301.550     6301.820     6302.870     6302.950     6303.020
   310:     6326.260     6380.080     6504.330     6504.460     6504.520
   315:     6505.160     6656.850     6793.430     6793.840     6857.810
   320:     6857.810     6857.810     6857.820     6857.820     6857.960
   325:     6857.960     6859.090     6859.090     6862.150     6862.150
   330:     6863.440     6863.440     6863.670     6863.670     6863.780
   335:     6863.780     6867.810     6867.820     6985.030     6985.230
   340:     6987.420     6987.580     6987.730     6988.350     7015.180
   345:     7015.260     7015.550     7016.030     7016.560     7016.950
   350:     7156.930     7157.010     7157.040     7157.990     7161.070
   355:     7161.180     7161.350     7255.060     7271.030     7271.060
   360:     7271.190     7272.190     7355.350     7356.810     7429.670
   365:     7497.800     7498.120     7498.210     7552.670     7628.280
   370:     7628.460     7629.920     7640.450     7640.450     7640.450
   375:     7640.460     7640.460     7650.450     7650.460     7652.420
   380:     7655.850     7655.880     7658.670     7658.670     7658.670
   385:     7658.680     7658.680     7668.670     7668.680     7773.210
   390:     7774.750     7802.920     7803.360     7803.420     7803.510
   395:     7805.560     7805.560     7805.560     7805.570     7805.570
   400:     7807.170     7807.190     7815.560     7815.570     7820.050
   405:     7820.050     7820.050     7820.060     7820.060     7820.470
   410:     7830.050     7830.060     7966.670     7966.800     7966.980
   415:     7967.040     8010.400     8010.430     8042.600     8042.710
   420:     8042.730     8043.040     8046.790     8046.790     8046.790
   425:     8046.800     8046.800     8056.790     8056.800     8102.350
   430:     8145.130     8145.130     8145.130     8145.140     8145.140
   435:     8150.430     8151.250     8155.130     8155.140     8179.660
   440:     8179.680     8179.840     8181.530     8181.560     8237.720
   445:     8258.130     8258.440     8259.230     8274.560     8274.560
   450:     8274.560     8274.570     8274.570     8276.400     8276.530
   455:     8277.030     8277.190     8277.430     8277.500     8277.900
   460:     8279.240     8279.280     8279.550     8279.880     8279.980
   465:     8281.370     8281.680     8281.800     8284.560     8284.570
   470:     8284.630     8285.200     8395.270     8396.010     8396.780
   475:     8396.840     8515.890     8515.890     8515.890     8515.900
   480:     8515.900     8525.890     8525.900     8543.760     8543.980
   485:     8544.000     8544.100     8580.690     8581.720     8582.790
   490:     8637.550     8637.590     8637.980     8824.630     8824.670
   495:     8824.960     8825.080     8827.990     8828.500     8828.560
   500:     8897.040     8924.380     8924.830     8926.290     8926.290
   505:     8926.290     8926.300     8926.300     8927.740     8927.950
   510:     8928.640     8928.750     8929.050     8934.240     8936.290
   515:     8936.300     8939.500     8940.020     8940.100     8942.960
   520:     8943.060     8943.400     8944.030     8944.090     8944.640
   525:     8945.010     8945.160     8945.370     8947.830     8948.350
   530:     8948.390     8948.780     8949.280     8953.170     8955.540
   535:     8961.310     8961.420     8961.670     8963.090     8965.930
   540:     8966.240     8966.270     8966.410     8966.430     8967.560
   545:     8967.870     9193.030     9193.460     9193.720     9195.360
   550:     9271.700     9286.580     9286.630     9288.160     9351.100
   555:     9351.130     9351.180     9351.890     9378.860     9378.860
   560:     9378.860     9378.870     9378.870     9388.860     9388.870
   565:     9450.600     9450.680     9453.750     9453.880     9454.050
   570:     9457.760     9457.760     9457.760     9457.770     9457.770
   575:     9467.760     9467.770     9580.760     9580.840     9580.860
   580:     9581.170     9584.510     9585.270     9585.470     9586.090
   585:     9586.290     9588.470     9588.470     9588.470     9588.480
   590:     9588.480     9598.470     9598.480     9678.530     9724.750
   595:     9725.280     9765.960     9766.120     9766.320     9766.490
   600:     9766.530     9766.580     9767.420     9871.580     9871.670
   605:     9871.700     9872.460     9874.930     9875.470     9875.940
   610:     9875.960     9876.150     9880.680     9880.950     9881.260
   615:     9882.260    10019.860    10020.400    10028.960    10028.960
   620:    10028.960    10028.970    10028.970    10038.960    10038.970
   625:    10058.270    10058.390    10127.120    10154.550    10298.480
   630:    10320.740    10326.540    10345.920    10345.920    10345.920
   635:    10345.930    10345.930    10355.920    10355.930    10362.560
   640:    10362.760    10362.830    10369.940    10371.300    10371.390
   645:    10371.590    10371.790    10371.860    10375.390    10375.460
   650:    10375.680    10375.990    10379.460    10379.570    10379.780
   655:    10379.960    10380.000    10380.070    10380.130    10380.240
   660:    10380.660    10386.550    10386.650    10432.080    10496.630
   665:    10543.730    10545.540    10545.750    10576.350    10576.730
   670:    10576.790    10578.760    10578.760    10578.760    10578.770
   675:    10578.770    10581.150    10581.210    10581.280    10581.490
   680:    10581.550    10583.420    10583.590    10583.680    10583.850
   685:    10584.000    10584.040    10588.760    10588.770    10628.200
   690:    10628.640    10628.720    10630.620    10631.670    10632.620
   695:    10632.950    10634.070    10634.330    10637.440    10637.440
   700:    10637.440    10637.450    10637.450    10640.350    10641.060
   705:    10641.300    10644.320    10644.680    10644.840    10645.040
   710:    10645.380    10646.520    10646.910    10647.440    10647.450
   715:    10648.220    10651.130    10652.770    10652.900    10653.400
   720:    10653.580    10657.470    10657.670    10658.180    10658.240
   725:    10658.510    10658.580    10658.650    10658.700    10659.060
   730:    10659.110    10659.570    10660.030    10660.120    10660.250
   735:    10660.390    10660.870    10661.170    10661.300    10661.370
   740:    10661.460    10662.020    10662.090    10662.700    10662.910
   745:    10663.000    10663.390    10663.530    10663.620    10664.920
   750:    10665.600    10666.070    10667.720    10667.980    10668.720
   755:    10669.530    10669.730    10672.540    10672.940    10677.550
   760:    10683.870    10684.190    10687.650    10688.040    10688.090
   765:    10688.790    10688.950    10689.740    10692.610    10692.950
   770:    10692.990    10693.320    10693.450    10693.470    10693.650
   775:    10693.790    10693.950    10694.010    10694.270    10694.510
   780:    10698.170    10698.170    10698.170    10698.180    10698.180
   785:    10708.170    10708.180    10747.250    10796.440    10796.440
   790:    10796.440    10796.450    10796.450    10800.000
