File: C:\MED-PC IV\DATA\!2025-03-13_08h49m.Subject 58



Start Date: 03/13/25
End Date: 03/13/25
Subject: 58
Experiment: OralFentSA
Group: One
Box: 2
Start Time:  8:49:22
End Time: 11:49:48
MSN: Golden_Liq_SelfAdmin_EXT
F:       0.000
G:     766.000
H:   10800.010
I:       0.000
J:       0.000
K:       0.000
L:       0.000
M:       0.000
N:       0.000
O:       0.000
P:       0.000
Q:       0.000
R:       0.000
S:       0.000
U:       0.000
V:       0.000
W:       0.000
X:       0.000
Y:       0.000
Z:       0.000
A:
     0:        0.000        0.000      180.000        4.000        0.000
     5:        5.000        0.000        5.000        0.000        0.000
    10:        1.000        0.000       10.000 100000000.00       24.000
    15:       24.000      640.000        0.000        0.000        0.000
    20:        0.000
B:
     0:        0.000        0.000        0.000        0.000        0.000
     5:        0.000        0.000        0.000        0.000        0.000
    10:        0.000        0.000     1000.000 10000000000.        0.000
    15:        0.000        0.000        0.000        0.000        0.000
    20:        0.000
C:
     0:        0.000       71.000        0.000      110.000      229.000
     5:    10747.670      125.990       35.000     2496.280       71.322
    10:      110.000       33.000        0.000        0.000        0.000
    15:        0.000        0.000        0.000        0.000        0.000
    20:        0.000
D:
     0:       45.580      209.120        7.130       48.140        4.800
     5:      519.300       18.890      107.050       74.440       22.900
    10:      308.590      304.610       60.750       17.810      107.450
    15:        8.080       56.010       49.860        3.270       11.420
    20:       19.640        1.320       28.730        5.090       53.960
    25:       73.710       29.050       32.760        9.040        6.570
    30:       30.040       72.540        3.420       19.220      125.990
E:
     0:       19.000       11.000       26.000       27.000       23.000
     5:        6.000        6.000        2.000        4.000       22.000
    10:       24.000       19.000       11.000        2.000        4.000
    15:       22.000       24.000       19.000       11.000        2.000
    20:        4.000       22.000       24.000       19.000       11.000
    25:        6.000        2.000        4.000       22.000       24.000
    30:       19.000       11.000        2.000        4.000       22.000
    35:       24.000       19.000       11.000        2.000        4.000
    40:       22.000       24.000       21.000       22.000       19.000
    45:       11.000       23.000       23.000       23.000        6.000
    50:        6.000       23.000       23.000       23.000       23.000
    55:       23.000        2.000        4.000       22.000       24.000
    60:        6.000        6.000       19.000       11.000        6.000
    65:        6.000        6.000        6.000        6.000        6.000
    70:        6.000        2.000        4.000       22.000       24.000
    75:       21.000       22.000       21.000       22.000       19.000
    80:       11.000        2.000        4.000       22.000       24.000
    85:       19.000       11.000        6.000        6.000        6.000
    90:        6.000        6.000        2.000        4.000       22.000
    95:       24.000       21.000       22.000        6.000       19.000
   100:       11.000       23.000        6.000        2.000        4.000
   105:       22.000       24.000       19.000       11.000        6.000
   110:        6.000        6.000        6.000        6.000        6.000
   115:        6.000        6.000        6.000        6.000        6.000
   120:        6.000        6.000        2.000        4.000       22.000
   125:       24.000       19.000       11.000        2.000        4.000
   130:       22.000       24.000       21.000       22.000       21.000
   135:       22.000       19.000       11.000        6.000        6.000
   140:        6.000        6.000       23.000       23.000        2.000
   145:        4.000       22.000       24.000       21.000       22.000
   150:       21.000       22.000       21.000       22.000       19.000
   155:       11.000        6.000       23.000       23.000        2.000
   160:        4.000       22.000       24.000       19.000       11.000
   165:        6.000       23.000        2.000        4.000       22.000
   170:       24.000       19.000       11.000        2.000        4.000
   175:       22.000       24.000       19.000       11.000        6.000
   180:        6.000        2.000        4.000       22.000       24.000
   185:       21.000       22.000       19.000       11.000        2.000
   190:        4.000       22.000       24.000       19.000       11.000
   195:       23.000       23.000       23.000        6.000        6.000
   200:        6.000        6.000        6.000        2.000        4.000
   205:       22.000       24.000       21.000       22.000       19.000
   210:       11.000        2.000        4.000       22.000       24.000
   215:       19.000       11.000       23.000        6.000        6.000
   220:        6.000        6.000        6.000        6.000        6.000
   225:        6.000        6.000        6.000        6.000        6.000
   230:        6.000        6.000       23.000        6.000        6.000
   235:        6.000        6.000        6.000        6.000        6.000
   240:        6.000        6.000        6.000        6.000       23.000
   245:       23.000        2.000        4.000       22.000       24.000
   250:       21.000       22.000       19.000       11.000        2.000
   255:        4.000       22.000       24.000       19.000       11.000
   260:        2.000        4.000       22.000       24.000       21.000
   265:       22.000       21.000       22.000       19.000       11.000
   270:        2.000        4.000       22.000       24.000       21.000
   275:       22.000       19.000       11.000        6.000        6.000
   280:        6.000        6.000       23.000        6.000        6.000
   285:        6.000        6.000        6.000        6.000        2.000
   290:        4.000       22.000       24.000       21.000       22.000
   295:       19.000       11.000        6.000        6.000        6.000
   300:        6.000        6.000        6.000        6.000       23.000
   305:        2.000        4.000       22.000       24.000       19.000
   310:       11.000        2.000        4.000       22.000       24.000
   315:       19.000       11.000        2.000        4.000       22.000
   320:       24.000       19.000       11.000        2.000        4.000
   325:       22.000       24.000       19.000       11.000        2.000
   330:        4.000       22.000       24.000       19.000       11.000
   335:        6.000        6.000        6.000        6.000        6.000
   340:        6.000        6.000        6.000        6.000        6.000
   345:        6.000        6.000        6.000        6.000        6.000
   350:        6.000        6.000        6.000        6.000        6.000
   355:        6.000        6.000        2.000        4.000       22.000
   360:       24.000       21.000       22.000        6.000       19.000
   365:       11.000        6.000        6.000        6.000        6.000
   370:        6.000        6.000        6.000        6.000        6.000
   375:        6.000        6.000        6.000        6.000        6.000
   380:        6.000        6.000        6.000        6.000        6.000
   385:        6.000        6.000        6.000        6.000        2.000
   390:        4.000       22.000       24.000       19.000       11.000
   395:        2.000        4.000       22.000       24.000       21.000
   400:       22.000       19.000       11.000        6.000        2.000
   405:        4.000       22.000       24.000       19.000       11.000
   410:        6.000        2.000        4.000       22.000       24.000
   415:       21.000       22.000       21.000       22.000        6.000
   420:       21.000       22.000       19.000       11.000       23.000
   425:        6.000        6.000        2.000        4.000       22.000
   430:       24.000       21.000       22.000       19.000       11.000
   435:        6.000        6.000        2.000        4.000       22.000
   440:       24.000       19.000       11.000        6.000        2.000
   445:        4.000       22.000       24.000        6.000        6.000
   450:        6.000       19.000       11.000        6.000        6.000
   455:        6.000        6.000        6.000        6.000        6.000
   460:        6.000        6.000        6.000        6.000        6.000
   465:        6.000        6.000        2.000        4.000       22.000
   470:       24.000       21.000       22.000       19.000       11.000
   475:        6.000        6.000        2.000        4.000       22.000
   480:       24.000        6.000       19.000       11.000        2.000
   485:        4.000       22.000       24.000       23.000       23.000
   490:       19.000       11.000        6.000        6.000        2.000
   495:        4.000       22.000       24.000       21.000       22.000
   500:       19.000       11.000       23.000        6.000        6.000
   505:        6.000        6.000        6.000        6.000        6.000
   510:        6.000        6.000        6.000        6.000        6.000
   515:        6.000        6.000        6.000        6.000        6.000
   520:        6.000        2.000        4.000       22.000       24.000
   525:       21.000       22.000       19.000       11.000        2.000
   530:        4.000       22.000       24.000       21.000       22.000
   535:       19.000       11.000        2.000        4.000       22.000
   540:       24.000       21.000       22.000       19.000       11.000
   545:       23.000        6.000        2.000        4.000       22.000
   550:       24.000       19.000       11.000        2.000        4.000
   555:       22.000       24.000       19.000       11.000        2.000
   560:        4.000       22.000       24.000       21.000       22.000
   565:       19.000       11.000        2.000        4.000       22.000
   570:       24.000       19.000       11.000       23.000        6.000
   575:        6.000        2.000        4.000       22.000       24.000
   580:       21.000       22.000        6.000       19.000       11.000
   585:        6.000        6.000        6.000        6.000        6.000
   590:        6.000        6.000        6.000        6.000        6.000
   595:        6.000        6.000        6.000        6.000        6.000
   600:        6.000        6.000        6.000        6.000        6.000
   605:        6.000        6.000        6.000        6.000        6.000
   610:        6.000        6.000        6.000        6.000        6.000
   615:        2.000        4.000       22.000       24.000       19.000
   620:       11.000        2.000        4.000       22.000       24.000
   625:       19.000       11.000       23.000        2.000        4.000
   630:       22.000       24.000       21.000       22.000       21.000
   635:       22.000       19.000       11.000        2.000        4.000
   640:       22.000       24.000       21.000       22.000        6.000
   645:       21.000       22.000       21.000       22.000       19.000
   650:       11.000        2.000        4.000       22.000       24.000
   655:       19.000       11.000        6.000        2.000        4.000
   660:       22.000       24.000       19.000       11.000        2.000
   665:        4.000       22.000       24.000       19.000       11.000
   670:        2.000        4.000       22.000       24.000       19.000
   675:       11.000        2.000        4.000       22.000       24.000
   680:       21.000       22.000       19.000       11.000        6.000
   685:        6.000        6.000        6.000        2.000        4.000
   690:       22.000       24.000       21.000       22.000       19.000
   695:       11.000        2.000        4.000       22.000       24.000
   700:       19.000       11.000        2.000        4.000       22.000
   705:       24.000       19.000       11.000        2.000        4.000
   710:       22.000       24.000        6.000       21.000       22.000
   715:       19.000       11.000        2.000        4.000       22.000
   720:       24.000       21.000       22.000       19.000       11.000
   725:        6.000        6.000        6.000        6.000        2.000
   730:        4.000       22.000       24.000       19.000       11.000
   735:        2.000        4.000       22.000       24.000       19.000
   740:       11.000        2.000        4.000       22.000       24.000
   745:       19.000       11.000       23.000       23.000        6.000
   750:        2.000        4.000       22.000       24.000       21.000
   755:       22.000       21.000       22.000       19.000       11.000
   760:        2.000        4.000       22.000       24.000       19.000
   765:       11.000      100.000
T:
     0:        0.000        0.000        0.000        0.000       22.870
     5:      148.970      183.350      202.900      202.900      202.900
    10:      202.910      212.900      212.910      352.040      352.040
    15:      352.040      352.050      362.040      362.050      367.970
    20:      367.970      367.970      367.980      377.970      377.980
    25:      413.560      415.620      415.620      415.620      415.630
    30:      425.620      425.630      685.540      685.540      685.540
    35:      685.550      695.540      695.550      869.290      869.290
    40:      869.290      869.300      869.660      869.660      879.290
    45:      879.300     1045.350     1046.760     1051.300     1078.420
    50:     1084.390     1307.650     1308.770     1444.760     1488.330
    55:     1489.160     1530.070     1530.070     1530.070     1530.080
    60:     1537.210     1539.930     1540.070     1540.080     1542.100
    65:     1550.040     1550.530     1550.640     1550.690     1550.760
    70:     1556.040     1894.640     1894.640     1894.640     1894.650
    75:     1897.700     1897.700     1898.350     1898.350     1904.640
    80:     1904.650     2313.260     2313.260     2313.260     2313.270
    85:     2323.260     2323.270     2361.410     2369.300     2425.850
    90:     2533.660     2560.230     2562.470     2562.470     2562.470
    95:     2562.480     2563.250     2563.250     2567.280     2572.470
   100:     2572.480     2793.370     2809.240     2913.000     2913.000
   105:     2913.000     2913.010     2923.000     2923.010     3432.310
   110:     3433.000     3435.690     3436.050     3438.960     3439.150
   115:     3439.650     3442.010     3445.880     3447.050     3449.150
   120:     3449.320     3449.690     3554.190     3554.190     3554.190
   125:     3554.200     3564.190     3564.200     3723.210     3723.210
   130:     3723.210     3723.220     3728.810     3728.810     3731.590
   135:     3731.590     3733.210     3733.220     3742.110     3742.390
   140:     3752.380     3752.710     3843.920     3853.340     3931.940
   145:     3931.940     3931.940     3931.950     3932.850     3932.850
   150:     3933.630     3933.630     3941.880     3941.880     3941.940
   155:     3941.950     4039.000     4118.060     4370.820     4459.540
   160:     4459.540     4459.540     4459.550     4469.540     4469.550
   165:     4533.990     4565.560     4652.560     4652.560     4652.560
   170:     4652.570     4662.560     4662.570     4719.790     4719.790
   175:     4719.790     4719.800     4729.790     4729.800     4742.700
   180:     4743.290     4816.620     4816.620     4816.620     4816.630
   185:     4825.180     4825.180     4826.620     4826.630     4829.180
   190:     4829.180     4829.180     4829.190     4839.180     4839.190
   195:     5098.240     5098.720     5123.650     5137.780     5141.300
   200:     5144.180     5145.440     5151.250     5193.050     5193.050
   205:     5193.050     5193.060     5193.920     5193.920     5203.050
   210:     5203.060     5285.800     5285.800     5285.800     5285.810
   215:     5295.800     5295.810     5451.320     5590.420     5593.030
   220:     5597.240     5598.220     5598.500     5607.690     5608.290
   225:     5608.440     5608.640     5608.730     5608.810     5608.860
   230:     5608.890     5898.430     5920.880     6120.290     6132.290
   235:     6138.150     6138.940     6140.380     6140.450     6140.740
   240:     6142.740     6144.980     6145.030     6145.360     6254.340
   245:     6277.860     6357.130     6357.130     6357.130     6357.140
   250:     6358.180     6358.180     6367.130     6367.140     6641.870
   255:     6641.870     6641.870     6641.880     6651.870     6651.880
   260:     6661.650     6661.650     6661.650     6661.660     6661.930
   265:     6661.930     6662.130     6662.130     6671.650     6671.660
   270:     6677.530     6677.530     6677.530     6677.540     6687.260
   275:     6687.260     6687.530     6687.540     6738.290     6741.510
   280:     6752.210     6796.310     6807.890     6818.110     6821.360
   285:     6823.740     6824.200     6824.320     6824.350     6854.850
   290:     6854.850     6854.850     6854.860     6855.650     6855.650
   295:     6864.850     6864.860     6872.670     7006.980     7007.040
   300:     7007.610     7008.960     7009.440     7029.700     7090.750
   305:     7100.570     7100.570     7100.570     7100.580     7110.570
   310:     7110.580     7111.110     7111.110     7111.110     7111.120
   315:     7121.110     7121.120     7253.030     7253.030     7253.030
   320:     7253.040     7263.030     7263.040     7265.740     7265.740
   325:     7265.740     7265.750     7275.740     7275.750     7340.690
   330:     7340.690     7340.690     7340.700     7350.690     7350.700
   335:     7448.150     7448.860     7455.620     7460.960     7461.610
   340:     7461.670     7464.430     7465.460     7466.070     7468.290
   345:     7468.440     7468.840     7469.720     7474.970     7478.330
   350:     7478.360     7479.280     7479.370     7479.420     7479.550
   355:     7479.960     7480.050     7491.840     7491.840     7491.840
   360:     7491.850     7494.170     7494.170     7499.930     7501.840
   365:     7501.850     7502.790     7502.880     7504.190     7506.900
   370:     7507.310     7507.550     7508.190     7508.360     7520.400
   375:     7520.560     7520.820     7521.600     7522.010     7526.660
   380:     7527.730     7528.480     7528.580     7529.280     7529.550
   385:     7530.590     7537.190     7542.500     7543.050     7688.500
   390:     7688.500     7688.500     7688.510     7698.500     7698.510
   395:     7715.870     7715.870     7715.870     7715.880     7720.350
   400:     7720.350     7725.870     7725.880     7771.890     7950.940
   405:     7950.940     7950.940     7950.950     7960.940     7960.950
   410:     8000.810     8004.030     8004.030     8004.030     8004.040
   415:     8006.080     8006.080     8006.240     8006.240     8007.310
   420:     8009.320     8009.320     8014.030     8014.040     8028.780
   425:     8066.820     8084.660     8124.310     8124.310     8124.310
   430:     8124.320     8127.530     8127.530     8134.310     8134.320
   435:     8135.740     8137.440     8162.370     8162.370     8162.370
   440:     8162.380     8172.370     8172.380     8182.020     8183.050
   445:     8183.050     8183.050     8183.060     8184.380     8185.550
   450:     8186.240     8193.050     8193.060     8197.830     8198.790
   455:     8198.860     8199.370     8199.580     8199.650     8199.740
   460:     8200.130     8200.220     8201.780     8202.090     8225.700
   465:     8253.810     8258.460     8265.700     8265.700     8265.700
   470:     8265.710     8266.660     8266.660     8275.700     8275.710
   475:     8294.440     8294.450     8315.430     8315.430     8315.430
   480:     8315.440     8320.530     8325.430     8325.440     8372.660
   485:     8372.660     8372.660     8372.670     8376.660     8377.750
   490:     8382.660     8382.670     8426.630     8426.920     8608.830
   495:     8608.830     8608.830     8608.840     8615.500     8615.500
   500:     8618.830     8618.840     8665.890     8682.550     8682.580
   505:     8682.700     8760.910     8763.710     8764.770     8765.040
   510:     8765.270     8765.650     8765.770     8766.730     8767.560
   515:     8767.710     8767.940     8768.470     8768.580     8768.770
   520:     8771.740     8775.180     8775.180     8775.180     8775.190
   525:     8783.160     8783.160     8785.180     8785.190     8997.250
   530:     8997.250     8997.250     8997.260     8997.350     8997.350
   535:     9007.250     9007.260     9023.750     9023.750     9023.750
   540:     9023.760     9024.260     9024.260     9033.750     9033.760
   545:     9038.470     9052.810     9065.240     9065.240     9065.240
   550:     9065.250     9075.240     9075.250     9108.660     9108.660
   555:     9108.660     9108.670     9118.660     9118.670     9287.760
   560:     9287.760     9287.760     9287.770     9291.530     9291.530
   565:     9297.760     9297.770     9310.060     9310.060     9310.060
   570:     9310.070     9320.060     9320.070     9333.120     9342.830
   575:     9342.880     9448.020     9448.020     9448.020     9448.030
   580:     9451.290     9451.290     9457.070     9458.020     9458.030
   585:     9461.220     9461.720     9462.000     9462.030     9463.530
   590:     9463.800     9464.410     9464.440     9465.410     9465.490
   595:     9465.540     9467.960     9469.580     9469.790     9476.740
   600:     9482.140     9482.540     9482.570     9487.150     9487.700
   605:     9487.730     9488.020     9495.690     9496.060     9496.160
   610:     9499.810     9500.120     9500.260     9500.320     9500.380
   615:     9657.140     9657.140     9657.140     9657.150     9667.140
   620:     9667.150     9676.260     9676.260     9676.260     9676.270
   625:     9686.260     9686.270     9727.940     9732.750     9732.750
   630:     9732.750     9732.760     9733.730     9733.730     9740.220
   635:     9740.220     9742.750     9742.760     9759.200     9759.200
   640:     9759.200     9759.210     9759.830     9759.830     9765.780
   645:     9767.050     9767.050     9767.530     9767.530     9769.200
   650:     9769.210     9818.990     9818.990     9818.990     9819.000
   655:     9828.990     9829.000     9849.040     9850.210     9850.210
   660:     9850.210     9850.220     9860.210     9860.220     9903.740
   665:     9903.740     9903.740     9903.750     9913.740     9913.750
   670:     9951.850     9951.850     9951.850     9951.860     9961.850
   675:     9961.860     9988.840     9988.840     9988.840     9988.850
   680:     9996.080     9996.080     9998.840     9998.850    10061.390
   685:    10061.880    10065.010    10065.910    10087.060    10087.060
   690:    10087.060    10087.070    10093.560    10093.560    10097.060
   695:    10097.070    10100.800    10100.800    10100.800    10100.810
   700:    10110.800    10110.810    10204.470    10204.470    10204.470
   705:    10204.480    10214.470    10214.480    10229.650    10229.650
   710:    10229.650    10229.660    10233.080    10234.070    10234.070
   715:    10239.650    10239.660    10243.040    10243.040    10243.040
   720:    10243.050    10252.840    10252.840    10253.040    10253.050
   725:    10262.270    10262.950    10264.150    10265.090    10522.490
   730:    10522.490    10522.490    10522.500    10532.490    10532.500
   735:    10560.410    10560.410    10560.410    10560.420    10570.410
   740:    10570.420    10590.170    10590.170    10590.170    10590.180
   745:    10600.170    10600.180    10622.330    10645.580    10716.170
   750:    10736.500    10736.500    10736.500    10736.510    10743.250
   755:    10743.250    10746.270    10746.270    10746.500    10746.510
   760:    10747.660    10747.660    10747.660    10747.670    10757.660
   765:    10757.670    10800.010
