File: C:\MED-PC\Data\2025-03-21_13h24m_Subject 89.txt


Start Date: 03/21/25
End Date: 03/21/25
Subject: 89
Experiment: OralFentSA
Group: One
Box: 5
Start Time: 13:24:11
End Time: 16:25:23
MSN: 20241014_Golden_Liq_SelfAdmin
F:       0.000
G:     454.000
H:   10800.000
I:       0.000
J:       0.000
K:       0.000
L:       0.000
M:       0.000
N:       0.000
O:       0.000
P:       0.000
Q:       0.000
R:       0.000
S:       0.000
U:       0.000
V:       0.000
W:       0.000
X:       0.000
Y:       0.000
Z:       0.000
A:
     0:        0.000        0.000      180.000        4.000        0.000
     5:        5.000        0.000        5.000        0.000        0.000
    10:        1.000        0.000       10.000  3000000.000       20.000
    15:       15.000      640.000        0.000        0.000        0.000
    20:        0.000
B:
     0:        0.000        0.000        0.000      400.000        0.000
     5:      500.000        0.000      500.000        0.000        0.000
    10:        0.000        0.000     1000.000 300000000.000        0.000
    15:        0.000        0.000        0.000        0.000        0.000
    20:        0.000
C:
     0:       12.000       13.000       21.000       14.000      257.000
     5:     9697.410       12.050       12.000      185.610       15.468
    10:       14.000       21.000        0.000        0.000        0.000
    15:        0.000        0.000        0.000        0.000        0.000
    20:        0.000
D:
     0:       23.360        6.770       11.570        7.480       55.580
     5:        2.830        2.130        2.140        1.690        1.580
    10:       58.430       12.050
E:
     0:       19.000       11.000       26.000       27.000        6.000
     5:        1.000        1.000        6.000        1.000        1.000
    10:        1.000        1.000        1.000        1.000        1.000
    15:        1.000        6.000        6.000        6.000        6.000
    20:        6.000        6.000        6.000        6.000        6.000
    25:        6.000        6.000        6.000        6.000        6.000
    30:        6.000        6.000        6.000        6.000        6.000
    35:        6.000        6.000        6.000        6.000        6.000
    40:        6.000        6.000        6.000        6.000        6.000
    45:        2.000        4.000       22.000       24.000       12.000
    50:       13.000        8.000        5.000       17.000       18.000
    55:       14.000       10.000       19.000       11.000        6.000
    60:        6.000        6.000        6.000        6.000        6.000
    65:        6.000        6.000        6.000        6.000        6.000
    70:        6.000        6.000        6.000        6.000        6.000
    75:        6.000        6.000        6.000        6.000        6.000
    80:        6.000        6.000        6.000        6.000        6.000
    85:        2.000        4.000       22.000       24.000       12.000
    90:       13.000        8.000        5.000       17.000       18.000
    95:       14.000       10.000        6.000        6.000       19.000
   100:       11.000        6.000        2.000        4.000       22.000
   105:       24.000       12.000       13.000        8.000        5.000
   110:       17.000       18.000       14.000       10.000       19.000
   115:       11.000        6.000        6.000        6.000        6.000
   120:        6.000        6.000        6.000        6.000        6.000
   125:        6.000        6.000        6.000        6.000        6.000
   130:        6.000        6.000        6.000        6.000        6.000
   135:        2.000        4.000       22.000       24.000       12.000
   140:       13.000        8.000        5.000       17.000       18.000
   145:       14.000       10.000        6.000       19.000       11.000
   150:        6.000        6.000        6.000        6.000        6.000
   155:        6.000        6.000        6.000        6.000        6.000
   160:        6.000        1.000        6.000        1.000        6.000
   165:        6.000        6.000        2.000        4.000       22.000
   170:       24.000       12.000       13.000        8.000        5.000
   175:       17.000       18.000       14.000       10.000       19.000
   180:       11.000        6.000        6.000        6.000        6.000
   185:        6.000        6.000        6.000        2.000        4.000
   190:       22.000       24.000       12.000       13.000        8.000
   195:        5.000       17.000        6.000       18.000       14.000
   200:       10.000       19.000       11.000        6.000        6.000
   205:        6.000        6.000        6.000        6.000        6.000
   210:        6.000        6.000        6.000        6.000        6.000
   215:        6.000        6.000        6.000        6.000        6.000
   220:        6.000        6.000        6.000        6.000        6.000
   225:        6.000        6.000        6.000        6.000        6.000
   230:        6.000        6.000        6.000        6.000        6.000
   235:        6.000        6.000        2.000        4.000       22.000
   240:       24.000       12.000       13.000        8.000        5.000
   245:       17.000        6.000       18.000       14.000       10.000
   250:       19.000       11.000        6.000        6.000        6.000
   255:        1.000        6.000        6.000        2.000        4.000
   260:       22.000       24.000       12.000       13.000        8.000
   265:        5.000       17.000        6.000       18.000       14.000
   270:       10.000       21.000       22.000       21.000       22.000
   275:       19.000       11.000        6.000        6.000        6.000
   280:        6.000        6.000        6.000        6.000        6.000
   285:        6.000        6.000        6.000        6.000        6.000
   290:        6.000        6.000        6.000        6.000        6.000
   295:        6.000        6.000        6.000        6.000        1.000
   300:        6.000        6.000        6.000        6.000        6.000
   305:        1.000        6.000        2.000        4.000       22.000
   310:       24.000       12.000       13.000        8.000        5.000
   315:       17.000        6.000       18.000       14.000       10.000
   320:       19.000       11.000        6.000        6.000        6.000
   325:        6.000        6.000        1.000        1.000        6.000
   330:        6.000        1.000        1.000        1.000        6.000
   335:        2.000        4.000       22.000       24.000       12.000
   340:       13.000        8.000        5.000       17.000        6.000
   345:       18.000       14.000       10.000       19.000       11.000
   350:        6.000        6.000        2.000        4.000       22.000
   355:       24.000       12.000       13.000        8.000        5.000
   360:       17.000       18.000       14.000       10.000       20.000
   365:       19.000       11.000        6.000        6.000        6.000
   370:        6.000        6.000        6.000        6.000        6.000
   375:        6.000        6.000        6.000        6.000        6.000
   380:        6.000        6.000        6.000        6.000        6.000
   385:        6.000        6.000        6.000        6.000        6.000
   390:        6.000        6.000        6.000        6.000        6.000
   395:        6.000        6.000        6.000        6.000        6.000
   400:        6.000        6.000        6.000        6.000        6.000
   405:        6.000        6.000        6.000        6.000        6.000
   410:        6.000        6.000        6.000        6.000        6.000
   415:        6.000        6.000        2.000        4.000       22.000
   420:       24.000       12.000       13.000        8.000        5.000
   425:       17.000       18.000       14.000       10.000       19.000
   430:       11.000        6.000        6.000        6.000        6.000
   435:        6.000        6.000        6.000        6.000        6.000
   440:        6.000        6.000        6.000        6.000        6.000
   445:        6.000        6.000        6.000        6.000        6.000
   450:        6.000        6.000        6.000        6.000      100.000
T:
     0:        0.000        0.000        0.000        0.000       19.550
     5:      185.260      188.390      193.610      197.190      197.480
    10:      198.340      199.440      214.510      215.900      216.130
    15:      220.080      222.510      222.980      226.870      228.090
    20:      228.850      229.820      232.020      233.830      234.850
    25:      237.750      238.490      238.750      238.780      239.370
    30:      239.980      249.790      250.290      251.580      257.360
    35:      258.430      259.260      259.740      260.830      265.520
    40:      265.560      267.170      269.490      278.620      284.610
    45:      301.690      301.690      301.690      301.700      301.700
    50:      301.700      301.700      301.700      301.700      305.700
    55:      306.700      306.700      311.690      311.700      325.060
    60:      328.200      328.530      328.970      331.760      332.720
    65:      335.230      336.870      337.760      339.550      339.930
    70:      340.050      342.120      345.200      352.870      354.960
    75:      359.810      368.410      375.320      378.840      394.560
    80:      402.010      410.950      415.050      416.420      472.290
    85:      505.590      505.590      505.590      505.600      505.600
    90:      505.600      505.600      505.600      505.600      509.600
    95:      510.600      510.600      512.370      514.800      515.590
   100:      515.600      544.660      579.970      579.970      579.970
   105:      579.980      579.980      579.980      579.980      579.980
   110:      579.980      583.980      584.980      584.980      589.970
   115:      589.980      591.550      597.650      605.690      612.950
   120:      688.380      705.240     1780.690     1781.490     1787.180
   125:     1791.240     1791.510     1867.790     2373.830     2374.420
   130:     2389.080     2390.600     2409.020     2409.890     2418.760
   135:     2437.920     2437.920     2437.920     2437.930     2437.930
   140:     2437.930     2437.930     2437.930     2437.930     2441.930
   145:     2442.930     2442.930     2445.410     2447.920     2447.930
   150:     2448.550     2449.340     2449.460     2450.070     2450.690
   155:     2453.540     2455.640     2457.780     2459.030     2459.600
   160:     2489.420     2520.110     2528.730     2531.920     2667.620
   165:     2697.280     2698.410     2702.750     2702.750     2702.750
   170:     2702.760     2702.760     2702.760     2702.760     2702.760
   175:     2702.760     2706.760     2707.760     2707.760     2712.750
   180:     2712.760     2758.340     2764.940     3718.580     3729.410
   185:     3760.030     3784.180     3784.240     3787.750     3787.750
   190:     3787.750     3787.760     3787.760     3787.760     3787.760
   195:     3787.760     3787.760     3790.590     3791.760     3792.760
   200:     3792.760     3797.750     3797.760     3955.650     3980.250
   205:     4546.490     4615.370     4742.310     4743.840     4744.030
   210:     4936.690     4942.690     4976.440     5031.930     5064.030
   215:     5072.370     5120.150     5221.070     5248.540     5249.050
   220:     5250.960     5251.400     5251.550     5373.450     5380.820
   225:     5384.690     5385.170     5390.670     5391.210     5398.800
   230:     5428.760     5447.080     5453.620     5455.950     5468.500
   235:     5485.670     5505.470     5528.190     5528.190     5528.190
   240:     5528.200     5528.200     5528.200     5528.200     5528.200
   245:     5528.200     5530.330     5532.200     5533.200     5533.200
   250:     5538.190     5538.200     5539.710     5540.230     5546.810
   255:     5727.000     5777.820     5805.530     5825.560     5825.560
   260:     5825.560     5825.570     5825.570     5825.570     5825.570
   265:     5825.570     5825.570     5827.710     5829.570     5830.570
   270:     5830.570     5831.290     5831.290     5832.520     5832.520
   275:     5835.560     5835.570     5838.990     5846.220     5854.680
   280:     5861.610     5872.060     5879.950     5892.080     5925.490
   285:     6034.430     6040.780     6045.790     6102.150     6105.890
   290:     6119.790     6124.980     6734.600     6737.770     6844.540
   295:     6872.810     6951.370     6967.930     6996.820     7059.540
   300:     7088.410     7115.760     7116.050     7835.470     7910.330
   305:     7913.710     7965.110     7967.960     7967.960     7967.960
   310:     7967.970     7967.970     7967.970     7967.970     7967.970
   315:     7967.970     7969.660     7971.970     7972.970     7972.970
   320:     7977.960     7977.970     7981.820     7982.120     7984.970
   325:     7985.050     8105.650     8113.080     8114.610     8133.410
   330:     8166.210     8171.360     8174.320     8175.430     8228.850
   335:     8245.290     8245.290     8245.290     8245.300     8245.300
   340:     8245.300     8245.300     8245.300     8245.300     8246.880
   345:     8249.300     8250.300     8250.300     8255.290     8255.300
   350:     8257.950     8266.330     8271.900     8271.900     8271.900
   355:     8271.910     8271.910     8271.910     8271.910     8271.910
   360:     8271.910     8275.910     8276.910     8276.910     8281.380
   365:     8281.900     8281.910     8330.340     8338.180     8339.790
   370:     8345.650     8348.710     8353.760     8355.530     8355.700
   375:     8356.890     8357.590     8359.200     8361.150     8361.530
   380:     8362.460     8362.960     8364.670     8367.430     8373.470
   385:     8374.580     8375.600     8376.220     8377.470     8388.590
   390:     8389.720     8390.230     8391.110     8391.480     8392.820
   395:     8396.090     8396.770     8418.570     8419.030     8420.670
   400:     8421.300     8422.060     8423.790     8452.450     8454.690
   405:     8455.450     8457.000     8458.570     8458.850     8460.440
   410:     8460.620     8462.440     8462.620     8463.740     9596.380
   415:     9648.000     9685.380     9697.400     9697.400     9697.400
   420:     9697.410     9697.410     9697.410     9697.410     9697.410
   425:     9697.410     9701.410     9702.410     9702.410     9707.400
   430:     9707.410     9709.460     9727.730     9742.750     9743.340
   435:     9809.930     9844.260     9847.730     9848.420     9862.520
   440:     9951.770     9952.220     9982.960     9984.260     9985.150
   445:     9985.810    10013.830    10025.930    10388.310    10409.610
   450:    10421.680    10472.420    10511.010    10648.890    10800.000
