File: C:\MED-PC\Data\2025-03-24_12h48m_Subject 94.txt


Start Date: 03/24/25
End Date: 03/24/25
Subject: 94
Experiment: OralFentSA
Group: One
Box: 11
Start Time: 12:48:34
End Time: 15:48:57
MSN: Golden_Liq_SelfAdmin_EXT
F:       0.000
G:     406.000
H:   10800.000
I:       0.000
J:       0.000
K:       0.000
L:       0.000
M:       0.000
N:       0.000
O:       0.000
P:       0.000
Q:       0.000
R:       0.000
S:       0.000
U:       0.000
V:       0.000
W:       0.000
X:       0.000
Y:       0.000
Z:       0.000
A:
     0:        0.000        0.000      180.000        4.000        0.000
     5:        5.000        0.000        5.000        0.000        0.000
    10:        1.000        0.000       10.000   100000.000       22.000
    15:       16.000      600.000        0.000        0.000        0.000
    20:        0.000
B:
     0:        0.000        0.000        0.000        0.000        0.000
     5:        0.000        0.000        0.000        0.000        0.000
    10:        0.000        0.000     1000.000 10000000.000        0.000
    15:        0.000        0.000        0.000        0.000        0.000
    20:        0.000
C:
     0:        0.000       15.000       27.000       26.000      253.000
     5:    10726.500        1.800       13.000      519.560       39.966
    10:       26.000       27.000        0.000        0.000        0.000
    15:        0.000        0.000        0.000        0.000        0.000
    20:        0.000
D:
     0:      182.590       20.480       23.950       88.970        0.710
     5:        3.190       12.730        8.500        9.080      101.870
    10:       52.950       12.740        1.800
E:
     0:       19.000       11.000       26.000       27.000        1.000
     5:        1.000        6.000        6.000        6.000        1.000
    10:        1.000        6.000        6.000        6.000        6.000
    15:        6.000        6.000        6.000        2.000        4.000
    20:       22.000       24.000       12.000       19.000       11.000
    25:        6.000        1.000        6.000        1.000        6.000
    30:        1.000        1.000        6.000        6.000        2.000
    35:        4.000       22.000       24.000       12.000       19.000
    40:       11.000        6.000        6.000        6.000        6.000
    45:        6.000        6.000        6.000        6.000        2.000
    50:        4.000       22.000       24.000       12.000       21.000
    55:       22.000       21.000       22.000       19.000       11.000
    60:        6.000        6.000        6.000        6.000        6.000
    65:        6.000        6.000        6.000        2.000        4.000
    70:       22.000       24.000       12.000       19.000       11.000
    75:        6.000        6.000        6.000        6.000        6.000
    80:        6.000        6.000        6.000        6.000        6.000
    85:        6.000        6.000        6.000        6.000        6.000
    90:        6.000        6.000        6.000        6.000        6.000
    95:        6.000        6.000        6.000        6.000        6.000
   100:        6.000        6.000        6.000        6.000        1.000
   105:        6.000        1.000        6.000        6.000        6.000
   110:        6.000        6.000        6.000        6.000        6.000
   115:        6.000        6.000        6.000        6.000        6.000
   120:        6.000        6.000        6.000        6.000        6.000
   125:        6.000        6.000        6.000        6.000        6.000
   130:        1.000        6.000        6.000        6.000        6.000
   135:        6.000        2.000        4.000       22.000       24.000
   140:       12.000        6.000       21.000       22.000       19.000
   145:       11.000        1.000        1.000        1.000        6.000
   150:        6.000        6.000        6.000        6.000        1.000
   155:        6.000        6.000        6.000        6.000        6.000
   160:        1.000        2.000        4.000       22.000       24.000
   165:       12.000        6.000       19.000       11.000        6.000
   170:        1.000        6.000        6.000        6.000        6.000
   175:        6.000        6.000        6.000        6.000        6.000
   180:        6.000        6.000        6.000        1.000        1.000
   185:        1.000        6.000        6.000        6.000        6.000
   190:        6.000        6.000        6.000        6.000        6.000
   195:        6.000        6.000        6.000        6.000        6.000
   200:        6.000        6.000        6.000        6.000        6.000
   205:        6.000        6.000        6.000        1.000        6.000
   210:        6.000        6.000        6.000        6.000        6.000
   215:        2.000        4.000       22.000       24.000       12.000
   220:       21.000       22.000       19.000       11.000        6.000
   225:        2.000        4.000       22.000       24.000       12.000
   230:        6.000       19.000       11.000        6.000        1.000
   235:        6.000        6.000        6.000        6.000        6.000
   240:        6.000        6.000        6.000        6.000        6.000
   245:        6.000        6.000        6.000        6.000        6.000
   250:        6.000        6.000        6.000        6.000        6.000
   255:        6.000        6.000        6.000        6.000        1.000
   260:        6.000        6.000        6.000        6.000        6.000
   265:        1.000        6.000        6.000        6.000        6.000
   270:        6.000        6.000        6.000        6.000        6.000
   275:        6.000        6.000        6.000        6.000        1.000
   280:        6.000        6.000        6.000        6.000        6.000
   285:        6.000        6.000        6.000        6.000        6.000
   290:        6.000        6.000        6.000        1.000        6.000
   295:        6.000        6.000        6.000        6.000        6.000
   300:        6.000        6.000        6.000        6.000        6.000
   305:        6.000        6.000        6.000        6.000        6.000
   310:        6.000        6.000        6.000        6.000        2.000
   315:        4.000       22.000       24.000       12.000       21.000
   320:       22.000       21.000       22.000       21.000       22.000
   325:        6.000       19.000       11.000        6.000        1.000
   330:        6.000        6.000        6.000        6.000        2.000
   335:        4.000       22.000       24.000       12.000       21.000
   340:       22.000       19.000       11.000        6.000        6.000
   345:        6.000        6.000        6.000        6.000        2.000
   350:        4.000       22.000       24.000       12.000       21.000
   355:       22.000       19.000       11.000        2.000        4.000
   360:       22.000       24.000       12.000       21.000       22.000
   365:       21.000       22.000       19.000       11.000        6.000
   370:        6.000        6.000        6.000        6.000        6.000
   375:        6.000        2.000        4.000       22.000       24.000
   380:       12.000       19.000       11.000        6.000        6.000
   385:        6.000        6.000        6.000        6.000        6.000
   390:        6.000        6.000        2.000        4.000       22.000
   395:       24.000       12.000        6.000        6.000        6.000
   400:        6.000        6.000       21.000       22.000       19.000
   405:       11.000      100.000
T:
     0:        0.000        0.000        0.000        0.000       56.450
     5:       74.600      117.230      118.100      147.860      188.150
    10:      244.040      276.320      276.530      276.940      279.410
    15:      281.420      286.520      298.260      357.010      357.010
    20:      357.010      357.020      357.020      367.010      367.020
    25:      539.610      612.970      657.210      753.250      851.640
    30:      886.930      894.490     1136.490     1137.030     1144.750
    35:     1144.750     1144.750     1144.760     1144.760     1154.750
    40:     1154.760     1165.240     1320.190     1320.610     1321.680
    45:     1324.050     1324.200     1466.270     1466.660     1552.800
    50:     1552.800     1552.800     1552.810     1552.810     1553.400
    55:     1553.400     1559.080     1559.080     1562.800     1562.810
    60:     1576.760     1576.870     1576.930     1731.470     1743.830
    65:     1744.050     1744.300     1745.860     2019.800     2019.800
    70:     2019.800     2019.810     2019.810     2029.800     2029.810
    75:     2108.780     2109.030     2110.350     2110.670     2110.780
    80:     2111.250     2113.740     2461.100     2575.020     2745.880
    85:     2746.760     2819.200     2894.270     3020.130     3020.170
    90:     3020.640     3171.080     3190.960     3332.560     3332.870
    95:     3332.970     3333.000     3333.050     3333.270     3333.950
   100:     3334.020     3334.100     3334.210     3334.390     3442.220
   105:     3543.250     3664.000     3715.350     3932.160     3932.800
   110:     3935.510     3947.980     3949.270     3952.500     3952.700
   115:     3953.940     4111.870     4112.220     4112.240     4200.630
   120:     4202.510     4421.430     4539.660     4539.760     4540.180
   125:     4545.630     4546.670     4546.780     4546.840     4547.120
   130:     4588.650     4664.120     4754.960     4772.000     4883.240
   135:     4946.930     4982.290     4982.290     4982.290     4982.300
   140:     4982.300     4983.010     4987.890     4987.890     4992.290
   145:     4992.300     5031.800     5048.680     5050.340     5094.560
   150:     5094.640     5094.830     5098.270     5099.170     5120.120
   155:     5207.140     5246.740     5307.130     5430.730     5437.740
   160:     5568.550     5626.150     5626.150     5626.150     5626.160
   165:     5626.160     5629.350     5636.150     5636.160     5764.350
   170:     5794.540     6008.400     6008.550     6013.830     6014.360
   175:     6019.210     6037.900     6038.000     6041.220     6043.630
   180:     6043.780     6043.980     6044.170     6059.990     6070.760
   185:     6078.980     6094.770     6101.330     6114.390     6114.420
   190:     6133.140     6133.570     6133.660     6133.810     6133.860
   195:     6189.130     6194.820     6398.960     6479.880     6479.990
   200:     6480.040     6662.440     6818.450     6818.510     6818.940
   205:     6819.420     6819.820     6961.140     7090.120     7119.120
   210:     7185.060     7205.800     7206.160     7206.250     7207.450
   215:     7208.780     7208.780     7208.780     7208.790     7208.790
   220:     7209.070     7209.070     7218.780     7218.790     7221.520
   225:     7227.270     7227.270     7227.270     7227.280     7227.280
   230:     7235.780     7237.270     7237.280     7240.610     7359.210
   235:     7388.390     7389.030     7389.120     7389.190     7389.300
   240:     7389.530     7389.630     7389.660     7390.040     7390.230
   245:     7398.550     7398.960     7399.510     7399.630     7404.770
   250:     7404.800     7405.550     7406.770     7413.650     7413.920
   255:     7414.030     7415.970     7416.470     7416.600     7573.540
   260:     7579.600     7579.690     7831.150     7833.220     8207.820
   265:     8277.710     8298.930     8394.580     8394.940     8395.190
   270:     8395.220     8395.280     8396.660     8572.080     8663.550
   275:     8663.620     8663.700     8663.800     8672.660     8813.840
   280:     8874.470     8875.130     8876.560     8876.580     8876.650
   285:     8876.700     8877.220     8877.300     8884.760     8886.050
   290:     8886.380     8953.700     9011.220     9265.300     9328.370
   295:     9570.410     9577.050     9577.630     9580.080     9581.020
   300:     9581.080     9581.130     9581.250     9581.860     9583.470
   305:     9586.420     9586.550     9587.230     9587.270     9587.390
   310:     9587.530     9708.420     9709.130     9713.690     9723.180
   315:     9723.180     9723.180     9723.190     9723.190     9723.640
   320:     9723.640     9724.330     9724.330     9724.600     9724.600
   325:     9732.270     9733.180     9733.190     9733.540     9918.900
   330:     9989.440    10024.090    10024.980    10025.830    10028.000
   335:    10028.000    10028.000    10028.010    10028.010    10028.130
   340:    10028.130    10038.000    10038.010    10129.880    10130.130
   345:    10197.620    10198.320    10198.390    10198.540    10245.420
   350:    10245.420    10245.420    10245.430    10245.430    10246.170
   355:    10246.170    10255.420    10255.430    10258.310    10258.310
   360:    10258.310    10258.320    10258.320    10258.620    10258.620
   365:    10261.220    10261.220    10268.310    10268.320    10311.270
   370:    10406.350    10406.390    10555.840    10556.020    10556.070
   375:    10572.660    10573.550    10573.550    10573.550    10573.560
   380:    10573.560    10583.550    10583.560    10586.300    10586.330
   385:    10586.580    10720.480    10721.370    10723.780    10723.830
   390:    10724.430    10725.030    10726.490    10726.490    10726.490
   395:    10726.500    10726.500    10728.300    10728.340    10728.660
   400:    10728.780    10729.230    10734.380    10734.380    10736.490
   405:    10736.500    10800.000
