File: C:\MED-PC\Data\2025-03-11_09h21m_Subject 76.txt


Start Date: 03/11/25
End Date: 03/11/25
Subject: 76
Experiment: OralFentSA
Group: One
Box: 4
Start Time: 09:21:23
End Time: 12:22:27
MSN: 20241014_Golden_Liq_SelfAdmin
F:       0.000
G:     463.000
H:   10800.000
I:       0.000
J:       0.000
K:       0.000
L:       0.000
M:       0.000
N:       0.000
O:       0.000
P:       0.000
Q:       0.000
R:       0.000
S:       0.000
U:       0.000
V:       0.000
W:       0.000
X:       0.000
Y:       0.000
Z:       0.000
A:
     0:        0.000        0.000      180.000        4.000        0.000
     5:        5.000        0.000        5.000        0.000        0.000
    10:        1.000        0.000       10.000  3000000.000       19.000
    15:        7.000      640.000        0.000        0.000        0.000
    20:        0.000
B:
     0:        0.000        0.000        0.000      400.000        0.000
     5:      500.000        0.000      500.000        0.000        0.000
    10:        0.000        0.000     1000.000 300000000.000        0.000
    15:        0.000        0.000        0.000        0.000        0.000
    20:        0.000
C:
     0:       16.000       17.000        5.000       21.000      220.000
     5:    10484.040       50.540       15.000     2002.430      133.495
    10:       21.000        5.000        0.000        0.000        0.000
    15:        0.000        0.000        0.000        0.000        0.000
    20:        0.000
D:
     0:       13.980        5.320       21.900       57.560        1.840
     5:       17.040       31.160       14.750     1029.930       33.970
    10:       34.630      667.020       12.230       10.560       50.540
E:
     0:       19.000       11.000       26.000       27.000        1.000
     5:        6.000        6.000        6.000        6.000        2.000
    10:        4.000       22.000       24.000       12.000       13.000
    15:        8.000        5.000       17.000       18.000       14.000
    20:       10.000       20.000       19.000       11.000        2.000
    25:        4.000       22.000       24.000       12.000       13.000
    30:        8.000        5.000       17.000       18.000       14.000
    35:       10.000       19.000       11.000        6.000        6.000
    40:        6.000        6.000        6.000        6.000        6.000
    45:        6.000        1.000        6.000        6.000        6.000
    50:        6.000        6.000        6.000        6.000        6.000
    55:        6.000        2.000        4.000       22.000       24.000
    60:       12.000       13.000        8.000        5.000       17.000
    65:       18.000       14.000       10.000        6.000        6.000
    70:       19.000       11.000        6.000        6.000        6.000
    75:        2.000        4.000       22.000       24.000       12.000
    80:       13.000        8.000        5.000       17.000       18.000
    85:       14.000       10.000       19.000       11.000        6.000
    90:        6.000        6.000        6.000        6.000        1.000
    95:        6.000        6.000        6.000        6.000        2.000
   100:        4.000       22.000       24.000       12.000       13.000
   105:        8.000        5.000       17.000       21.000       22.000
   110:       18.000       14.000       10.000       19.000       11.000
   115:        6.000        6.000        6.000        6.000        6.000
   120:        6.000        6.000        6.000        6.000        6.000
   125:        6.000        6.000        6.000        2.000        4.000
   130:       22.000       24.000       12.000       13.000        8.000
   135:        5.000       17.000        6.000        6.000        6.000
   140:       18.000       14.000       10.000        6.000       19.000
   145:       11.000        2.000        4.000       22.000       24.000
   150:       12.000       13.000        8.000        5.000       17.000
   155:       18.000       14.000       10.000       21.000       22.000
   160:       19.000       11.000        6.000        6.000        6.000
   165:        6.000        6.000        6.000        6.000        6.000
   170:        6.000        6.000        6.000        2.000        4.000
   175:       22.000       24.000       12.000       13.000        8.000
   180:        5.000       17.000       18.000       14.000       10.000
   185:       19.000       11.000        6.000        6.000        6.000
   190:        6.000        6.000        6.000        6.000        6.000
   195:        6.000        6.000        6.000        6.000        6.000
   200:        6.000        6.000        6.000        6.000        2.000
   205:        4.000       22.000       24.000       12.000       13.000
   210:        8.000        5.000       17.000       18.000       14.000
   215:       10.000       21.000       22.000       21.000       22.000
   220:       19.000       11.000        6.000        6.000        6.000
   225:        6.000        6.000        6.000        6.000        6.000
   230:        6.000        6.000        6.000        6.000        6.000
   235:        6.000        6.000        6.000        6.000        6.000
   240:        6.000        6.000        6.000        2.000        4.000
   245:       22.000       24.000       12.000       13.000        8.000
   250:        5.000       17.000       18.000       14.000       10.000
   255:       19.000       11.000        6.000        6.000        6.000
   260:        6.000        6.000        6.000        6.000        6.000
   265:        6.000        6.000        6.000        2.000        4.000
   270:       22.000       24.000       12.000       13.000        8.000
   275:        5.000       17.000       18.000       14.000       10.000
   280:       19.000       11.000        6.000        1.000        6.000
   285:        6.000        6.000        6.000        2.000        4.000
   290:       22.000       24.000       12.000       13.000        8.000
   295:        5.000       17.000       18.000       14.000       10.000
   300:       19.000       11.000        6.000        6.000        6.000
   305:        6.000        6.000        6.000        6.000        6.000
   310:        6.000        6.000        6.000        2.000        4.000
   315:       22.000       24.000       12.000       13.000        8.000
   320:        5.000       17.000       18.000       14.000       10.000
   325:       19.000       11.000        6.000        6.000        6.000
   330:        6.000        6.000        6.000        6.000        6.000
   335:        6.000        6.000        6.000        6.000        6.000
   340:        6.000        6.000        2.000        4.000       22.000
   345:       24.000       12.000       13.000        8.000        5.000
   350:       17.000       18.000       14.000       10.000       19.000
   355:       11.000        6.000        6.000        6.000        2.000
   360:        4.000       22.000       24.000       12.000       13.000
   365:        8.000        5.000       17.000       21.000       22.000
   370:       18.000       14.000       10.000       19.000       11.000
   375:        6.000        6.000        6.000        6.000        6.000
   380:        6.000        6.000        6.000        6.000        6.000
   385:        6.000        6.000        6.000        6.000        6.000
   390:        6.000        6.000        6.000        6.000        6.000
   395:        6.000        6.000        6.000        6.000        6.000
   400:        6.000        6.000        6.000        6.000        6.000
   405:        6.000        6.000        6.000        6.000        6.000
   410:        6.000        6.000        6.000        6.000        6.000
   415:        6.000        6.000        6.000        6.000        6.000
   420:        6.000        6.000        6.000        6.000        6.000
   425:        6.000        6.000        6.000        6.000        6.000
   430:        6.000        6.000        6.000        6.000        6.000
   435:        6.000        6.000        6.000        6.000        6.000
   440:        6.000        2.000        4.000       22.000       24.000
   445:       12.000       13.000        8.000        5.000       17.000
   450:       18.000       14.000       10.000       19.000       11.000
   455:        6.000        6.000        6.000        6.000        6.000
   460:        6.000        6.000        6.000      100.000
T:
     0:        0.000        0.000        0.000        0.000       34.470
     5:       60.160       61.400      105.490      105.680      107.400
    10:      107.400      107.400      107.410      107.410      107.410
    15:      107.410      107.410      107.410      111.410      112.410
    20:      112.410      112.920      117.400      117.410      123.640
    25:      123.640      123.640      123.650      123.650      123.650
    30:      123.650      123.650      123.650      127.650      128.650
    35:      128.650      133.640      133.650      137.630      137.820
    40:      137.960      140.200      142.040      143.310      145.280
    45:      152.570      161.940      169.590      169.680      169.880
    50:      170.490      170.660      170.830      171.030      171.330
    55:      172.240      174.410      174.410      174.410      174.420
    60:      174.420      174.420      174.420      174.420      174.420
    65:      178.420      179.420      179.420      179.740      180.790
    70:      184.410      184.420      351.770      352.450      402.890
    75:      411.890      411.890      411.890      411.900      411.900
    80:      411.900      411.900      411.900      411.900      415.900
    85:      416.900      416.900      421.890      421.900      433.800
    90:      439.040      439.210      458.900      507.270      542.540
    95:      604.180      611.000      611.430      612.710      615.170
   100:      615.170      615.170      615.180      615.180      615.180
   105:      615.180      615.180      615.180      616.390      616.390
   110:      619.180      620.180      620.180      625.170      625.180
   115:      672.740      682.310      708.200      709.760      710.530
   120:      711.150      711.330      711.500      712.470      712.940
   125:      714.240      715.100      716.940      720.020      720.020
   130:      720.020      720.030      720.030      720.030      720.030
   135:      720.030      720.030      721.870      722.300      723.160
   140:      724.030      725.030      725.030      726.440      730.020
   145:      730.030      777.510      777.510      777.510      777.520
   150:      777.520      777.520      777.520      777.520      777.520
   155:      781.520      782.520      782.520      785.820      785.820
   160:      787.510      787.520      794.560      795.770      797.740
   165:      798.480      802.020      803.450      804.010     1492.640
   170:     1515.760     1516.650     1518.540     1522.420     1522.420
   175:     1522.420     1522.430     1522.430     1522.430     1522.430
   180:     1522.430     1522.430     1526.430     1527.430     1527.430
   185:     1532.420     1532.430     1553.590     1584.370     1619.810
   190:     1642.950     1665.460     1666.220     1677.930     1678.390
   195:     1680.380     1680.480     1686.150     1687.080     1687.810
   200:     1688.880     1692.470     1701.510     1754.680     1757.910
   205:     1757.910     1757.910     1757.920     1757.920     1757.920
   210:     1757.920     1757.920     1757.920     1761.920     1762.920
   215:     1762.920     1763.540     1763.540     1766.190     1766.190
   220:     1767.910     1767.920     1772.670     1772.960     1773.300
   225:     1811.690     1841.940     1842.120     1842.500     1843.430
   230:     1844.010     1844.300     1844.470     1846.110     1847.040
   235:     1847.450     1853.370     1854.990     1855.500     1856.540
   240:     1857.480     1857.880     1896.880     1900.950     1900.950
   245:     1900.950     1900.960     1900.960     1900.960     1900.960
   250:     1900.960     1900.960     1904.960     1905.960     1905.960
   255:     1910.950     1910.960     2930.890     2932.960     2933.990
   260:     2934.120     2937.930     2939.060     2939.580     2968.560
   265:     2995.900     3001.360     3007.910     3010.570     3010.570
   270:     3010.570     3010.580     3010.580     3010.580     3010.580
   275:     3010.580     3010.580     3014.580     3015.580     3015.580
   280:     3020.570     3020.580     3044.550     3088.720     3141.910
   285:     3146.990     3154.860     3166.830     3170.680     3170.680
   290:     3170.680     3170.690     3170.690     3170.690     3170.690
   295:     3170.690     3170.690     3174.690     3175.690     3175.690
   300:     3180.680     3180.690     3205.320     3241.910     3251.280
   305:     3254.610     3255.650     3256.760     3262.810     3361.250
   310:     3434.860     3450.440     3451.150     3465.030     3465.030
   315:     3465.030     3465.040     3465.040     3465.040     3465.040
   320:     3465.040     3465.040     3469.040     3470.040     3470.040
   325:     3475.030     3475.040     4132.060     4237.570     4238.780
   330:     4300.390     4308.330     4310.930     5250.210     5250.480
   335:     5285.950     5310.490     5311.050     5338.660     5360.440
   340:     5367.630     5377.420     5380.550     5380.550     5380.550
   345:     5380.560     5380.560     5380.560     5380.560     5380.560
   350:     5380.560     5384.560     5385.560     5385.560     5390.550
   355:     5390.560     5392.790     5399.070     5409.220     5412.110
   360:     5412.110     5412.110     5412.120     5412.120     5412.120
   365:     5412.120     5412.120     5412.120     5412.630     5412.630
   370:     5416.120     5417.120     5417.120     5422.110     5422.120
   375:     5422.680     5426.280     5426.980     5428.030     5429.570
   380:     5431.040     5431.380     5501.740     5665.380     6051.490
   385:     6255.540     6256.520     6706.000     6707.280     6709.980
   390:     6710.710     6710.920     6741.220     6746.640     6751.090
   395:     6823.140     6833.240     6837.130     6838.160     6838.840
   400:     6840.150     6841.380     6842.240     6844.000     6854.370
   405:     6957.610     6995.350     6995.860     7089.240     7367.420
   410:     7466.480     7705.610     8300.120     8310.930     8353.410
   415:     8359.890     8415.370     8416.110     8418.370     8425.620
   420:     8426.680     8427.350     8428.940     8429.080     8439.250
   425:     8440.400     8441.410     8533.520     8597.740     8614.270
   430:     8632.810     8652.550     9303.220     9515.640     9537.150
   435:     9552.670     9559.200     9559.500    10476.400    10477.740
   440:    10480.420    10484.030    10484.030    10484.030    10484.040
   445:    10484.040    10484.040    10484.040    10484.040    10484.040
   450:    10488.040    10489.040    10489.040    10494.030    10494.040
   455:    10534.580    10535.890    10716.620    10735.680    10758.890
   460:    10761.860    10781.470    10783.340    10800.000
