File: C:\MED-PC\Data\2025-03-11_09h21m_Subject 84.txt


Start Date: 03/11/25
End Date: 03/11/25
Subject: 84
Experiment: OralFentSA
Group: One
Box: 12
Start Time: 09:21:47
End Time: 12:22:27
MSN: 20241014_Golden_Liq_SelfAdmin
F:       0.000
G:     726.000
H:   10800.000
I:       0.000
J:       0.000
K:       0.000
L:       0.000
M:       0.000
N:       0.000
O:       0.000
P:       0.000
Q:       0.000
R:       0.000
S:       0.000
U:       0.000
V:       0.000
W:       0.000
X:       0.000
Y:       0.000
Z:       0.000
A:
     0:        0.000        0.000      180.000        4.000        0.000
     5:        5.000        0.000        5.000        0.000        0.000
    10:        1.000        0.000       10.000 30000000.000       20.000
    15:        7.000      640.000        0.000        0.000        0.000
    20:        0.000
B:
     0:        0.000        0.000        0.000      400.000        0.000
     5:      500.000        0.000      500.000        0.000        0.000
    10:        0.000        0.000     1000.000 3000000000.000        0.000
    15:        0.000        0.000        0.000        0.000        0.000
    20:        0.000
C:
     0:       18.000       19.000        8.000       39.000      420.000
     5:    10739.270        1.760       17.000      469.390       27.611
    10:       39.000        8.000        0.000        0.000        0.000
    15:        0.000        0.000        0.000        0.000        0.000
    20:        0.000
D:
     0:        6.410        3.940        2.650      104.760       10.360
     5:        3.320        3.070       16.980        7.830        2.380
    10:        4.820      293.880        1.940        1.840        1.780
    15:        1.670        1.760
E:
     0:       19.000       11.000       26.000       27.000        2.000
     5:        4.000       22.000       24.000       12.000       13.000
    10:        8.000        5.000       17.000       21.000       22.000
    15:       21.000       22.000       18.000       14.000       10.000
    20:        6.000       19.000       11.000        6.000        6.000
    25:        6.000        6.000        6.000        6.000        6.000
    30:        6.000        6.000        6.000        6.000        6.000
    35:        2.000        4.000       22.000       24.000       12.000
    40:       13.000        8.000        5.000       17.000       21.000
    45:       22.000       21.000       22.000        6.000       18.000
    50:       14.000       10.000       19.000       11.000        6.000
    55:        6.000        1.000        1.000        1.000        1.000
    60:        1.000        2.000        4.000       22.000       24.000
    65:       12.000       13.000        8.000        5.000       17.000
    70:       21.000       22.000       21.000       22.000        6.000
    75:       18.000       14.000       10.000       20.000       19.000
    80:       11.000        2.000        4.000       22.000       24.000
    85:       12.000       13.000        8.000        5.000       17.000
    90:       18.000       14.000       10.000       19.000       11.000
    95:        6.000        6.000        6.000        6.000        6.000
   100:        6.000        6.000        2.000        4.000       22.000
   105:       24.000       12.000       13.000        8.000        5.000
   110:       17.000       21.000       22.000       18.000       14.000
   115:       10.000       19.000       11.000        6.000        6.000
   120:        6.000        6.000        6.000        2.000        4.000
   125:       22.000       24.000       12.000       13.000        8.000
   130:        5.000       17.000       21.000       22.000       21.000
   135:       22.000        6.000       18.000       14.000       10.000
   140:       19.000       11.000        1.000        1.000        2.000
   145:        4.000       22.000       24.000       12.000       13.000
   150:        8.000        5.000       17.000       21.000       22.000
   155:       21.000       22.000       21.000       22.000        6.000
   160:       18.000       14.000       10.000       19.000       11.000
   165:        6.000        6.000        6.000        2.000        4.000
   170:       22.000       24.000       12.000       13.000        8.000
   175:        5.000       17.000       18.000       14.000       10.000
   180:       19.000       11.000        6.000        6.000        6.000
   185:        6.000        6.000        6.000        6.000        6.000
   190:        6.000        6.000        6.000        6.000        6.000
   195:        6.000        6.000        6.000        6.000        6.000
   200:        6.000        6.000        6.000        6.000        6.000
   205:        6.000        6.000        6.000        6.000        6.000
   210:        6.000        6.000        6.000        6.000        6.000
   215:        6.000        6.000        6.000        6.000        6.000
   220:        6.000        6.000        6.000        6.000        6.000
   225:        6.000        6.000        6.000        6.000        6.000
   230:        6.000        6.000        6.000        6.000        6.000
   235:        6.000        6.000        6.000        6.000        6.000
   240:        6.000        6.000        6.000        6.000        6.000
   245:        6.000        6.000        6.000        6.000        6.000
   250:        6.000        6.000        6.000        6.000        6.000
   255:        6.000        6.000        6.000        6.000        6.000
   260:        6.000        6.000        2.000        4.000       22.000
   265:       24.000       12.000       13.000        8.000        5.000
   270:       17.000       21.000       22.000       18.000       14.000
   275:       10.000       21.000       22.000        6.000        6.000
   280:       19.000       11.000        2.000        4.000       22.000
   285:       24.000       12.000       13.000        8.000        5.000
   290:       17.000       21.000       22.000        6.000       18.000
   295:       14.000       10.000       21.000       22.000       19.000
   300:       11.000        2.000        4.000       22.000       24.000
   305:       12.000       13.000        8.000        5.000       17.000
   310:       18.000       14.000       10.000       19.000       11.000
   315:        2.000        4.000       22.000       24.000       12.000
   320:       13.000        8.000        5.000       17.000       18.000
   325:        6.000       14.000       10.000       21.000       22.000
   330:       19.000       11.000        2.000        4.000       22.000
   335:       24.000       12.000       13.000        8.000        5.000
   340:       17.000       21.000       22.000       21.000       22.000
   345:       18.000       14.000       10.000       21.000       22.000
   350:       19.000       11.000        6.000        6.000        6.000
   355:        6.000        6.000        6.000        6.000        6.000
   360:        6.000        6.000        6.000        6.000        6.000
   365:        6.000        6.000        6.000        6.000        6.000
   370:        6.000        6.000        6.000        6.000        6.000
   375:        6.000        6.000        6.000        6.000        6.000
   380:        6.000        6.000        6.000        6.000        6.000
   385:        6.000        6.000        6.000        6.000        6.000
   390:        6.000        6.000        6.000        6.000        6.000
   395:        6.000        6.000        6.000        6.000        6.000
   400:        6.000        6.000        6.000        6.000        6.000
   405:        6.000        6.000        6.000        6.000        6.000
   410:        6.000        6.000        6.000        6.000        6.000
   415:        6.000        6.000        6.000        6.000        6.000
   420:        6.000        6.000        6.000        6.000        6.000
   425:        6.000        6.000        6.000        6.000        6.000
   430:        6.000        6.000        6.000        6.000        6.000
   435:        6.000        6.000        6.000        6.000        6.000
   440:        6.000        6.000        6.000        6.000        6.000
   445:        6.000        6.000        6.000        6.000        6.000
   450:        6.000        6.000        6.000        6.000        6.000
   455:        6.000        6.000        6.000        6.000        6.000
   460:        6.000        6.000        6.000        6.000        6.000
   465:        6.000        6.000        6.000        6.000        6.000
   470:        6.000        6.000        6.000        6.000        6.000
   475:        6.000        6.000        6.000        6.000        6.000
   480:        6.000        6.000        6.000        6.000        6.000
   485:        6.000        6.000        6.000        6.000        6.000
   490:        6.000        6.000        6.000        6.000        6.000
   495:        6.000        6.000        6.000        6.000        6.000
   500:        6.000        6.000        6.000        6.000        6.000
   505:        6.000        6.000        6.000        6.000        6.000
   510:        6.000        6.000        6.000        6.000        6.000
   515:        6.000        6.000        6.000        6.000        6.000
   520:        6.000        6.000        6.000        6.000        6.000
   525:        6.000        6.000        6.000        6.000        6.000
   530:        6.000        6.000        6.000        6.000        2.000
   535:        4.000       22.000       24.000       12.000       13.000
   540:        8.000        5.000       17.000        6.000       18.000
   545:       14.000       10.000       19.000       11.000        6.000
   550:        6.000        6.000        6.000        6.000        6.000
   555:        6.000        6.000        6.000        6.000        6.000
   560:        6.000        6.000        6.000        6.000        6.000
   565:        6.000        6.000        6.000        2.000        4.000
   570:       22.000       24.000       12.000       13.000        8.000
   575:        5.000       17.000        6.000       18.000       14.000
   580:       10.000        6.000       19.000       11.000        6.000
   585:        6.000        6.000        6.000        6.000        6.000
   590:        6.000        6.000        6.000        6.000        6.000
   595:        6.000        6.000        6.000        6.000        6.000
   600:        6.000        6.000        6.000        6.000        6.000
   605:        6.000        6.000        6.000        6.000        6.000
   610:        6.000        6.000        6.000        6.000        6.000
   615:        6.000        6.000        6.000        6.000        6.000
   620:        6.000        6.000        6.000        6.000        6.000
   625:        6.000        6.000        6.000        6.000        6.000
   630:        6.000        6.000        6.000        6.000        6.000
   635:        6.000        6.000        6.000        6.000        6.000
   640:        6.000        6.000        6.000        6.000        6.000
   645:        2.000        4.000       22.000       24.000       12.000
   650:       13.000        8.000        5.000       17.000        6.000
   655:        6.000        6.000        6.000       18.000       14.000
   660:       10.000       19.000       11.000        6.000        6.000
   665:        6.000        6.000        2.000        4.000       22.000
   670:       24.000       12.000       13.000        8.000        5.000
   675:       17.000       21.000       22.000        6.000       18.000
   680:       14.000       10.000       19.000       11.000        6.000
   685:        6.000        6.000        6.000        6.000        6.000
   690:        6.000        6.000        6.000        6.000        6.000
   695:        6.000        6.000        6.000        6.000        6.000
   700:        6.000        6.000        6.000        6.000        6.000
   705:        6.000        6.000        6.000        6.000        6.000
   710:        6.000        2.000        4.000       22.000       24.000
   715:       12.000       13.000        8.000        5.000       17.000
   720:        6.000       18.000       14.000       10.000       19.000
   725:       11.000      100.000
T:
     0:        0.000        0.000        0.000        0.000        3.090
     5:        3.090        3.090        3.100        3.100        3.100
    10:        3.100        3.100        3.100        4.820        4.820
    15:        5.530        5.530        7.100        8.100        8.100
    20:        9.510       13.090       13.100       13.280       13.300
    25:       13.390       14.310       14.400       14.560       14.710
    30:       15.720      217.790      218.350      254.880      256.110
    35:      259.390      259.390      259.390      259.400      259.400
    40:      259.400      259.400      259.400      259.400      259.620
    45:      259.620      260.570      260.570      263.340      263.400
    50:      264.400      264.400      269.390      269.400      284.370
    55:      287.630      315.740      320.060      320.790      323.970
    60:      331.760      360.150      360.150      360.150      360.160
    65:      360.160      360.160      360.160      360.160      360.160
    70:      360.820      360.820      361.170      361.170      362.810
    75:      364.160      365.160      365.160      366.830      370.150
    80:      370.160      390.600      390.600      390.600      390.610
    85:      390.610      390.610      390.610      390.610      390.610
    90:      394.610      395.610      395.610      400.600      400.610
    95:      495.370      495.590      496.190      496.780      496.890
   100:      497.870      498.350      500.030      500.030      500.030
   105:      500.040      500.040      500.040      500.040      500.040
   110:      500.040      500.690      500.690      504.040      505.040
   115:      505.040      510.030      510.040      510.400      510.510
   120:      510.600      515.920      515.960      519.260      519.260
   125:      519.260      519.270      519.270      519.270      519.270
   130:      519.270      519.270      519.990      519.990      520.480
   135:      520.480      522.590      523.270      524.270      524.270
   140:      529.260      529.270      577.540      578.160      583.810
   145:      583.810      583.810      583.820      583.820      583.820
   150:      583.820      583.820      583.820      584.280      584.280
   155:      584.950      584.950      585.790      585.790      586.890
   160:      587.820      588.820      588.820      593.810      593.820
   165:      607.950      608.360      613.750      696.860      696.860
   170:      696.860      696.870      696.870      696.870      696.870
   175:      696.870      696.870      700.870      701.870      701.870
   180:      706.860      706.870      713.850      713.990      714.480
   185:      714.550      714.890      715.940      716.020      719.440
   190:      719.680      723.930      725.160      725.370      725.390
   195:      725.570      725.670      726.550      726.620      727.030
   200:      727.470      727.530      727.730      728.800      729.430
   205:      730.110      730.160      730.610      731.080      731.130
   210:      731.280      733.230      733.410      734.550      734.950
   215:      739.970      740.430      740.530      743.980      745.150
   220:      745.600      746.510      755.820      757.720      765.210
   225:      765.630      766.700      766.720      767.300      767.380
   230:      768.950      774.650      776.010      776.900      776.930
   235:      776.990      777.950      778.610      779.310      779.340
   240:      779.670      779.720      779.800      780.070      831.830
   245:      833.480      837.650      846.910      856.160      856.610
   250:      860.960      861.960      862.330      863.970      864.090
   255:      864.170      864.600      865.680      866.020      866.520
   260:      866.670      889.940      934.490      934.490      934.490
   265:      934.500      934.500      934.500      934.500      934.500
   270:      934.500      935.800      935.800      938.500      939.500
   275:      939.500      939.960      939.960      942.330      942.890
   280:      944.490      944.500      946.130      946.130      946.130
   285:      946.140      946.140      946.140      946.140      946.140
   290:      946.140      946.490      946.490      948.520      950.140
   295:      951.140      951.140      951.670      951.670      956.130
   300:      956.140      957.180      957.180      957.180      957.190
   305:      957.190      957.190      957.190      957.190      957.190
   310:      961.190      962.190      962.190      967.180      967.190
   315:      971.970      971.970      971.970      971.980      971.980
   320:      971.980      971.980      971.980      971.980      975.980
   325:      976.800      976.980      976.980      978.250      978.250
   330:      981.970      981.980      985.780      985.780      985.780
   335:      985.790      985.790      985.790      985.790      985.790
   340:      985.790      986.160      986.160      989.540      989.540
   345:      989.790      990.790      990.790      991.040      991.040
   350:      995.780      995.790     1279.670     1282.070     1283.330
   355:     1283.410     1283.880     1323.230     1325.840     1328.250
   360:     1329.610     1333.010     1334.690     1338.690     1338.750
   365:     1338.780     1338.860     1345.300     1345.420     1347.880
   370:     1349.300     1349.350     1349.930     1350.160     1351.310
   375:     1353.210     1353.810     1354.240     1354.450     1359.170
   380:     1359.920     1360.840     1361.060     1361.080     1361.250
   385:     1361.330     1361.540     1361.600     1362.550     1363.210
   390:     1363.660     1363.730     1368.050     1369.480     1369.530
   395:     1369.570     1371.750     1372.570     1381.610     1750.130
   400:     1753.190     1755.120     1755.620     1964.120     1964.790
   405:     1965.200     1966.240     1982.300     1990.070     1992.590
   410:     1992.820     1993.560     1993.950     1994.050     1994.470
   415:     1997.000     1997.030     2000.120     2000.390     2001.150
   420:     2002.650     2002.730     2002.980     2005.990     2008.950
   425:     2024.460     2026.120     2027.650     2091.040     2137.350
   430:     2137.490     2138.560     2139.030     2186.740     2187.650
   435:     2187.780     2266.850     2278.700     2280.640     2280.750
   440:     2282.340     2286.250     2286.330     2601.850     2602.680
   445:     2638.360     2698.310     2699.320     2785.560     2877.540
   450:     3274.570     3280.670     3302.570     3302.790     3305.070
   455:     3305.160     3321.030     3329.580     3337.080     3339.050
   460:     3359.390     3362.420     3369.810     3370.630     3370.910
   465:     3371.130     3373.640     3529.610     3529.810     4091.610
   470:     4115.570     4115.600     4117.640     4117.970     4118.050
   475:     4119.190     4121.540     4122.570     4126.350     4127.990
   480:     4128.770     4130.320     4130.490     4133.170     4134.130
   485:     4136.610     4160.720     4162.050     4164.060     4166.370
   490:     4166.540     4168.170     4170.180     4170.290     4170.520
   495:     4176.490     4179.580     4181.970     4182.460     4182.860
   500:     4183.160     4186.480     4188.820     4190.260     4190.670
   505:     4192.640     4194.190     4200.340     4200.440     4203.950
   510:     4206.120     4207.860     4222.770     4223.100     4225.530
   515:     4226.680     4227.940     4228.530     4229.210     4231.050
   520:     4232.190     4233.760     4237.860     4242.410     4242.940
   525:     4255.880     4256.120     4256.320     4272.140     4272.550
   530:     4275.070     4304.720     4317.470     4317.980     4326.890
   535:     4326.890     4326.890     4326.900     4326.900     4326.900
   540:     4326.900     4326.900     4326.900     4328.840     4330.900
   545:     4331.900     4331.900     4336.890     4336.900     4349.120
   550:     4350.980     4361.450     4361.510     4363.200     4364.580
   555:     4368.300     4594.820     4595.020     5130.900     5131.320
   560:     5587.280     5587.460     5647.300     6283.850     6285.760
   565:     6291.560     6291.740     6303.490     6307.420     6307.420
   570:     6307.420     6307.430     6307.430     6307.430     6307.430
   575:     6307.430     6307.430     6309.270     6311.430     6312.430
   580:     6312.430     6316.840     6317.420     6317.430     6502.140
   585:     6502.270     6502.300     6561.070     6561.150     6561.500
   590:     6584.950     6592.290     6592.530     6599.600     6599.760
   595:     6602.370     6602.520     6603.450     6607.290     6623.180
   600:     6624.220     6624.750     6627.350     6637.500     6644.310
   605:     6649.280     6650.010     6651.960     6652.630     6653.040
   610:     6739.620     6783.550     6981.470     6991.920     7081.920
   615:     7162.650     7163.490     7227.650     7232.050     7232.680
   620:     7235.670     7235.760     7235.820     7360.130     7360.830
   625:     7383.890     7383.940     7385.000     7386.840     7387.340
   630:     7388.110     7739.910     7773.190     7782.010     7811.360
   635:     7889.510     7897.200     8005.510     8591.390     8597.620
   640:     8603.540     8612.060     8612.180     8612.200     8612.370
   645:     8656.310     8656.310     8656.310     8656.320     8656.320
   650:     8656.320     8656.320     8656.320     8656.320     8658.100
   655:     8659.040     8659.210     8660.120     8660.320     8661.320
   660:     8661.320     8666.310     8666.320     8688.530     8688.960
   665:     8691.500     8814.090     8823.750     8823.750     8823.750
   670:     8823.760     8823.760     8823.760     8823.760     8823.760
   675:     8823.760     8824.640     8824.640     8825.430     8827.760
   680:     8828.760     8828.760     8833.750     8833.760     8869.840
   685:     8890.300     8896.490     8981.190    10606.550    10606.760
   690:    10618.060    10619.850    10619.990    10620.060    10620.240
   695:    10620.390    10621.800    10622.770    10623.190    10624.020
   700:    10625.900    10644.640    10693.280    10694.360    10694.570
   705:    10699.590    10713.020    10714.260    10714.910    10717.730
   710:    10732.860    10739.260    10739.260    10739.260    10739.270
   715:    10739.270    10739.270    10739.270    10739.270    10739.270
   720:    10741.030    10743.270    10744.270    10744.270    10749.260
   725:    10749.270    10800.000
