File: C:\MED-PC\Data\2025-03-10_13h19m_Subject 89.txt


Start Date: 03/10/25
End Date: 03/10/25
Subject: 89
Experiment: OralFentSA
Group: One
Box: 5
Start Time: 13:19:58
End Time: 16:21:35
MSN: 20241014_Golden_Liq_SelfAdmin
F:       0.000
G:     407.000
H:   10800.000
I:       0.000
J:       0.000
K:       0.000
L:       0.000
M:       0.000
N:       0.000
O:       0.000
P:       0.000
Q:       0.000
R:       0.000
S:       0.000
U:       0.000
V:       0.000
W:       0.000
X:       0.000
Y:       0.000
Z:       0.000
A:
     0:        0.000        0.000      180.000        4.000        0.000
     5:        5.000        0.000        5.000        0.000        0.000
    10:        1.000        0.000       10.000  3000000.000       19.000
    15:        6.000      640.000        0.000        0.000        0.000
    20:        0.000
B:
     0:        0.000        0.000        0.000      400.000        0.000
     5:      500.000        0.000      500.000        0.000        0.000
    10:        0.000        0.000     1000.000 300000000.000        0.000
    15:        0.000        0.000        0.000        0.000        0.000
    20:        0.000
C:
     0:       14.000       15.000       10.000       16.000      193.000
     5:    10697.100        9.680       14.000      110.810        7.915
    10:       16.000       10.000        0.000        0.000        0.000
    15:        0.000        0.000        0.000        0.000        0.000
    20:        0.000
D:
     0:       10.760        1.000        2.610        1.340       15.370
     5:       20.780        2.690        5.510        2.170        9.330
    10:       23.930        2.800        2.840        9.680
E:
     0:       19.000       11.000       26.000       27.000        6.000
     5:        1.000        6.000        2.000        4.000       22.000
    10:       24.000       12.000       13.000        8.000        5.000
    15:       17.000       21.000       22.000       18.000       14.000
    20:       10.000       19.000       11.000        6.000        6.000
    25:        6.000        6.000        6.000        1.000        6.000
    30:        6.000        6.000        2.000        4.000       22.000
    35:       24.000       12.000       13.000        8.000        5.000
    40:       17.000        6.000       18.000       14.000       10.000
    45:       19.000       11.000        6.000        6.000        6.000
    50:        6.000        6.000        6.000        6.000        6.000
    55:        6.000        6.000        6.000        6.000        6.000
    60:        6.000        6.000        6.000        6.000        6.000
    65:        6.000        6.000        6.000        6.000        6.000
    70:        6.000        6.000        6.000        6.000        6.000
    75:        6.000        2.000        4.000       22.000       24.000
    80:       12.000       13.000        8.000        5.000       17.000
    85:        6.000       18.000       14.000       10.000       19.000
    90:       11.000        6.000        6.000        6.000        6.000
    95:        6.000        6.000        6.000        6.000        6.000
   100:        1.000        6.000        6.000        6.000        6.000
   105:        6.000        6.000        6.000        6.000        6.000
   110:        6.000        6.000        6.000        2.000        4.000
   115:       22.000       24.000       12.000       13.000        8.000
   120:        5.000       17.000        6.000        6.000       18.000
   125:       14.000       10.000       19.000       11.000        6.000
   130:        6.000        6.000        6.000        6.000        6.000
   135:        6.000        2.000        4.000       22.000       24.000
   140:       12.000       13.000        8.000        5.000       17.000
   145:       18.000       14.000       10.000       19.000       11.000
   150:        6.000        6.000        6.000        6.000        6.000
   155:        2.000        4.000       22.000       24.000       12.000
   160:       13.000        8.000        5.000       17.000       21.000
   165:       22.000       18.000       14.000       10.000       19.000
   170:       11.000        6.000        6.000        6.000        6.000
   175:        6.000        6.000        6.000        6.000        6.000
   180:        6.000        6.000        6.000        6.000        6.000
   185:        6.000        1.000        6.000        6.000        6.000
   190:        6.000        6.000        6.000        6.000        6.000
   195:        6.000        6.000        6.000        6.000        6.000
   200:        6.000        6.000        6.000        6.000        6.000
   205:        6.000        6.000        6.000        2.000        4.000
   210:       22.000       24.000       12.000       13.000        8.000
   215:        5.000       17.000        6.000       18.000       14.000
   220:       10.000        6.000       19.000       11.000        6.000
   225:        6.000        6.000        6.000        6.000        6.000
   230:        2.000        4.000       22.000       24.000       12.000
   235:       13.000        8.000        5.000       17.000       18.000
   240:       14.000       10.000        6.000        6.000       19.000
   245:       11.000        6.000        6.000        6.000        6.000
   250:        6.000        6.000        6.000        6.000        6.000
   255:        6.000        6.000        6.000        6.000        6.000
   260:        6.000        2.000        4.000       22.000       24.000
   265:       12.000       13.000        8.000        5.000       17.000
   270:        6.000       18.000       14.000       10.000        6.000
   275:       19.000       11.000        6.000        6.000        6.000
   280:        6.000        6.000        6.000        6.000        6.000
   285:        6.000        6.000        6.000        6.000        6.000
   290:        6.000        6.000        6.000        6.000        6.000
   295:        6.000        6.000        6.000        6.000        6.000
   300:        6.000        6.000        1.000        2.000        4.000
   305:       22.000       24.000       12.000       13.000        8.000
   310:        5.000       17.000       18.000       14.000       10.000
   315:        6.000       19.000       11.000        6.000        6.000
   320:        6.000        6.000        6.000        6.000        6.000
   325:        6.000        2.000        4.000       22.000       24.000
   330:       12.000       13.000        8.000        5.000       17.000
   335:       18.000       14.000       10.000       20.000       20.000
   340:       19.000       11.000        1.000        6.000        6.000
   345:        6.000        6.000        6.000        6.000        2.000
   350:        4.000       22.000       24.000       12.000       13.000
   355:        8.000        5.000       17.000        6.000       18.000
   360:       14.000       10.000       19.000       11.000        6.000
   365:        6.000        6.000        6.000        6.000        6.000
   370:        1.000        2.000        4.000       22.000       24.000
   375:       12.000       13.000        8.000        5.000       17.000
   380:        6.000       18.000       14.000       10.000       19.000
   385:       11.000        1.000        6.000        6.000        2.000
   390:        4.000       22.000       24.000       12.000       13.000
   395:        8.000        5.000       17.000       18.000       14.000
   400:       10.000        6.000       19.000       11.000        6.000
   405:        6.000        6.000      100.000
T:
     0:        0.000        0.000        0.000        0.000       10.350
     5:       50.760       75.740       78.170       78.170       78.170
    10:       78.180       78.180       78.180       78.180       78.180
    15:       78.180       78.810       78.810       82.180       83.180
    20:       83.180       88.170       88.180       88.940       89.020
    25:       95.150      113.840      127.040      177.600      198.020
    30:      200.600      201.310      358.650      358.650      358.650
    35:      358.660      358.660      358.660      358.660      358.660
    40:      358.660      359.660      362.660      363.660      363.660
    45:      368.650      368.660      406.110      408.630      408.860
    50:      434.280      492.590     1046.170     1046.900     1344.560
    55:     1345.040     1389.650     1402.470     1403.450     1463.440
    60:     1473.350     1525.320     2071.020     2072.170     2078.080
    65:     2081.840     2108.320     2122.300     2122.590     2132.620
    70:     2141.140     2192.770     2215.790     2221.480     2238.020
    75:     2256.990     2304.350     2304.350     2304.350     2304.360
    80:     2304.360     2304.360     2304.360     2304.360     2304.360
    85:     2306.970     2308.360     2309.360     2309.360     2314.350
    90:     2314.360     2317.010     2317.500     2327.060     2327.230
    95:     2327.330     2334.070     2346.880     2349.500     2349.750
   100:     2401.710     2403.840     2431.800     2432.270     2437.550
   105:     2438.070     2555.560     2603.870     2604.060     2632.530
   110:     3646.320     3647.080     3700.660     3706.270     3706.270
   115:     3706.270     3706.280     3706.280     3706.280     3706.280
   120:     3706.280     3706.280     3707.620     3707.840     3710.280
   125:     3711.280     3711.280     3716.270     3716.280     3717.720
   130:     3735.440     3735.800     3747.280     3747.520     3761.550
   135:     3800.020     3802.940     3802.940     3802.940     3802.950
   140:     3802.950     3802.950     3802.950     3802.950     3802.950
   145:     3806.950     3807.950     3807.950     3812.940     3812.950
   150:     3818.320     3840.930     3891.930     3911.990     3922.480
   155:     3924.000     3924.000     3924.000     3924.010     3924.010
   160:     3924.010     3924.010     3924.010     3924.010     3924.190
   165:     3924.190     3928.010     3929.010     3929.010     3934.000
   170:     3934.010     3944.790     3944.940     4029.920     5088.760
   175:     5104.550     5121.060     5121.680     5622.840     5623.350
   180:     5623.980     5624.210     5667.210     5675.790     5720.650
   185:     5737.940     5752.010     5787.250     5803.070     5811.220
   190:     5848.510     5881.830     5952.660     5961.120     5961.310
   195:     6031.510     6032.800     6108.100     6138.670     6192.060
   200:     6335.110     6363.900     6375.710     6377.130     6381.590
   205:     6393.120     6395.900     6547.010     6551.580     6551.580
   210:     6551.580     6551.590     6551.590     6551.590     6551.590
   215:     6551.590     6551.590     6554.280     6555.590     6556.590
   220:     6556.590     6559.200     6561.580     6561.590     6598.120
   225:     6598.340     6602.630     6602.760     6618.410     6632.410
   230:     6637.000     6637.000     6637.000     6637.010     6637.010
   235:     6637.010     6637.010     6637.010     6637.010     6641.010
   240:     6642.010     6642.010     6642.520     6645.810     6647.000
   245:     6647.010     8069.680     8073.670     8073.830     8086.040
   250:     8102.920     8103.430     8103.490     8156.170     8244.280
   255:     8259.430     8312.330     8345.430     8362.290     8404.170
   260:     8404.320     8407.790     8407.790     8407.790     8407.800
   265:     8407.800     8407.800     8407.800     8407.800     8407.800
   270:     8409.970     8411.800     8412.800     8412.800     8414.110
   275:     8417.790     8417.800     8453.580     8459.860     8466.680
   280:     8467.870     8468.020     8468.130     8468.600     9306.120
   285:     9322.690     9351.840     9413.600     9413.690     9414.310
   290:     9415.140     9478.990     9484.180     9486.950     9488.910
   295:     9489.260     9550.030     9566.440     9580.780     9580.990
   300:     9581.040     9581.740     9637.290     9645.520     9645.520
   305:     9645.520     9645.530     9645.530     9645.530     9645.530
   310:     9645.530     9645.530     9649.530     9650.530     9650.530
   315:     9654.860     9655.520     9655.530     9660.660     9686.700
   320:     9699.570     9700.000     9720.230     9745.740     9745.860
   325:     9787.930     9790.900     9790.900     9790.900     9790.910
   330:     9790.910     9790.910     9790.910     9790.910     9790.910
   335:     9794.910     9795.910     9795.910     9798.860     9800.630
   340:     9800.900     9800.910     9803.820     9814.840     9820.250
   345:     9820.440     9820.940     9824.750     9825.790     9829.300
   350:     9829.300     9829.300     9829.310     9829.310     9829.310
   355:     9829.310     9829.310     9829.310     9832.110     9833.310
   360:     9834.310     9834.310     9839.300     9839.310     9923.480
   365:     9923.620     9928.910     9934.260     9936.630    10600.410
   370:    10634.520    10641.900    10641.900    10641.900    10641.910
   375:    10641.910    10641.910    10641.910    10641.910    10641.910
   380:    10644.750    10645.910    10646.910    10646.910    10651.900
   385:    10651.910    10663.070    10686.210    10693.090    10697.090
   390:    10697.090    10697.090    10697.100    10697.100    10697.100
   395:    10697.100    10697.100    10697.100    10701.100    10702.100
   400:    10702.100    10706.780    10707.090    10707.100    10731.690
   405:    10731.800    10736.120    10800.000
