File: C:\MED-PC\Data\2025-03-20_13h38m_Subject 87.txt


Start Date: 03/20/25
End Date: 03/20/25
Subject: 87
Experiment: OralFentSA
Group: One
Box: 3
Start Time: 13:38:50
End Time: 16:39:56
MSN: 20241014_Golden_Liq_SelfAdmin
F:       0.000
G:    1295.000
H:   10800.000
I:       0.000
J:       0.000
K:       0.000
L:       0.000
M:       0.000
N:       0.000
O:       0.000
P:       0.000
Q:       0.000
R:       0.000
S:       0.000
U:       0.000
V:       0.000
W:       0.000
X:       0.000
Y:       0.000
Z:       0.000
A:
     0:        0.000        0.000      180.000        4.000        0.000
     5:        5.000        0.000        5.000        0.000        0.000
    10:        1.000        0.000       10.000  3000000.000       19.000
    15:       14.000      640.000        0.000        0.000        0.000
    20:        0.000
B:
     0:        0.000        0.000        0.000      400.000        0.000
     5:      500.000        0.000      500.000        0.000        0.000
    10:        0.000        0.000     1000.000 300000000.000        0.000
    15:        0.000        0.000        0.000        0.000        0.000
    20:        0.000
C:
     0:       67.000       68.000       34.000       88.000      277.000
     5:    10681.160      106.360       46.000     2689.250       58.462
    10:       88.000       34.000        0.000        0.000        0.000
    15:        0.000        0.000        0.000        0.000        0.000
    20:        0.000
D:
     0:       44.700       29.550       29.520      122.490        7.640
     5:        8.740        4.930        3.390        9.170       33.590
    10:        8.320       71.170       12.300        1.010       15.530
    15:       30.400      468.530        0.970       12.580       15.170
    20:        7.230      695.240        7.650      334.960        3.170
    25:       51.710       10.910        9.210        7.140       21.460
    30:       96.790        2.490       17.270       21.140       22.670
    35:        6.070       33.950       28.790        3.440       22.300
    40:      109.950       37.790        5.160       23.900       72.800
    45:      106.360
E:
     0:       19.000       11.000       26.000       27.000        1.000
     5:        2.000        4.000       22.000       24.000       12.000
    10:       13.000        8.000        5.000       17.000       18.000
    15:       14.000       10.000       19.000       11.000        6.000
    20:        6.000        6.000        6.000        6.000        6.000
    25:        6.000        6.000        1.000        1.000        1.000
    30:        1.000        2.000        4.000       22.000       24.000
    35:       12.000       13.000        8.000        5.000       17.000
    40:       18.000       14.000       10.000       19.000       11.000
    45:        6.000        2.000        4.000       22.000       24.000
    50:       12.000       13.000        8.000        5.000       17.000
    55:       18.000       14.000       10.000       19.000       11.000
    60:        6.000        2.000        4.000       22.000       24.000
    65:       12.000       13.000        8.000        5.000       17.000
    70:       18.000       14.000       10.000       19.000       11.000
    75:        1.000        1.000        1.000        6.000        2.000
    80:        4.000       22.000       24.000       12.000       13.000
    85:        8.000        5.000       17.000       18.000       14.000
    90:       10.000       19.000       11.000        2.000        4.000
    95:       22.000       24.000       12.000       13.000        8.000
   100:        5.000       17.000       18.000       14.000       10.000
   105:        6.000        6.000        6.000        6.000       19.000
   110:       11.000        1.000        6.000        6.000        6.000
   115:        6.000        6.000        6.000        6.000        6.000
   120:        6.000        6.000        6.000        2.000        4.000
   125:       22.000       24.000       12.000       13.000        8.000
   130:        5.000       17.000       21.000       22.000       18.000
   135:       14.000       10.000       19.000       11.000        2.000
   140:        4.000       22.000       24.000       12.000       13.000
   145:        8.000        5.000       17.000       18.000       14.000
   150:       10.000        6.000       19.000       11.000        2.000
   155:        4.000       22.000       24.000       12.000       13.000
   160:        8.000        5.000       17.000       18.000        6.000
   165:       14.000       10.000       19.000       11.000        2.000
   170:        4.000       22.000       24.000       12.000       13.000
   175:        8.000        5.000       17.000       18.000       14.000
   180:       10.000       21.000       22.000       19.000       11.000
   185:        2.000        4.000       22.000       24.000       12.000
   190:       13.000        8.000        5.000       17.000        6.000
   195:       18.000       14.000       10.000       19.000       11.000
   200:        2.000        4.000       22.000       24.000       12.000
   205:       13.000        8.000        5.000       17.000       18.000
   210:       14.000       10.000       19.000       11.000        2.000
   215:        4.000       22.000       24.000       12.000       13.000
   220:        8.000        5.000       17.000       18.000       21.000
   225:       22.000       14.000       10.000        6.000       19.000
   230:       11.000        2.000        4.000       22.000       24.000
   235:       12.000       13.000        8.000        5.000       17.000
   240:       18.000       14.000       10.000       19.000       11.000
   245:        6.000        6.000        6.000        6.000        6.000
   250:        6.000        6.000        6.000        6.000        6.000
   255:        6.000        6.000        2.000        4.000       22.000
   260:       24.000       12.000       13.000        8.000        5.000
   265:       17.000       18.000       14.000       10.000       19.000
   270:       11.000        2.000        4.000       22.000       24.000
   275:       12.000       13.000        8.000        5.000       17.000
   280:       21.000       22.000       21.000       22.000       18.000
   285:       14.000       10.000       19.000       11.000        2.000
   290:        4.000       22.000       24.000       12.000       13.000
   295:        8.000        5.000       17.000       18.000       14.000
   300:       10.000        6.000       19.000       11.000        6.000
   305:        6.000        6.000        6.000        6.000        6.000
   310:        6.000        6.000        6.000        6.000        6.000
   315:        6.000        6.000        6.000        6.000        6.000
   320:        2.000        4.000       22.000       24.000       12.000
   325:       13.000        8.000        5.000       17.000       18.000
   330:       21.000       22.000       14.000       10.000       19.000
   335:       11.000        6.000        6.000        6.000        6.000
   340:        6.000        6.000        6.000        6.000        6.000
   345:        6.000        6.000        6.000        6.000        6.000
   350:        6.000        6.000        6.000        6.000        6.000
   355:        6.000        6.000        6.000        6.000        6.000
   360:        6.000        6.000        2.000        4.000       22.000
   365:       24.000       12.000       13.000        8.000        5.000
   370:       17.000       18.000       14.000       10.000       19.000
   375:       11.000        6.000        2.000        4.000       22.000
   380:       24.000       12.000       13.000        8.000        5.000
   385:       17.000        6.000        6.000        6.000       18.000
   390:       14.000       10.000       19.000       11.000        2.000
   395:        4.000       22.000       24.000       12.000       13.000
   400:        8.000        5.000       17.000       18.000       14.000
   405:       10.000       19.000       11.000        6.000        6.000
   410:        6.000        2.000        4.000       22.000       24.000
   415:       12.000       13.000        8.000        5.000       17.000
   420:       18.000       14.000       10.000       19.000       11.000
   425:        6.000        2.000        4.000       22.000       24.000
   430:       12.000       13.000        8.000        5.000       17.000
   435:       18.000       14.000       10.000       19.000       11.000
   440:        6.000        2.000        4.000       22.000       24.000
   445:       12.000       13.000        8.000        5.000       17.000
   450:        6.000       18.000       14.000       10.000       19.000
   455:       11.000        6.000        6.000        2.000        4.000
   460:       22.000       24.000       12.000       13.000        8.000
   465:        5.000       17.000       21.000       22.000       18.000
   470:       14.000       10.000       19.000       11.000        6.000
   475:        6.000        6.000        6.000        6.000        6.000
   480:        6.000        6.000        6.000        6.000        6.000
   485:        6.000        6.000        6.000        6.000        6.000
   490:        6.000        6.000        6.000        6.000        6.000
   495:        6.000        6.000        6.000        6.000        6.000
   500:        6.000        6.000        6.000        2.000        4.000
   505:       22.000       24.000       12.000       13.000        8.000
   510:        5.000       17.000       21.000       22.000       21.000
   515:       22.000       18.000       14.000       10.000       19.000
   520:       11.000        6.000        6.000        2.000        4.000
   525:       22.000       24.000       12.000       13.000        8.000
   530:        5.000       17.000       18.000       14.000       10.000
   535:       19.000       11.000        2.000        4.000       22.000
   540:       24.000       12.000       13.000        8.000        5.000
   545:       17.000       18.000       14.000       10.000        6.000
   550:       19.000       11.000        6.000        6.000        6.000
   555:        6.000        6.000        6.000        6.000        6.000
   560:        6.000        6.000        6.000        6.000        6.000
   565:        6.000        6.000        6.000        2.000        4.000
   570:       22.000       24.000       12.000       13.000        8.000
   575:        5.000       17.000       18.000       14.000       10.000
   580:       19.000       11.000        6.000        6.000        2.000
   585:        4.000       22.000       24.000       12.000       13.000
   590:        8.000        5.000       17.000       18.000       14.000
   595:       10.000       19.000       11.000        2.000        4.000
   600:       22.000       24.000       12.000       13.000        8.000
   605:        5.000       17.000       18.000       14.000       10.000
   610:        6.000       19.000       11.000        6.000        6.000
   615:        6.000        6.000        6.000        6.000        6.000
   620:        6.000        6.000        6.000        6.000        6.000
   625:        2.000        4.000       22.000       24.000       12.000
   630:       13.000        8.000        5.000       17.000       18.000
   635:       14.000       10.000       21.000       22.000       19.000
   640:       11.000        6.000        6.000        6.000        6.000
   645:        6.000        2.000        4.000       22.000       24.000
   650:       12.000       13.000        8.000        5.000       17.000
   655:       21.000       22.000       18.000       14.000       10.000
   660:       19.000       11.000        1.000        1.000        1.000
   665:        1.000        1.000        1.000        1.000        1.000
   670:        1.000        1.000        2.000        4.000       22.000
   675:       24.000       12.000       13.000        8.000        5.000
   680:       17.000        6.000        6.000        6.000       18.000
   685:       14.000       10.000       19.000       11.000        2.000
   690:        4.000       22.000       24.000       12.000       13.000
   695:        8.000        5.000       17.000       18.000       14.000
   700:       10.000       19.000       11.000        6.000        6.000
   705:        6.000        6.000        6.000        6.000        6.000
   710:        6.000        6.000        6.000        6.000        6.000
   715:        6.000        6.000        6.000        6.000        6.000
   720:        6.000        6.000        6.000        1.000        1.000
   725:        1.000        2.000        4.000       22.000       24.000
   730:       12.000       13.000        8.000        5.000       17.000
   735:       18.000       14.000       10.000       19.000       11.000
   740:        2.000        4.000       22.000       24.000       12.000
   745:       13.000        8.000        5.000       17.000       18.000
   750:       14.000       10.000       19.000       11.000        6.000
   755:        2.000        4.000       22.000       24.000       12.000
   760:       13.000        8.000        5.000       17.000       18.000
   765:       14.000       10.000        6.000       19.000       11.000
   770:        6.000        6.000        6.000        2.000        4.000
   775:       22.000       24.000       12.000       13.000        8.000
   780:        5.000       17.000       18.000       14.000       10.000
   785:       19.000       11.000        2.000        4.000       22.000
   790:       24.000       12.000       13.000        8.000        5.000
   795:       17.000       18.000       14.000       10.000       21.000
   800:       22.000       19.000       11.000        2.000        4.000
   805:       22.000       24.000       12.000       13.000        8.000
   810:        5.000       17.000       18.000       14.000       10.000
   815:        6.000       19.000       11.000        6.000        1.000
   820:        1.000        6.000        6.000        6.000        6.000
   825:        6.000        6.000        6.000        6.000        6.000
   830:        6.000        6.000        6.000        6.000        6.000
   835:        2.000        4.000       22.000       24.000       12.000
   840:       13.000        8.000        5.000       17.000       18.000
   845:       14.000       10.000       19.000       11.000        6.000
   850:        6.000        6.000        6.000        6.000        6.000
   855:        6.000        2.000        4.000       22.000       24.000
   860:       12.000       13.000        8.000        5.000       17.000
   865:       21.000       22.000       18.000       14.000       10.000
   870:       19.000       11.000        6.000        6.000        6.000
   875:        6.000        2.000        4.000       22.000       24.000
   880:       12.000       13.000        8.000        5.000       17.000
   885:        6.000       18.000       14.000       10.000       19.000
   890:       11.000        6.000        6.000        2.000        4.000
   895:       22.000       24.000       12.000       13.000        8.000
   900:        5.000       17.000       18.000       14.000       10.000
   905:       19.000       11.000        6.000        6.000        6.000
   910:        2.000        4.000       22.000       24.000       12.000
   915:       13.000        8.000        5.000       17.000       18.000
   920:       14.000       10.000       19.000       11.000        6.000
   925:        2.000        4.000       22.000       24.000       12.000
   930:       13.000        8.000        5.000       17.000       18.000
   935:       14.000       10.000       19.000       11.000        2.000
   940:        4.000       22.000       24.000       12.000       13.000
   945:        8.000        5.000       17.000       18.000       14.000
   950:       10.000       21.000       22.000       19.000       11.000
   955:        6.000        2.000        4.000       22.000       24.000
   960:       12.000       13.000        8.000        5.000       17.000
   965:       21.000       22.000       21.000       22.000       18.000
   970:       14.000       10.000       19.000       11.000        2.000
   975:        4.000       22.000       24.000       12.000       13.000
   980:        8.000        5.000       17.000       18.000       14.000
   985:       10.000        6.000        6.000        6.000        6.000
   990:       19.000       11.000        6.000        6.000        6.000
   995:        6.000        6.000        6.000        6.000        6.000
  1000:        6.000        6.000        6.000        6.000        6.000
  1005:        6.000        6.000        6.000        6.000        6.000
  1010:        6.000        6.000        6.000        2.000        4.000
  1015:       22.000       24.000       12.000       13.000        8.000
  1020:        5.000       17.000       21.000       22.000       18.000
  1025:       14.000       10.000       19.000       11.000        6.000
  1030:        6.000        2.000        4.000       22.000       24.000
  1035:       12.000       13.000        8.000        5.000       17.000
  1040:       18.000       14.000       10.000       19.000       11.000
  1045:        6.000        2.000        4.000       22.000       24.000
  1050:       12.000       13.000        8.000        5.000       17.000
  1055:       18.000       14.000       10.000       19.000       11.000
  1060:        2.000        4.000       22.000       24.000       12.000
  1065:       13.000        8.000        5.000       17.000        6.000
  1070:       18.000       14.000       10.000       19.000       11.000
  1075:        2.000        4.000       22.000       24.000       12.000
  1080:       13.000        8.000        5.000       17.000       18.000
  1085:       14.000       10.000       19.000       11.000        2.000
  1090:        4.000       22.000       24.000       12.000       13.000
  1095:        8.000        5.000       17.000       18.000       14.000
  1100:       10.000       19.000       11.000        2.000        4.000
  1105:       22.000       24.000       12.000       13.000        8.000
  1110:        5.000       17.000       18.000       14.000       10.000
  1115:       21.000       22.000       19.000       11.000        6.000
  1120:        6.000        6.000        6.000        6.000        6.000
  1125:        6.000        6.000        6.000        6.000        6.000
  1130:        6.000        2.000        4.000       22.000       24.000
  1135:       12.000       13.000        8.000        5.000       17.000
  1140:       18.000       14.000       10.000       19.000       11.000
  1145:        6.000        6.000        2.000        4.000       22.000
  1150:       24.000       12.000       13.000        8.000        5.000
  1155:       17.000       20.000       18.000       14.000       10.000
  1160:       19.000       11.000        6.000        1.000        1.000
  1165:        1.000        1.000        2.000        4.000       22.000
  1170:       24.000       12.000       13.000        8.000        5.000
  1175:       17.000       18.000       14.000       10.000        6.000
  1180:       19.000       11.000        2.000        4.000       22.000
  1185:       24.000       12.000       13.000        8.000        5.000
  1190:       17.000       21.000       22.000       18.000       14.000
  1195:       10.000       19.000       11.000        2.000        4.000
  1200:       22.000       24.000       12.000       13.000        8.000
  1205:        5.000       17.000       21.000       22.000       21.000
  1210:       22.000       18.000       14.000       10.000       19.000
  1215:       11.000        2.000        4.000       22.000       24.000
  1220:       12.000       13.000        8.000        5.000       17.000
  1225:       18.000       14.000       10.000       19.000       11.000
  1230:        1.000        1.000        1.000        1.000        2.000
  1235:        4.000       22.000       24.000       12.000       13.000
  1240:        8.000        5.000       17.000       18.000       14.000
  1245:       10.000       19.000       11.000        6.000        2.000
  1250:        4.000       22.000       24.000       12.000       13.000
  1255:        8.000        5.000       17.000       18.000       14.000
  1260:       10.000       19.000       11.000        2.000        4.000
  1265:       22.000       24.000       12.000       13.000        8.000
  1270:        5.000       17.000       18.000       14.000       10.000
  1275:       19.000       11.000        1.000        6.000        2.000
  1280:        4.000       22.000       24.000       12.000       13.000
  1285:        8.000        5.000       17.000       18.000       14.000
  1290:       10.000       19.000       11.000        6.000        6.000
  1295:      100.000
T:
     0:        0.000        0.000        0.000        0.000       36.100
     5:       63.890       63.890       63.890       63.900       63.900
    10:       63.900       63.900       63.900       63.900       67.900
    15:       68.900       68.900       73.890       73.900      108.600
    20:      111.800      112.110      128.210      128.440      145.710
    25:      145.750      173.260      191.660      191.940      192.700
    30:      192.960      217.590      217.590      217.590      217.600
    35:      217.600      217.600      217.600      217.600      217.600
    40:      221.600      222.600      222.600      227.590      227.600
    45:      247.150      249.880      249.880      249.880      249.890
    50:      249.890      249.890      249.890      249.890      249.890
    55:      253.890      254.890      254.890      259.880      259.890
    60:      279.410      284.380      284.380      284.380      284.390
    65:      284.390      284.390      284.390      284.390      284.390
    70:      288.390      289.390      289.390      294.380      294.390
    75:      317.200      322.080      322.860      406.880      467.540
    80:      467.540      467.540      467.550      467.550      467.550
    85:      467.550      467.550      467.550      471.550      472.550
    90:      472.550      477.540      477.550      514.940      514.940
    95:      514.940      514.950      514.950      514.950      514.950
   100:      514.950      514.950      518.950      519.950      519.950
   105:      522.590      523.090      523.120      523.300      524.940
   110:      524.950      540.260      568.620     1164.410     1164.510
   115:     1165.360     1165.390     1168.140     1171.160     1172.450
   120:     1180.590     1208.850     1209.830     1270.630     1270.630
   125:     1270.630     1270.640     1270.640     1270.640     1270.640
   130:     1270.640     1270.640     1271.070     1271.070     1274.640
   135:     1275.640     1275.640     1280.630     1280.640     1293.570
   140:     1293.570     1293.570     1293.580     1293.580     1293.580
   145:     1293.580     1293.580     1293.580     1297.580     1298.580
   150:     1298.580     1302.320     1303.570     1303.580     1611.110
   155:     1611.110     1611.110     1611.120     1611.120     1611.120
   160:     1611.120     1611.120     1611.120     1615.120     1616.050
   165:     1616.120     1616.120     1621.110     1621.120     1628.880
   170:     1628.880     1628.880     1628.890     1628.890     1628.890
   175:     1628.890     1628.890     1628.890     1632.890     1633.890
   180:     1633.890     1636.100     1636.100     1638.880     1638.890
   185:     1646.360     1646.360     1646.360     1646.370     1646.370
   190:     1646.370     1646.370     1646.370     1646.370     1649.760
   195:     1650.370     1651.370     1651.370     1656.360     1656.370
   200:     1661.120     1661.120     1661.120     1661.130     1661.130
   205:     1661.130     1661.130     1661.130     1661.130     1665.130
   210:     1666.130     1666.130     1671.120     1671.130     1676.770
   215:     1676.770     1676.770     1676.780     1676.780     1676.780
   220:     1676.780     1676.780     1676.780     1680.780     1681.680
   225:     1681.680     1681.780     1681.780     1685.950     1686.770
   230:     1686.780     1725.220     1725.220     1725.220     1725.230
   235:     1725.230     1725.230     1725.230     1725.230     1725.230
   240:     1729.230     1730.230     1730.230     1735.220     1735.230
   245:     1758.820     1760.890     1761.190     1771.950     1773.180
   250:     1773.360     1837.480     1950.010     1959.720     2339.970
   255:     2508.600     2612.980     2716.140     2716.140     2716.140
   260:     2716.150     2716.150     2716.150     2716.150     2716.150
   265:     2716.150     2720.150     2721.150     2721.150     2726.140
   270:     2726.150     2744.570     2744.570     2744.570     2744.580
   275:     2744.580     2744.580     2744.580     2744.580     2744.580
   280:     2745.020     2745.020     2745.430     2745.430     2748.580
   285:     2749.580     2749.580     2754.570     2754.580     2792.640
   290:     2792.640     2792.640     2792.650     2792.650     2792.650
   295:     2792.650     2792.650     2792.650     2796.650     2797.650
   300:     2797.650     2800.970     2802.640     2802.650     2813.180
   305:     2852.710     2860.870     2864.850     2865.300     2868.040
   310:     2868.470     2870.670     2872.950     2891.620     2891.920
   315:     2931.320     2931.610     2933.030     2937.400     2943.280
   320:     2970.360     2970.360     2970.360     2970.370     2970.370
   325:     2970.370     2970.370     2970.370     2970.370     2974.370
   330:     2974.680     2974.680     2975.370     2975.370     2980.360
   335:     2980.370     3041.540     3041.720     3041.900     3042.230
   340:     3042.260     3042.280     3043.170     3043.900     3045.280
   345:     3046.080     3046.270     3047.010     3052.300     3052.970
   350:     3053.210     3068.570     3069.950     3070.810     3071.640
   355:     3072.390     3072.760     3073.730     3074.300     3075.380
   360:     3075.990     3076.170     3081.670     3081.670     3081.670
   365:     3081.680     3081.680     3081.680     3081.680     3081.680
   370:     3081.680     3085.680     3086.680     3086.680     3091.670
   375:     3091.680     3093.980     3103.840     3103.840     3103.840
   380:     3103.850     3103.850     3103.850     3103.850     3103.850
   385:     3103.850     3104.860     3105.780     3107.510     3107.850
   390:     3108.850     3108.850     3113.840     3113.850     3136.880
   395:     3136.880     3136.880     3136.890     3136.890     3136.890
   400:     3136.890     3136.890     3136.890     3140.890     3141.890
   405:     3141.890     3146.880     3146.890     3152.420     3154.450
   410:     3155.150     3163.110     3163.110     3163.110     3163.120
   415:     3163.120     3163.120     3163.120     3163.120     3163.120
   420:     3167.120     3168.120     3168.120     3173.110     3173.120
   425:     3193.520     3353.980     3353.980     3353.980     3353.990
   430:     3353.990     3353.990     3353.990     3353.990     3353.990
   435:     3357.990     3358.990     3358.990     3363.980     3363.990
   440:     3822.520     3894.650     3894.650     3894.650     3894.660
   445:     3894.660     3894.660     3894.660     3894.660     3894.660
   450:     3895.630     3898.660     3899.660     3899.660     3904.650
   455:     3904.660     3928.040     3938.990     3948.280     3948.280
   460:     3948.280     3948.290     3948.290     3948.290     3948.290
   465:     3948.290     3948.290     3949.900     3949.900     3952.290
   470:     3953.290     3953.290     3958.280     3958.290     3960.870
   475:     3961.270     3962.840     3963.110     3963.870     3963.970
   480:     3964.260     3964.410     3965.270     3965.670     3967.270
   485:     3967.740     3967.850     3968.400     3970.380     3970.740
   490:     3973.590     3974.790     3987.720     3988.020     3988.480
   495:     3993.130     3993.230     4009.970     4011.990     4016.260
   500:     4016.630     4017.770     4017.890     4033.230     4033.230
   505:     4033.230     4033.240     4033.240     4033.240     4033.240
   510:     4033.240     4033.240     4034.010     4034.010     4034.550
   515:     4034.550     4037.240     4038.240     4038.240     4043.230
   520:     4043.240     4048.410     4070.590     4082.490     4082.490
   525:     4082.490     4082.500     4082.500     4082.500     4082.500
   530:     4082.500     4082.500     4086.500     4087.500     4087.500
   535:     4092.490     4092.500     4105.850     4105.850     4105.850
   540:     4105.860     4105.860     4105.860     4105.860     4105.860
   545:     4105.860     4109.860     4110.860     4110.860     4113.090
   550:     4115.850     4115.860     4139.560     4158.150     4159.440
   555:     4160.370     4160.400     4160.600     4160.790     4168.960
   560:     4170.520     4170.900     4170.920     4171.090     4187.450
   565:     4189.520     4190.140     4197.970     4217.190     4217.190
   570:     4217.190     4217.200     4217.200     4217.200     4217.200
   575:     4217.200     4217.200     4221.200     4222.200     4222.200
   580:     4227.190     4227.200     4912.440     4912.660     4922.650
   585:     4922.650     4922.650     4922.660     4922.660     4922.660
   590:     4922.660     4922.660     4922.660     4926.660     4927.660
   595:     4927.660     4932.650     4932.660     5060.760     5060.760
   600:     5060.760     5060.770     5060.770     5060.770     5060.770
   605:     5060.770     5060.770     5064.770     5065.770     5065.770
   610:     5068.420     5070.760     5070.770     5094.600     5095.020
   615:     5095.180     5095.310     5095.520     5096.500     5097.280
   620:     5098.470     5098.740     5099.370     5100.200     5100.830
   625:     5283.260     5283.260     5283.260     5283.270     5283.270
   630:     5283.270     5283.270     5283.270     5283.270     5287.270
   635:     5288.270     5288.270     5293.240     5293.240     5293.260
   640:     5293.270     5618.230     5618.860     5664.980     5665.490
   645:     5722.540     5738.840     5738.840     5738.840     5738.850
   650:     5738.850     5738.850     5738.850     5738.850     5738.850
   655:     5739.260     5739.260     5742.850     5743.850     5743.850
   660:     5748.840     5748.850     5795.310     5795.420     5797.800
   665:     5798.700     5799.180     5799.230     5799.560     5800.230
   670:     5800.780     5827.220     5837.120     5837.120     5837.120
   675:     5837.130     5837.130     5837.130     5837.130     5837.130
   680:     5837.130     5840.300     5840.380     5840.560     5841.130
   685:     5842.130     5842.130     5847.120     5847.130     5934.610
   690:     5934.610     5934.610     5934.620     5934.620     5934.620
   695:     5934.620     5934.620     5934.620     5938.620     5939.620
   700:     5939.620     5944.610     5944.620     5986.330     5986.650
   705:     5987.450     5988.110     5994.050     5996.740     5997.310
   710:     6013.000     6013.120     6013.140     6013.440     6013.580
   715:     6014.520     6014.650     6014.730     6015.050     6015.140
   720:     6015.200     6015.350     6016.050     6106.200     6106.790
   725:     6107.430     6140.130     6140.130     6140.130     6140.140
   730:     6140.140     6140.140     6140.140     6140.140     6140.140
   735:     6144.140     6145.140     6145.140     6150.130     6150.140
   740:     6151.140     6151.140     6151.140     6151.150     6151.150
   745:     6151.150     6151.150     6151.150     6151.150     6155.150
   750:     6156.150     6156.150     6161.140     6161.150     6162.060
   755:     6167.150     6167.150     6167.150     6167.160     6167.160
   760:     6167.160     6167.160     6167.160     6167.160     6171.160
   765:     6172.160     6172.160     6176.370     6177.150     6177.160
   770:     6188.660     6388.860     6397.660     6421.940     6421.940
   775:     6421.940     6421.950     6421.950     6421.950     6421.950
   780:     6421.950     6421.950     6425.950     6426.950     6426.950
   785:     6431.940     6431.950     6464.810     6464.810     6464.810
   790:     6464.820     6464.820     6464.820     6464.820     6464.820
   795:     6464.820     6468.820     6469.820     6469.820     6472.060
   800:     6472.060     6474.810     6474.820     6499.610     6499.610
   805:     6499.610     6499.620     6499.620     6499.620     6499.620
   810:     6499.620     6499.620     6503.620     6504.620     6504.620
   815:     6506.760     6509.610     6509.620     6521.860     6592.950
   820:     6593.080     6616.490     6630.080     6638.880     6642.900
   825:     6643.570     6643.650     6643.800     6644.100     6644.690
   830:     6646.630     6646.790     6647.070     6649.250     6649.610
   835:     6732.160     6732.160     6732.160     6732.170     6732.170
   840:     6732.170     6732.170     6732.170     6732.170     6736.170
   845:     6737.170     6737.170     6742.160     6742.170     6753.630
   850:     6753.960     7487.150     7494.960     7581.530     7637.070
   855:     7637.910     7675.770     7675.770     7675.770     7675.780
   860:     7675.780     7675.780     7675.780     7675.780     7675.780
   865:     7678.610     7678.610     7679.780     7680.780     7680.780
   870:     7685.770     7685.780     7772.570     7890.820     8042.770
   875:     8042.990     8067.800     8067.800     8067.800     8067.810
   880:     8067.810     8067.810     8067.810     8067.810     8067.810
   885:     8070.300     8071.810     8072.810     8072.810     8077.800
   890:     8077.810     8089.110     8099.710     8106.150     8106.150
   895:     8106.150     8106.160     8106.160     8106.160     8106.160
   900:     8106.160     8106.160     8110.160     8111.160     8111.160
   905:     8116.150     8116.160     8123.430     8137.090     8259.120
   910:     8294.660     8294.660     8294.660     8294.670     8294.670
   915:     8294.670     8294.670     8294.670     8294.670     8298.670
   920:     8299.670     8299.670     8304.660     8304.670     8315.810
   925:     8347.430     8347.430     8347.430     8347.440     8347.440
   930:     8347.440     8347.440     8347.440     8347.440     8351.440
   935:     8352.440     8352.440     8357.430     8357.440     8374.670
   940:     8374.670     8374.670     8374.680     8374.680     8374.680
   945:     8374.680     8374.680     8374.680     8378.680     8379.680
   950:     8379.680     8380.230     8380.230     8384.670     8384.680
   955:     8397.350     8432.500     8432.500     8432.500     8432.510
   960:     8432.510     8432.510     8432.510     8432.510     8432.510
   965:     8434.410     8434.410     8436.360     8436.360     8436.510
   970:     8437.510     8437.510     8442.500     8442.510     8481.790
   975:     8481.790     8481.790     8481.800     8481.800     8481.800
   980:     8481.800     8481.800     8481.800     8485.800     8486.800
   985:     8486.800     8487.870     8489.780     8490.230     8490.340
   990:     8491.790     8491.800     8492.080     8492.160     8494.900
   995:     8501.450     8501.610     8504.570     8505.040     8505.800
  1000:     8505.900     8506.510     8508.990     8509.850     8512.440
  1005:     8512.590     8514.580     8514.750     8515.690     8516.690
  1010:     8554.230     8847.820     8875.560     8924.150     8924.150
  1015:     8924.150     8924.160     8924.160     8924.160     8924.160
  1020:     8924.160     8924.160     8926.810     8926.810     8928.160
  1025:     8929.160     8929.160     8934.150     8934.160     8958.110
  1030:     9050.660     9278.590     9278.590     9278.590     9278.600
  1035:     9278.600     9278.600     9278.600     9278.600     9278.600
  1040:     9282.600     9283.600     9283.600     9288.590     9288.600
  1045:     9307.390     9346.140     9346.140     9346.140     9346.150
  1050:     9346.150     9346.150     9346.150     9346.150     9346.150
  1055:     9350.150     9351.150     9351.150     9356.140     9356.150
  1060:     9387.070     9387.070     9387.070     9387.080     9387.080
  1065:     9387.080     9387.080     9387.080     9387.080     9390.520
  1070:     9391.080     9392.080     9392.080     9397.070     9397.080
  1075:     9432.260     9432.260     9432.260     9432.270     9432.270
  1080:     9432.270     9432.270     9432.270     9432.270     9436.270
  1085:     9437.270     9437.270     9442.260     9442.270     9486.100
  1090:     9486.100     9486.100     9486.110     9486.110     9486.110
  1095:     9486.110     9486.110     9486.110     9490.110     9491.110
  1100:     9491.110     9496.100     9496.110     9518.090     9518.090
  1105:     9518.090     9518.100     9518.100     9518.100     9518.100
  1110:     9518.100     9518.100     9522.100     9523.100     9523.100
  1115:     9523.600     9523.600     9528.090     9528.100     9540.400
  1120:     9544.960     9622.250     9625.380     9625.530     9625.860
  1125:     9981.620     9983.870     9984.750     9986.130     9998.870
  1130:    10039.540    10042.280    10042.280    10042.280    10042.290
  1135:    10042.290    10042.290    10042.290    10042.290    10042.290
  1140:    10046.290    10047.290    10047.290    10052.280    10052.290
  1145:    10152.240    10152.520    10166.860    10166.860    10166.860
  1150:    10166.870    10166.870    10166.870    10166.870    10166.870
  1155:    10166.870    10170.200    10170.870    10171.870    10171.870
  1160:    10176.860    10176.870    10204.660    10277.820    10278.560
  1165:    10279.460    10280.870    10299.650    10299.650    10299.650
  1170:    10299.660    10299.660    10299.660    10299.660    10299.660
  1175:    10299.660    10303.660    10304.660    10304.660    10304.820
  1180:    10309.650    10309.660    10355.510    10355.510    10355.510
  1185:    10355.520    10355.520    10355.520    10355.520    10355.520
  1190:    10355.520    10357.060    10357.060    10359.520    10360.520
  1195:    10360.520    10365.510    10365.520    10382.760    10382.760
  1200:    10382.760    10382.770    10382.770    10382.770    10382.770
  1205:    10382.770    10382.770    10384.010    10384.010    10385.860
  1210:    10385.860    10386.770    10387.770    10387.770    10392.760
  1215:    10392.770    10394.260    10394.260    10394.260    10394.270
  1220:    10394.270    10394.270    10394.270    10394.270    10394.270
  1225:    10398.270    10399.270    10399.270    10404.260    10404.270
  1230:    10453.550    10454.820    10461.630    10463.090    10551.470
  1235:    10551.470    10551.470    10551.480    10551.480    10551.480
  1240:    10551.480    10551.480    10551.480    10555.480    10556.480
  1245:    10556.480    10561.470    10561.480    10575.380    10580.280
  1250:    10580.280    10580.280    10580.290    10580.290    10580.290
  1255:    10580.290    10580.290    10580.290    10584.290    10585.290
  1260:    10585.290    10590.280    10590.290    10594.120    10594.120
  1265:    10594.120    10594.130    10594.130    10594.130    10594.130
  1270:    10594.130    10594.130    10598.130    10599.130    10599.130
  1275:    10604.120    10604.130    10657.190    10666.930    10681.150
  1280:    10681.150    10681.150    10681.160    10681.160    10681.160
  1285:    10681.160    10681.160    10681.160    10685.160    10686.160
  1290:    10686.160    10691.150    10691.160    10787.520    10787.920
  1295:    10800.000
