File: C:\MED-PC IV\DATA\!2025-03-05_12h26m.Subject 70



Start Date: 03/05/25
End Date: 03/05/25
Subject: 70
Experiment: OralFentSA
Group: One
Box: 6
Start Time: 12:26:33
End Time: 15:27:08
MSN: Golden_Liq_SelfAdmin_EXT
F:       0.000
G:    1925.000
H:   10800.010
I:       0.000
J:       0.000
K:       0.000
L:       0.000
M:       0.000
N:       0.000
O:       0.000
P:       0.000
Q:       0.000
R:       0.000
S:       0.000
U:       0.000
V:       0.000
W:       0.000
X:       0.000
Y:       0.000
Z:       0.000
A:
     0:        0.000        0.000      180.000        4.000        0.000
     5:        5.000        0.000        5.000        0.000        0.000
    10:        1.000        0.000       10.000 100000000.00       27.000
    15:       18.000      640.000        0.000        0.000        0.000
    20:        0.000
B:
     0:        0.000        0.000        0.000        0.000        0.000
     5:        0.000        0.000        0.000        0.000        0.000
    10:        0.000        0.000     1000.000 10000000000.        0.000
    15:        0.000        0.000        0.000        0.000        0.000
    20:        0.000
C:
     0:        0.000       39.000        0.000       81.000     1515.000
     5:    10112.090      328.970       33.000     1785.770       54.114
    10:       81.000       92.000        0.000        0.000        0.000
    15:        0.000        0.000        0.000        0.000        0.000
    20:        0.000
D:
     0:       24.100        8.790        2.500        3.310        7.880
     5:       18.790        5.920       74.730      354.700       10.670
    10:        2.480       80.000        1.400        1.150        1.960
    15:        5.390       31.970       37.260        2.930      126.340
    20:        6.360      162.900        5.980        2.200       96.570
    25:        5.790      118.710      156.350        3.500       29.960
    30:       27.940       38.270      328.970
E:
     0:       19.000       11.000       26.000       27.000        6.000
     5:       23.000        6.000        6.000        2.000        4.000
    10:       22.000       24.000       21.000       22.000       19.000
    15:       11.000        6.000        6.000        6.000        6.000
    20:        6.000        6.000        6.000        6.000        6.000
    25:        6.000        6.000        6.000        6.000        6.000
    30:        6.000        2.000        4.000       22.000       24.000
    35:       19.000       11.000       23.000        2.000        4.000
    40:       22.000       24.000        6.000       19.000       11.000
    45:        6.000       23.000        6.000       23.000        6.000
    50:        6.000        2.000        4.000       22.000       24.000
    55:        6.000        6.000        6.000        6.000        6.000
    60:       19.000       11.000        6.000        6.000        6.000
    65:        6.000        6.000        6.000        2.000        4.000
    70:       22.000       24.000        6.000        6.000        6.000
    75:        6.000        6.000        6.000        6.000        6.000
    80:       19.000       11.000        6.000        6.000        6.000
    85:        6.000        6.000        6.000        6.000        6.000
    90:        6.000        6.000        6.000        6.000        6.000
    95:        6.000        6.000        6.000        6.000        6.000
   100:        6.000        6.000        6.000        6.000        6.000
   105:        6.000        6.000        6.000        6.000        6.000
   110:        6.000        6.000        6.000        6.000        6.000
   115:        6.000        6.000        6.000        6.000        6.000
   120:        6.000        6.000        6.000        6.000        6.000
   125:        6.000        6.000        6.000        6.000        6.000
   130:        6.000        6.000        6.000        6.000        6.000
   135:        6.000        6.000        6.000        6.000        6.000
   140:        6.000        6.000        6.000        6.000        6.000
   145:        6.000        6.000        6.000        6.000        6.000
   150:        6.000        6.000        6.000        6.000        6.000
   155:        6.000        6.000        6.000        6.000        6.000
   160:        6.000        6.000        6.000        6.000        6.000
   165:        6.000        6.000        6.000        6.000        6.000
   170:        6.000        6.000        6.000        6.000        6.000
   175:        6.000        6.000        6.000        6.000        6.000
   180:        6.000        6.000        6.000        6.000        6.000
   185:        6.000        6.000        6.000        6.000        6.000
   190:        6.000        6.000        6.000        6.000        6.000
   195:        6.000        6.000        6.000        6.000        6.000
   200:        6.000        6.000        6.000        6.000        6.000
   205:        6.000        6.000        6.000        6.000        6.000
   210:        6.000        6.000        6.000        6.000        6.000
   215:        2.000        4.000       22.000       24.000       21.000
   220:       22.000       21.000       22.000        6.000        6.000
   225:       19.000       11.000        2.000        4.000       22.000
   230:       24.000       21.000       22.000       21.000       22.000
   235:       21.000       22.000       21.000       22.000       21.000
   240:       22.000       19.000       11.000       23.000       23.000
   245:       23.000        2.000        4.000       22.000       24.000
   250:       19.000       11.000        6.000        6.000       23.000
   255:       23.000       23.000       23.000        2.000        4.000
   260:       22.000       24.000       21.000       22.000        6.000
   265:        6.000        6.000        6.000        6.000        6.000
   270:       19.000       11.000        6.000        6.000       23.000
   275:       23.000        2.000        4.000       22.000       24.000
   280:       19.000       11.000        6.000        2.000        4.000
   285:       22.000       24.000       19.000       11.000       23.000
   290:        6.000        2.000        4.000       22.000       24.000
   295:       21.000       22.000       21.000       22.000       19.000
   300:       11.000        6.000        6.000        6.000        6.000
   305:        6.000        6.000        6.000        6.000        6.000
   310:        6.000        6.000        6.000        6.000        6.000
   315:        6.000        6.000        6.000        6.000        6.000
   320:        6.000        6.000        6.000        6.000        6.000
   325:        6.000        6.000        6.000        6.000        6.000
   330:        6.000        6.000        6.000        6.000        6.000
   335:        6.000        6.000        6.000        6.000        6.000
   340:        6.000        6.000        6.000        6.000        6.000
   345:        6.000        6.000        6.000        6.000        6.000
   350:        6.000        6.000        6.000        6.000        6.000
   355:        6.000        6.000        6.000        6.000        6.000
   360:        6.000        6.000        6.000        6.000        6.000
   365:        6.000        6.000        6.000        6.000        6.000
   370:        6.000        6.000        6.000        6.000        6.000
   375:        6.000       23.000        6.000        6.000        6.000
   380:        6.000        6.000        6.000        6.000        2.000
   385:        4.000       22.000       24.000        6.000        6.000
   390:        6.000        6.000        6.000        6.000        6.000
   395:        6.000        6.000        6.000        6.000        6.000
   400:        6.000        6.000        6.000        6.000        6.000
   405:        6.000        6.000        6.000       19.000       11.000
   410:        6.000        6.000        6.000        6.000        6.000
   415:        6.000        6.000        6.000        6.000        6.000
   420:        6.000        6.000        6.000        6.000        6.000
   425:        6.000        6.000        6.000        6.000        6.000
   430:        6.000        6.000        6.000        6.000        6.000
   435:        6.000        6.000        6.000        6.000        6.000
   440:        6.000        6.000        6.000        6.000        6.000
   445:        6.000        6.000        6.000        6.000        6.000
   450:        6.000        6.000        6.000        6.000        6.000
   455:        6.000        6.000        6.000        6.000        6.000
   460:        6.000        6.000        6.000        6.000        6.000
   465:        6.000        6.000        6.000        6.000        6.000
   470:        6.000        6.000        6.000        6.000        6.000
   475:        6.000        6.000        6.000        6.000        6.000
   480:        6.000        6.000        6.000        6.000        6.000
   485:        6.000        6.000        6.000        6.000        6.000
   490:        6.000        6.000        6.000        6.000       23.000
   495:        6.000        6.000        6.000        6.000        6.000
   500:        6.000        6.000        6.000        6.000        6.000
   505:        6.000        6.000        6.000        6.000        6.000
   510:        6.000        6.000        6.000        6.000        6.000
   515:        6.000        6.000        6.000        6.000        6.000
   520:        6.000        6.000        6.000        6.000        6.000
   525:        6.000        6.000        6.000        6.000        6.000
   530:        6.000        6.000        6.000        6.000        6.000
   535:        6.000        6.000        6.000        6.000        6.000
   540:        6.000        6.000        6.000        6.000        6.000
   545:        6.000        6.000        6.000        6.000        6.000
   550:        6.000        6.000        6.000        6.000        6.000
   555:        6.000        6.000        6.000        6.000        6.000
   560:        6.000        6.000        6.000        6.000        6.000
   565:        6.000        6.000        6.000        6.000        6.000
   570:        6.000        6.000        6.000        6.000        6.000
   575:        6.000        6.000       23.000        6.000        2.000
   580:        4.000       22.000       24.000       21.000       22.000
   585:       21.000       22.000       21.000       22.000       19.000
   590:       11.000        6.000        6.000        2.000        4.000
   595:       22.000       24.000        6.000        6.000        6.000
   600:        6.000        6.000        6.000        6.000        6.000
   605:        6.000        6.000        6.000        6.000        6.000
   610:       19.000       11.000        6.000        6.000        6.000
   615:        6.000        6.000        6.000        6.000        6.000
   620:        6.000        6.000        6.000        6.000        6.000
   625:        6.000        6.000        6.000        6.000        6.000
   630:        6.000        6.000        6.000        6.000        6.000
   635:        6.000        6.000        6.000        6.000        6.000
   640:        6.000        6.000        6.000        6.000        6.000
   645:        6.000        6.000        6.000        6.000        6.000
   650:        6.000        6.000        6.000        6.000        6.000
   655:        6.000        6.000        6.000        2.000        4.000
   660:       22.000       24.000        6.000        6.000        6.000
   665:        6.000        6.000        6.000        6.000        6.000
   670:        6.000        6.000       19.000       11.000        6.000
   675:        6.000        6.000        6.000        6.000        6.000
   680:        6.000        6.000        6.000        6.000        6.000
   685:        6.000        6.000        6.000        6.000        6.000
   690:        6.000        6.000        6.000        6.000        6.000
   695:        6.000        6.000        6.000        6.000        6.000
   700:        6.000        6.000        6.000        6.000        6.000
   705:        6.000        6.000        6.000        6.000        6.000
   710:        6.000        6.000        6.000        6.000        6.000
   715:        6.000        6.000        6.000        6.000        6.000
   720:        6.000        6.000        6.000        6.000        6.000
   725:        6.000        6.000        6.000        6.000        6.000
   730:        6.000        6.000        6.000        6.000        6.000
   735:        6.000        6.000        6.000        6.000        6.000
   740:        6.000        6.000        6.000        6.000        6.000
   745:        6.000        6.000        6.000        6.000        6.000
   750:        6.000        6.000        6.000        6.000        6.000
   755:        6.000        6.000        6.000        6.000        6.000
   760:        6.000        6.000        6.000        6.000        6.000
   765:        6.000        6.000        6.000        6.000       23.000
   770:        2.000        4.000       22.000       24.000        6.000
   775:        6.000       21.000       22.000       21.000       22.000
   780:       19.000       11.000       23.000        6.000        6.000
   785:        6.000        6.000        6.000        6.000        6.000
   790:        6.000        6.000        6.000        6.000       23.000
   795:        6.000        2.000        4.000       22.000       24.000
   800:       21.000       22.000       21.000       22.000        6.000
   805:        6.000        6.000        6.000        6.000        6.000
   810:        6.000        6.000        6.000        6.000       19.000
   815:       11.000        6.000        6.000        6.000        6.000
   820:        6.000        6.000        6.000        6.000        6.000
   825:        6.000        6.000        6.000        6.000        6.000
   830:        6.000        6.000        6.000        6.000        6.000
   835:        6.000        6.000        6.000        6.000        6.000
   840:        6.000        6.000        6.000        6.000        6.000
   845:        6.000        6.000        6.000        6.000        6.000
   850:        6.000        6.000        6.000        6.000        6.000
   855:        6.000        2.000        4.000       22.000       24.000
   860:       19.000       11.000        6.000        6.000        6.000
   865:       23.000       23.000       23.000        6.000       23.000
   870:       23.000       23.000        6.000        6.000        6.000
   875:        6.000        6.000        2.000        4.000       22.000
   880:       24.000       21.000       22.000       21.000       22.000
   885:       21.000       22.000       19.000       11.000        2.000
   890:        4.000       22.000       24.000       19.000       11.000
   895:        6.000        2.000        4.000       22.000       24.000
   900:       19.000       11.000       23.000        2.000        4.000
   905:       22.000       24.000       21.000       22.000        6.000
   910:        6.000        6.000        6.000        6.000        6.000
   915:        6.000        6.000        6.000        6.000        6.000
   920:        6.000        6.000       19.000       11.000        6.000
   925:        6.000        6.000        6.000        6.000        6.000
   930:        6.000        6.000        6.000        6.000        6.000
   935:        6.000        6.000        6.000        6.000        6.000
   940:        6.000        6.000        6.000        6.000        6.000
   945:        6.000        6.000        6.000        6.000        6.000
   950:        6.000        6.000        6.000        6.000        6.000
   955:        6.000        6.000        6.000        6.000        6.000
   960:        6.000        6.000        6.000        6.000        6.000
   965:        6.000        6.000        6.000        6.000        6.000
   970:        6.000        6.000        6.000        6.000        6.000
   975:        6.000        6.000        6.000        6.000        6.000
   980:        6.000        6.000        6.000        6.000        6.000
   985:        6.000        6.000        6.000       23.000       23.000
   990:       23.000       23.000       23.000        2.000        4.000
   995:       22.000       24.000       19.000       11.000       23.000
  1000:       23.000       23.000        6.000        6.000        6.000
  1005:        6.000        6.000        6.000        6.000        6.000
  1010:        6.000        6.000        6.000        6.000        6.000
  1015:        6.000        6.000        6.000        6.000        6.000
  1020:        6.000        6.000        6.000        6.000       23.000
  1025:       23.000       23.000       23.000        6.000        6.000
  1030:        6.000        2.000        4.000       22.000       24.000
  1035:       21.000       22.000       21.000       22.000       21.000
  1040:       22.000       21.000       22.000       21.000       22.000
  1045:       21.000       22.000       21.000       22.000        6.000
  1050:        6.000        6.000        6.000        6.000        6.000
  1055:        6.000        6.000        6.000       19.000       11.000
  1060:        6.000        6.000        6.000        6.000        6.000
  1065:        6.000        6.000        6.000        6.000        6.000
  1070:        6.000        6.000        6.000        6.000        6.000
  1075:        6.000        6.000        6.000        6.000        6.000
  1080:        6.000        6.000        6.000        6.000        6.000
  1085:        6.000        6.000        6.000        6.000        6.000
  1090:        6.000        6.000        6.000        6.000        6.000
  1095:        6.000        6.000        6.000        6.000        6.000
  1100:        6.000        6.000        6.000        6.000        6.000
  1105:        6.000        6.000        6.000        6.000        6.000
  1110:        6.000        6.000        6.000        6.000        6.000
  1115:        6.000        6.000        6.000        6.000        6.000
  1120:        6.000        6.000        6.000        6.000        6.000
  1125:        6.000        6.000        6.000        6.000        6.000
  1130:        6.000        6.000        6.000        6.000        6.000
  1135:        6.000        6.000        6.000        6.000        6.000
  1140:        6.000        6.000        6.000        6.000        6.000
  1145:        6.000        6.000        6.000        6.000        6.000
  1150:        6.000        6.000        6.000        6.000        6.000
  1155:        6.000        6.000        6.000        6.000        6.000
  1160:        6.000        6.000        6.000        6.000        6.000
  1165:        6.000        6.000        6.000        6.000        6.000
  1170:        6.000        6.000        6.000        6.000        6.000
  1175:        6.000        6.000        6.000        6.000        6.000
  1180:        6.000        6.000        6.000        6.000        6.000
  1185:        6.000        6.000        6.000        6.000        6.000
  1190:        6.000        6.000        6.000        6.000        6.000
  1195:        6.000        6.000        6.000        6.000        6.000
  1200:        6.000        6.000        6.000        6.000        6.000
  1205:        6.000        6.000        6.000        6.000        6.000
  1210:        6.000        6.000        6.000        6.000        6.000
  1215:        6.000        6.000        6.000        6.000        6.000
  1220:        6.000        6.000        6.000        6.000        6.000
  1225:        6.000        6.000        6.000        6.000        6.000
  1230:        6.000        6.000        6.000        6.000        6.000
  1235:        6.000        6.000        6.000        6.000        6.000
  1240:        6.000       23.000       23.000       23.000        6.000
  1245:        6.000        6.000        6.000        6.000        6.000
  1250:        6.000        6.000        6.000        6.000        6.000
  1255:        6.000       23.000       23.000       23.000        6.000
  1260:        6.000        6.000        6.000        6.000        6.000
  1265:        6.000        6.000        6.000        6.000        6.000
  1270:        6.000        6.000        6.000        6.000       23.000
  1275:       23.000        2.000        4.000       22.000       24.000
  1280:       19.000       11.000        6.000        6.000        6.000
  1285:        6.000        6.000        6.000        6.000        6.000
  1290:        6.000        6.000        6.000        6.000        6.000
  1295:        6.000        6.000        6.000        6.000        6.000
  1300:        6.000        6.000        6.000        6.000        6.000
  1305:        6.000        6.000        6.000        6.000        6.000
  1310:        6.000        6.000        6.000        6.000        6.000
  1315:        6.000        6.000        6.000        6.000        6.000
  1320:        6.000        6.000        6.000        6.000        6.000
  1325:        6.000        6.000        6.000        6.000        6.000
  1330:        6.000        6.000        6.000        6.000        6.000
  1335:        6.000        6.000        6.000        6.000        6.000
  1340:        6.000        6.000        6.000        6.000        6.000
  1345:        6.000        6.000        6.000        6.000        6.000
  1350:        6.000        6.000        6.000        6.000        6.000
  1355:        6.000        6.000        6.000        6.000        6.000
  1360:        6.000        6.000        6.000        6.000        6.000
  1365:        6.000        6.000        6.000        6.000        6.000
  1370:        6.000        6.000        6.000        6.000        6.000
  1375:        2.000        4.000       22.000       24.000        6.000
  1380:        6.000        6.000       19.000       11.000        6.000
  1385:        6.000        6.000        6.000       23.000       23.000
  1390:        2.000        4.000       22.000       24.000        6.000
  1395:        6.000        6.000        6.000        6.000        6.000
  1400:        6.000        6.000       21.000       22.000       19.000
  1405:       11.000        2.000        4.000       22.000       24.000
  1410:       21.000       22.000       21.000       22.000       21.000
  1415:       22.000       19.000       11.000       23.000       23.000
  1420:       23.000       23.000        6.000        6.000        6.000
  1425:        6.000        6.000       23.000       23.000        6.000
  1430:        6.000        6.000        2.000        4.000       22.000
  1435:       24.000       21.000       22.000       21.000       22.000
  1440:        6.000        6.000        6.000        6.000        6.000
  1445:        6.000        6.000        6.000        6.000       19.000
  1450:       11.000        6.000        6.000        6.000        6.000
  1455:        6.000        6.000        6.000        6.000        6.000
  1460:        6.000        6.000        6.000        6.000        6.000
  1465:        6.000        6.000        6.000        6.000        6.000
  1470:        6.000        6.000        6.000        6.000        6.000
  1475:        6.000        6.000        6.000        6.000        6.000
  1480:        6.000        6.000        6.000        6.000        6.000
  1485:        6.000        6.000        6.000        6.000        6.000
  1490:        6.000        6.000        6.000        6.000        6.000
  1495:        6.000        6.000        6.000        6.000        6.000
  1500:        6.000        6.000        6.000        6.000        6.000
  1505:        6.000        6.000        6.000        6.000        6.000
  1510:        6.000        6.000        6.000        6.000        6.000
  1515:       23.000       23.000        6.000        6.000        6.000
  1520:        6.000        6.000        6.000        6.000        6.000
  1525:        6.000        6.000        6.000        6.000        6.000
  1530:        6.000        6.000        6.000        6.000        2.000
  1535:        4.000       22.000       24.000       21.000       22.000
  1540:       19.000       11.000       23.000       23.000       23.000
  1545:       23.000       23.000       23.000       23.000       23.000
  1550:       23.000       23.000       23.000       23.000        6.000
  1555:        6.000        6.000       23.000        6.000        6.000
  1560:        6.000        6.000        6.000        6.000        6.000
  1565:        6.000        6.000        6.000        6.000        6.000
  1570:        6.000        6.000        6.000        6.000        6.000
  1575:        6.000        6.000        6.000        6.000        6.000
  1580:        6.000        6.000        6.000        6.000        6.000
  1585:        6.000        6.000        6.000        6.000        6.000
  1590:        6.000        6.000        6.000        6.000        6.000
  1595:        6.000        6.000        6.000        6.000        6.000
  1600:        6.000        6.000        6.000        6.000        6.000
  1605:       23.000        6.000        6.000        6.000        6.000
  1610:        6.000        6.000        6.000        6.000        6.000
  1615:        6.000        6.000        6.000        6.000        6.000
  1620:        6.000        6.000        6.000        6.000        6.000
  1625:        6.000        6.000        6.000        6.000        6.000
  1630:        6.000        6.000        6.000        6.000        6.000
  1635:        6.000        6.000        6.000        6.000        6.000
  1640:        6.000        6.000        6.000        6.000        6.000
  1645:        6.000        6.000        6.000        6.000        6.000
  1650:        6.000       23.000        2.000        4.000       22.000
  1655:       24.000       19.000       11.000        6.000        6.000
  1660:        6.000        6.000        6.000        6.000        6.000
  1665:        6.000        6.000        6.000        6.000        6.000
  1670:        6.000        6.000        6.000        6.000        6.000
  1675:        6.000        6.000        6.000        6.000        6.000
  1680:        6.000        6.000        6.000        6.000        6.000
  1685:        6.000        6.000        6.000        6.000        6.000
  1690:        6.000        6.000        6.000        6.000        6.000
  1695:        6.000        6.000        6.000        6.000        6.000
  1700:        6.000        6.000        6.000        6.000        6.000
  1705:        6.000        6.000        6.000        6.000        6.000
  1710:        6.000        6.000        6.000        6.000        6.000
  1715:       23.000        6.000        6.000       23.000        2.000
  1720:        4.000       22.000       24.000       19.000       11.000
  1725:       23.000        2.000        4.000       22.000       24.000
  1730:        6.000       19.000       11.000       23.000       23.000
  1735:       23.000       23.000        2.000        4.000       22.000
  1740:       24.000       21.000       22.000       19.000       11.000
  1745:        6.000        6.000        6.000        6.000        6.000
  1750:        6.000        6.000        6.000        6.000        6.000
  1755:        6.000        6.000        6.000        6.000        6.000
  1760:        6.000        6.000        6.000        6.000        6.000
  1765:        6.000        6.000        6.000        6.000        6.000
  1770:        6.000        6.000        6.000        6.000        6.000
  1775:        6.000        6.000        6.000        6.000        6.000
  1780:        6.000        6.000        6.000        6.000        6.000
  1785:        6.000        6.000        6.000        6.000        2.000
  1790:        4.000       22.000       24.000       21.000       22.000
  1795:       21.000       22.000       21.000       22.000       19.000
  1800:       11.000       23.000       23.000        6.000        6.000
  1805:        6.000        6.000        6.000        6.000        6.000
  1810:        6.000        6.000       23.000        6.000       23.000
  1815:       23.000       23.000       23.000       23.000       23.000
  1820:       23.000       23.000       23.000        6.000        6.000
  1825:        6.000        2.000        4.000       22.000       24.000
  1830:       19.000       11.000       23.000        6.000        6.000
  1835:        2.000        4.000       22.000       24.000       21.000
  1840:       22.000       21.000       22.000       21.000       22.000
  1845:       19.000       11.000        6.000        6.000        6.000
  1850:        6.000        6.000        6.000        6.000        6.000
  1855:        6.000        6.000        6.000        6.000        6.000
  1860:        6.000        6.000        6.000        6.000        6.000
  1865:        6.000        6.000        6.000        6.000        6.000
  1870:        6.000        6.000        6.000        6.000        6.000
  1875:        6.000        6.000        6.000        6.000        6.000
  1880:        6.000        6.000        6.000        6.000        6.000
  1885:        6.000        6.000        6.000        6.000        6.000
  1890:        6.000        6.000        6.000        6.000        6.000
  1895:        6.000        6.000        6.000        6.000        6.000
  1900:        6.000        6.000        6.000        6.000        6.000
  1905:        6.000        6.000        6.000        6.000        6.000
  1910:        6.000        6.000        6.000        6.000        6.000
  1915:        6.000        6.000        6.000        6.000        6.000
  1920:        6.000        6.000        6.000        6.000        6.000
  1925:      100.000
T:
     0:        0.000        0.000        0.000        0.000        5.850
     5:       11.280       32.630       34.120       89.440       89.440
    10:       89.440       89.450       90.320       90.320       99.440
    15:       99.450      113.550      114.180      114.900      115.820
    20:      117.310      117.560      117.830      117.910      119.160
    25:      120.680      226.770      228.400      230.350      273.060
    30:      273.600      276.530      276.530      276.530      276.540
    35:      286.530      286.540      322.800      328.140      328.140
    40:      328.140      328.150      336.940      338.140      338.150
    45:      429.520      589.170      607.310      720.700      725.380
    50:      725.610      797.720      797.720      797.720      797.730
    55:      800.230      802.450      803.910      803.980      804.340
    60:      807.720      807.730      817.350      817.480      817.630
    65:      818.580      819.090      837.720      840.660      840.660
    70:      840.660      840.670      843.980      844.150      844.280
    75:      845.380      845.460      845.800      846.030      846.770
    80:      850.660      850.670      851.660      851.960      852.240
    85:      852.430      852.610      853.420      853.630      853.720
    90:      853.870      853.970      854.110      854.150      854.270
    95:      854.440      862.670      862.760      863.100      863.370
   100:      863.830      863.930      864.110      864.240      864.430
   105:      864.970      866.910      867.120      870.280      870.420
   110:      871.010      871.170      875.940      876.420      876.450
   115:      876.600      876.710      876.800      877.030      878.900
   120:      879.450      879.700      879.740      886.620      889.680
   125:      892.700      900.510      900.610      903.190      903.280
   130:      903.570      903.630      903.720      904.690      905.720
   135:      906.650      907.260      907.730      907.940      908.110
   140:      908.710      908.850      909.960      910.280      912.270
   145:      912.910      913.260      914.100      914.120      915.530
   150:      915.990      916.290      916.560      919.750      920.150
   155:      920.650      922.760      923.500      923.710      924.760
   160:      936.630      937.370      937.950      938.320      938.350
   165:      938.930      939.230      939.440      940.080      940.160
   170:      940.250      940.280      940.540      941.080      941.250
   175:      943.250      946.350      947.020      947.740      947.980
   180:      949.150      953.220      953.550      953.760      954.690
   185:      955.690      956.070      956.270      956.480      956.580
   190:      959.430      959.620      959.810      960.620      964.470
   195:      965.000      965.130      965.460      965.580      965.650
   200:      967.880      968.500      968.700      969.150      969.650
   205:      969.860     1095.080     1096.940     1097.310     1099.620
   210:     1099.800     1099.900     1099.950     1100.420     1107.500
   215:     1192.820     1192.820     1192.820     1192.830     1198.970
   220:     1198.970     1199.880     1199.880     1200.710     1200.890
   225:     1202.820     1202.830     1204.040     1204.040     1204.040
   230:     1204.050     1204.620     1204.620     1206.110     1206.110
   235:     1206.910     1206.910     1207.270     1207.270     1207.820
   240:     1207.820     1214.040     1214.050     1278.220     1346.010
   245:     1348.380     1356.930     1356.930     1356.930     1356.940
   250:     1366.930     1366.940     1375.730     1376.230     1383.650
   255:     1386.060     1468.470     1469.540     1491.060     1491.060
   260:     1491.060     1491.070     1493.250     1493.250     1496.990
   265:     1498.440     1498.760     1498.980     1500.290     1500.810
   270:     1501.060     1501.070     1501.210     1501.230     1518.240
   275:     1519.460     1530.920     1530.920     1530.920     1530.930
   280:     1540.920     1540.930     1605.660     1612.620     1612.620
   285:     1612.620     1612.630     1622.620     1622.630     1884.650
   290:     1967.330     1970.080     1970.080     1970.080     1970.090
   295:     1972.720     1972.720     1977.910     1977.910     1980.080
   300:     1980.090     1980.760     1981.830     1982.020     1982.180
   305:     1982.530     1982.790     1982.830     1983.080     1983.250
   310:     1983.300     1983.600     1983.680     1984.350     1985.820
   315:     1985.990     1986.360     1986.900     1987.190     1987.630
   320:     1987.810     1989.300     1989.790     1989.840     1989.970
   325:     1990.600     1991.010     1991.180     1991.400     1991.480
   330:     1991.580     1991.680     1994.350     1994.510     1994.550
   335:     1994.990     1995.050     1995.450     2000.260     2000.300
   340:     2001.150     2001.320     2002.100     2002.400     2002.530
   345:     2003.280     2003.470     2003.670     2003.690     2003.780
   350:     2003.800     2004.070     2004.380     2004.700     2004.750
   355:     2005.030     2005.340     2005.380     2005.510     2006.460
   360:     2007.170     2007.300     2007.960     2010.090     2011.670
   365:     2011.770     2012.140     2013.020     2013.800     2013.850
   370:     2014.090     2015.550     2020.240     2022.330     2022.650
   375:     2023.500     2040.000     2047.990     2048.920     2048.940
   380:     2049.040     2057.190     2057.750     2057.780     2059.160
   385:     2059.160     2059.160     2059.170     2061.650     2062.020
   390:     2062.090     2062.280     2062.310     2062.440     2062.590
   395:     2062.860     2063.070     2063.210     2064.320     2064.840
   400:     2065.000     2065.140     2065.270     2066.970     2067.220
   405:     2067.450     2067.770     2068.020     2069.160     2069.170
   410:     2069.250     2069.940     2070.010     2070.220     2070.380
   415:     2071.080     2071.900     2073.800     2079.390     2079.680
   420:     2081.150     2082.050     2083.870     2083.980     2084.330
   425:     2085.260     2085.870     2086.690     2086.910     2087.080
   430:     2092.730     2095.170     2095.290     2095.320     2095.350
   435:     2095.790     2095.920     2097.550     2098.800     2098.990
   440:     2099.150     2099.350     2099.460     2099.530     2099.700
   445:     2100.270     2100.910     2101.040     2101.680     2103.570
   450:     2104.290     2104.380     2104.520     2105.170     2105.390
   455:     2105.560     2106.120     2106.240     2106.420     2106.930
   460:     2108.820     2108.960     2109.510     2109.540     2109.730
   465:     2110.210     2110.910     2112.600     2112.920     2113.550
   470:     2114.000     2118.340     2118.640     2118.780     2121.500
   475:     2122.730     2122.870     2263.920     2264.280     2394.130
   480:     2429.720     2431.580     2439.480     2439.800     2442.020
   485:     2442.160     2442.360     2442.640     2443.070     2443.950
   490:     2444.000     2444.060     2444.160     2444.990     2456.690
   495:     2467.980     2468.370     2469.780     2470.560     2470.760
   500:     2470.980     2471.050     2471.610     2474.840     2474.940
   505:     2475.120     2475.240     2475.460     2475.510     2475.880
   510:     2475.940     2476.220     2478.480     2478.760     2478.800
   515:     2478.910     2479.130     2479.780     2479.870     2479.950
   520:     2480.070     2483.630     2484.290     2484.910     2485.170
   525:     2485.580     2485.720     2485.930     2487.290     2489.420
   530:     2489.560     2489.750     2489.890     2490.480     2490.940
   535:     2490.990     2491.130     2491.290     2492.390     2492.670
   540:     2492.910     2528.290     2529.130     2529.170     2616.490
   545:     2617.040     2617.220     2617.440     2618.110     2618.180
   550:     2620.090     2620.350     2621.560     2621.630     2621.680
   555:     2621.730     2622.080     2622.110     2622.350     2624.640
   560:     2624.800     2625.150     2625.290     2625.840     2626.300
   565:     2627.290     2629.330     2629.470     2629.930     2629.980
   570:     2630.100     2630.310     2630.360     2630.430     2630.450
   575:     2867.300     2872.070     2900.910     2972.220     2974.120
   580:     2974.120     2974.120     2974.130     2974.670     2974.670
   585:     2975.130     2975.130     2975.350     2975.350     2984.120
   590:     2984.130     3054.130     3054.960     3058.110     3058.110
   595:     3058.110     3058.120     3059.520     3061.320     3064.300
   600:     3064.480     3064.650     3064.730     3065.930     3066.020
   605:     3066.290     3066.490     3066.960     3067.440     3067.720
   610:     3068.110     3068.120     3068.710     3069.160     3069.870
   615:     3070.100     3091.580     3172.780     3173.350     3173.600
   620:     3175.740     3175.920     3176.070     3176.310     3177.650
   625:     3177.740     3178.050     3179.000     3180.120     3180.210
   630:     3182.510     3182.620     3185.700     3188.950     3189.260
   635:     3189.420     3190.810     3191.630     3191.720     3194.700
   640:     3195.470     3196.920     3197.080     3197.240     3197.440
   645:     3197.710     3197.760     3197.910     3198.690     3199.870
   650:     3199.940     3200.130     3201.400     3201.950     3202.190
   655:     3202.270     3202.410     3343.140     3345.510     3345.510
   660:     3345.510     3345.520     3346.670     3347.630     3348.760
   665:     3349.040     3349.200     3351.160     3351.270     3351.290
   670:     3351.570     3351.770     3355.510     3355.520     3356.150
   675:     3356.570     3357.170     3357.450     3357.750     3358.480
   680:     3358.690     3358.770     3358.920     3359.590     3359.800
   685:     3359.970     3360.770     3361.210     3364.470     3365.950
   690:     3366.060     3368.590     3368.760     3369.280     3369.490
   695:     3369.630     3370.090     3370.340     3370.480     3370.620
   700:     3370.730     3370.830     3370.930     3371.330     3372.010
   705:     3372.150     3373.180     3373.230     3373.760     3375.410
   710:     3375.850     3376.050     3376.690     3456.550     3457.800
   715:     3457.810     3457.860     3457.920     3464.750     3465.640
   720:     3466.890     3467.510     3467.800     3470.950     3471.060
   725:     3471.150     3471.350     3471.490     3471.810     3471.870
   730:     3471.970     3473.530     3473.820     3473.950     3474.220
   735:     3477.930     3478.080     3480.120     3480.330     3481.360
   740:     3482.640     3482.810     3482.880     3483.070     3483.200
   745:     3485.920     3486.200     3486.250     3486.410     3486.500
   750:     3486.770     3486.930     3487.530     3487.630     3488.000
   755:     3488.360     3488.500     3489.140     3489.240     3490.060
   760:     3490.220     3490.320     3490.790     3491.200     3491.390
   765:     3491.530     3492.330     3620.740     3620.850     3627.260
   770:     3646.360     3646.360     3646.360     3646.370     3648.330
   775:     3648.730     3649.980     3649.980     3650.270     3650.270
   780:     3656.360     3656.370     3717.180     3767.720     3768.300
   785:     3768.360     3769.530     3772.460     3774.990     3775.200
   790:     3775.380     3775.550     3776.050     3776.200     3827.750
   795:     4021.030     4045.790     4045.790     4045.790     4045.800
   800:     4049.850     4049.850     4050.080     4050.080     4051.190
   805:     4052.140     4052.200     4052.290     4052.970     4053.130
   810:     4053.260     4053.510     4053.620     4055.730     4055.790
   815:     4055.800     4055.840     4056.090     4056.350     4057.230
   820:     4057.490     4057.650     4057.810     4058.110     4058.280
   825:     4058.510     4058.880     4059.120     4073.860     4073.920
   830:     4074.050     4074.200     4074.330     4074.440     4075.000
   835:     4075.570     4075.810     4075.890     4077.100     4077.340
   840:     4077.640     4077.890     4079.140     4079.400     4079.550
   845:     4079.890     4079.990     4080.180     4080.330     4080.480
   850:     4091.780     4091.930     4092.160     4092.600     4092.680
   855:     4093.040     4095.190     4095.190     4095.190     4095.200
   860:     4105.190     4105.200     4127.170     4132.050     4132.960
   865:     4204.240     4204.520     4378.560     4387.740     4422.930
   870:     4424.300     4425.590     4474.670     4474.690     4476.350
   875:     4476.820     4476.930     4575.740     4575.740     4575.740
   880:     4575.750     4576.810     4576.810     4577.320     4577.320
   885:     4582.020     4582.020     4585.740     4585.750     4589.720
   890:     4589.720     4589.720     4589.730     4599.720     4599.730
   895:     4626.990     4792.770     4792.770     4792.770     4792.780
   900:     4802.770     4802.780     4823.200     4847.440     4847.440
   905:     4847.440     4847.450     4848.510     4848.510     4850.380
   910:     4851.010     4852.190     4852.350     4852.440     4854.700
   915:     4854.910     4855.320     4855.740     4856.380     4856.530
   920:     4856.680     4857.370     4857.440     4857.450     4857.540
   925:     4857.780     4857.880     4858.360     4859.020     4859.260
   930:     4859.450     4860.170     4860.340     4860.580     4861.870
   935:     4863.170     4863.260     4863.360     4863.940     4867.000
   940:     4867.320     4867.540     4868.770     4869.810     4872.920
   945:     4873.790     4873.940     4874.320     4874.390     4874.500
   950:     4874.650     4875.010     4875.550     4876.250     4876.350
   955:     4877.300     4877.500     4877.640     4878.540     4878.710
   960:     4951.760     4951.960     4952.800     4953.150     4953.510
   965:     4954.260     4954.330     4954.460     4959.200     4959.560
   970:     4959.590     4960.510     4960.690     4960.920     4961.240
   975:     4961.830     4961.870     4962.160     4962.480     4962.610
   980:     4962.660     4962.960     4964.280     4991.570     4991.880
   985:     4992.760     4992.780     4992.820     5013.650     5014.770
   990:     5014.880     5015.620     5016.900     5039.200     5039.200
   995:     5039.200     5039.210     5049.200     5049.210     5103.090
  1000:     5107.910     5118.210     5165.550     5166.320     5166.540
  1005:     5168.190     5168.650     5169.950     5170.080     5170.290
  1010:     5170.570     5170.690     5549.480     5555.240     5555.480
  1015:     5558.050     5558.260     5558.450     5559.070     5559.110
  1020:     5559.480     5560.430     5562.270     5641.700     5653.840
  1025:     5719.060     5720.820     5722.650     5725.650     5729.370
  1030:     5729.800     5732.510     5732.510     5732.510     5732.520
  1035:     5733.410     5733.410     5735.190     5735.190     5735.860
  1040:     5735.860     5736.290     5736.290     5736.940     5736.940
  1045:     5737.270     5737.270     5737.560     5737.560     5738.880
  1050:     5739.790     5740.320     5741.130     5741.260     5741.430
  1055:     5741.600     5742.100     5742.220     5742.510     5742.520
  1060:     5743.520     5743.550     5745.170     5745.480     5745.610
  1065:     5745.980     5746.830     5747.180     5747.290     5748.950
  1070:     5749.040     5750.520     5751.010     5751.160     5751.320
  1075:     5751.450     5751.550     5751.840     5751.920     5752.150
  1080:     5753.720     5753.900     5755.370     5755.440     5804.480
  1085:     5807.570     5807.970     5809.200     5809.580     5810.000
  1090:     5810.130     5810.220     5810.360     5810.520     5811.250
  1095:     5811.640     5811.920     5812.040     5812.180     5812.380
  1100:     5812.620     5814.490     5814.860     5815.060     5815.350
  1105:     5815.730     5815.890     5818.970     5819.110     5823.560
  1110:     5823.690     5823.830     5823.980     5824.100     5824.370
  1115:     5825.130     5825.560     5826.180     5826.220     5827.650
  1120:     5827.700     5828.340     5828.540     5828.580     5829.040
  1125:     5829.100     5829.220     5830.230     5830.530     5831.150
  1130:     5831.220     5834.240     5834.660     5835.620     5836.120
  1135:     5836.340     5836.450     5838.300     5839.660     5839.850
  1140:     5840.610     5840.810     5841.020     5841.290     5842.120
  1145:     5842.250     5842.390     5843.280     5843.580     5843.760
  1150:     5844.170     5844.440     5844.590     5844.890     5846.350
  1155:     5846.500     5847.810     5848.170     5848.310     5848.520
  1160:     5848.900     5848.960     5893.160     5893.340     5893.370
  1165:     5893.570     5893.970     5894.110     5894.230     5894.530
  1170:     5894.670     5895.350     5895.800     5896.550     5898.210
  1175:     5898.280     5898.570     5898.920     5899.090     5899.220
  1180:     5899.360     5899.670     5899.720     5904.890     5905.030
  1185:     5905.200     5905.570     5905.620     5906.620     5906.980
  1190:     5907.430     5907.850     5908.670     5908.810     5909.070
  1195:     5909.160     5909.960     5910.010     5910.040     5911.080
  1200:     5912.340     5913.950     5914.120     5914.320     5914.890
  1205:     5915.070     5915.290     5920.980     5921.290     5921.660
  1210:     5922.120     5922.230     5923.240     5923.460     5923.650
  1215:     5924.000     5924.190     5924.440     5925.230     5925.610
  1220:     5925.860     5926.000     5926.430     5926.760     5928.570
  1225:     5928.680     5929.140     5929.660     5930.190     5930.650
  1230:     5931.010     5931.160     5932.290     5932.440     5932.650
  1235:     5933.440     5933.820     5933.890     5934.050     5934.660
  1240:     5935.060     5951.340     5951.970     5952.480     6110.800
  1245:     6111.240     6113.250     6123.620     6140.550     6141.210
  1250:     6143.850     6144.540     6144.680     6144.760     6145.020
  1255:     6146.540     6198.590     6203.550     6204.000     6253.620
  1260:     6254.660     6254.790     6255.510     6255.550     6255.660
  1265:     6256.190     6436.550     6437.090     6450.760     6451.590
  1270:     6452.360     6452.760     6452.850     6452.930     6472.240
  1275:     6479.920     6498.140     6498.140     6498.140     6498.150
  1280:     6508.140     6508.150     6661.050     6661.910     6662.780
  1285:     6663.260     6663.410     6663.550     6663.710     6666.530
  1290:     6666.610     6667.590     6667.910     6668.080     6668.520
  1295:     6668.890     6669.190     6669.630     6673.830     6674.430
  1300:     6674.580     6674.880     6675.120     6675.380     6676.540
  1305:     6678.990     6679.030     6679.640     6679.740     6679.830
  1310:     6680.540     6681.310     6681.620     6681.790     6682.350
  1315:     6682.600     6682.740     6682.900     6689.080     6689.220
  1320:     6689.400     6690.220     6691.830     6692.010     6692.090
  1325:     6692.910     6694.610     6694.710     6695.520     6695.760
  1330:     6695.850     6696.330     6696.360     6696.510     6698.690
  1335:     6698.730     6698.780     6700.040     6700.190     6700.520
  1340:     6701.160     6701.710     6701.860     6702.140     6702.270
  1345:     6702.760     6702.850     6703.100     6703.830     6704.180
  1350:     6704.540     6704.730     6705.610     6706.950     6707.360
  1355:     6707.950     6708.600     6708.770     6709.580     6709.640
  1360:     6709.770     6710.050     6710.460     6710.640     6711.520
  1365:     6711.550     6715.480     6715.770     6716.540     6719.710
  1370:     6719.960     6720.060     6720.110     6720.290     6720.840
  1375:     6769.200     6769.200     6769.200     6769.210     6775.190
  1380:     6775.330     6775.460     6779.200     6779.210     6823.230
  1385:     6823.270     6823.980     6824.190     6840.230     6906.220
  1390:     6943.900     6943.900     6943.900     6943.910     6946.110
  1395:     6947.700     6947.740     6951.350     6951.660     6952.330
  1400:     6952.380     6952.540     6953.470     6953.470     6953.900
  1405:     6953.910     6954.590     6954.590     6954.590     6954.600
  1410:     6954.770     6954.770     6955.350     6955.350     6955.790
  1415:     6955.790     6964.590     6964.600     6981.360     6985.130
  1420:     7028.600     7033.720     7051.170     7052.770     7053.140
  1425:     7053.270     7053.370     7064.040     7065.820     7178.620
  1430:     7178.990     7179.700     7182.060     7182.060     7182.060
  1435:     7182.070     7184.120     7184.120     7186.700     7186.700
  1440:     7187.860     7187.960     7188.270     7189.030     7189.490
  1445:     7189.610     7189.900     7189.990     7191.680     7192.060
  1450:     7192.070     7192.080     7192.180     7192.830     7192.890
  1455:     7192.980     7193.810     7194.390     7194.750     7198.120
  1460:     7199.530     7199.790     7200.840     7248.050     7249.080
  1465:     7249.400     7249.450     7249.720     7250.040     7254.650
  1470:     7254.860     7256.230     7256.470     7256.580     7256.850
  1475:     7257.010     7257.510     7257.940     7258.010     7258.080
  1480:     7258.180     7260.030     7264.620     7264.920     7265.550
  1485:     7266.030     7266.090     7266.270     7266.840     7268.780
  1490:     7268.900     7268.990     7269.660     7269.900     7269.940
  1495:     7270.130     7270.300     7270.390     7270.770     7270.910
  1500:     7271.200     7271.960     7272.370     7272.570     7272.700
  1505:     7272.860     7273.120     7273.490     7274.540     7275.740
  1510:     7276.030     7276.450     7277.150     7277.610     7278.060
  1515:     7438.620     7440.790     7504.630     7508.990     7509.490
  1520:     7513.950     7515.490     7517.250     7517.340     7517.940
  1525:     7518.360     7518.950     7519.010     7519.660     7519.820
  1530:     7520.180     7520.650     7520.790     7520.850     7590.220
  1535:     7590.220     7590.220     7590.230     7590.990     7590.990
  1540:     7600.220     7600.230     7664.790     7665.280     7665.990
  1545:     7666.950     7667.910     7669.050     7669.730     7671.370
  1550:     7675.480     7681.710     7683.500     7685.310     7708.940
  1555:     7710.480     7752.300     7770.100     7829.420     7829.790
  1560:     7829.840     7830.040     7830.350     7830.470     7903.350
  1565:     7904.420     7906.690     7906.750     7907.540     7908.990
  1570:     7909.460     7909.590     7909.740     7910.050     7910.270
  1575:     7910.470     7910.570     7910.770     7912.040     7912.420
  1580:     7912.570     7913.620     7913.660     7913.820     7913.970
  1585:     7914.120     7914.450     7915.490     7916.360     7916.760
  1590:     7916.890     7917.730     7918.430     7918.700     7918.840
  1595:     7919.390     7919.450     7919.650     7921.890     7922.200
  1600:     7923.580     7923.730     7923.890     7924.120     7924.650
  1605:     7941.250     7952.760     7955.750     7955.880     7956.230
  1610:     7956.660     7956.830     7956.890     7956.950     7958.730
  1615:     7958.850     7959.090     7959.920     7960.080     7963.780
  1620:     7964.270     7964.410     7964.530     7964.720     7965.930
  1625:     7966.190     7967.220     7973.330     7974.780     7975.560
  1630:     7975.870     7976.100     7976.420     7977.620     7977.830
  1635:     7978.120     7978.260     7978.420     7978.720     7978.960
  1640:     7979.280     7979.590     7980.260     7981.000     7981.430
  1645:     7981.530     7981.800     7981.910     7982.440     7982.780
  1650:     7983.750     8197.880     8364.040     8364.040     8364.040
  1655:     8364.050     8374.040     8374.050     8520.400     8520.710
  1660:     8523.400     8528.490     8528.700     8528.760     8528.890
  1665:     8529.080     8529.180     8529.360     8529.950     8530.740
  1670:     8531.340     8531.470     8531.740     8532.210     8532.750
  1675:     8532.880     8534.260     8534.470     8534.610     8535.210
  1680:     8535.300     8535.760     8535.900     8535.990     8536.350
  1685:     8537.170     8538.540     8539.100     8539.230     8539.680
  1690:     8539.990     8541.820     8542.170     8542.830     8542.970
  1695:     8543.150     8543.330     8543.600     8544.970     8549.690
  1700:     8550.010     8550.040     8550.260     8550.390     8550.790
  1705:     8550.850     8550.930     8551.560     8551.820     8551.860
  1710:     8552.580     8552.670     8575.630     8576.000     8576.120
  1715:     8644.300     8674.840     8676.970     8687.490     8829.580
  1720:     8829.580     8829.580     8829.590     8839.580     8839.590
  1725:     8852.580     8870.090     8870.090     8870.090     8870.100
  1730:     8873.600     8880.090     8880.100     9036.170     9036.860
  1735:     9039.540     9041.770     9071.290     9071.290     9071.290
  1740:     9071.300     9075.640     9075.640     9081.290     9081.300
  1745:     9101.260     9101.780     9101.820     9123.190     9125.740
  1750:     9125.840     9125.960     9127.460     9127.630     9127.890
  1755:     9127.970     9128.400     9128.520     9129.420     9130.010
  1760:     9130.040     9130.830     9130.920     9132.190     9132.270
  1765:     9132.540     9133.800     9138.830     9139.260     9139.630
  1770:     9140.080     9140.650     9140.740     9142.860     9142.910
  1775:     9145.050     9146.710     9147.010     9147.370     9148.460
  1780:     9151.810     9151.960     9152.050     9153.170     9163.340
  1785:     9163.440     9163.710     9164.090     9307.040     9315.570
  1790:     9315.570     9315.570     9315.580     9316.800     9316.800
  1795:     9316.940     9316.940     9317.740     9317.740     9325.570
  1800:     9325.580     9328.860     9336.850     9343.520     9344.190
  1805:     9344.220     9344.350     9344.390     9438.940     9440.450
  1810:     9448.860     9450.750     9635.670     9663.270     9670.130
  1815:     9670.860     9843.810     9844.510     9844.670     9845.440
  1820:     9845.520     9846.180     9847.560     9917.520     9922.380
  1825:     9928.600     9965.770     9965.770     9965.770     9965.780
  1830:     9975.770     9975.780     9990.760    10004.050    10005.730
  1835:    10112.080    10112.080    10112.080    10112.090    10112.750
  1840:    10112.750    10116.160    10116.160    10118.070    10118.070
  1845:    10122.080    10122.090    10441.060    10441.090    10442.320
  1850:    10444.420    10588.700    10588.850    10590.390    10592.990
  1855:    10593.120    10593.200    10593.280    10593.320    10593.520
  1860:    10619.750    10621.540    10621.770    10621.850    10622.560
  1865:    10623.110    10624.450    10624.480    10624.630    10627.870
  1870:    10628.420    10629.260    10629.340    10629.970    10630.380
  1875:    10630.430    10630.680    10631.770    10631.850    10632.300
  1880:    10632.670    10635.960    10635.990    10636.130    10636.450
  1885:    10637.040    10637.890    10638.300    10638.350    10638.750
  1890:    10643.440    10643.650    10643.770    10644.620    10644.810
  1895:    10644.840    10645.900    10646.920    10671.820    10671.850
  1900:    10672.530    10673.710    10675.870    10676.440    10680.130
  1905:    10680.180    10682.090    10682.210    10684.590    10685.380
  1910:    10685.650    10689.050    10690.310    10691.030    10691.830
  1915:    10703.260    10704.350    10704.840    10713.810    10771.510
  1920:    10771.710    10779.270    10779.570    10779.930    10780.040
  1925:    10800.010
