File: C:\MED-PC IV\DATA\!2025-02-27_09h29m.Subject 61



Start Date: 02/27/25
End Date: 02/27/25
Subject: 61
Experiment: OralFentSA
Group: One
Box: 5
Start Time:  9:29:03
End Time: 12:29:11
MSN: Golden_Liq_SelfAdmin
F:       0.000
G:     136.000
H:   10800.010
I:       0.000
J:       0.000
K:       0.000
L:       0.000
M:       0.000
N:       0.000
O:       0.000
P:       0.000
Q:       0.000
R:       0.000
S:       0.000
U:       0.000
V:       0.000
W:       0.000
X:       0.000
Y:       0.000
Z:       0.000
A:
     0:        0.000        0.000      180.000        4.000        0.000
     5:        5.000        0.000        5.000        0.000        0.000
    10:        1.000        0.000       10.000 1000000000.0       26.000
    15:       14.000      640.000        0.000        0.000        0.000
    20:        0.000
B:
     0:        0.000        0.000        0.000      400.000        0.000
     5:      500.000        0.000      500.000        0.000        0.000
    10:        0.000        0.000     1000.000 100000000000        0.000
    15:        0.000        0.000        0.000        0.000        0.000
    20:        0.000
C:
     0:        1.000        2.000        0.000        1.000      117.000
     5:       24.190       28.750        1.000       28.750       28.750
    10:        1.000        1.000        0.000        0.000        0.000
    15:        0.000        0.000        0.000        0.000        0.000
    20:        0.000
D:
     0:       28.750
E:
     0:       19.000       11.000       26.000       27.000        2.000
     5:        4.000       22.000       24.000       12.000       13.000
    10:        8.000        5.000       17.000       18.000       14.000
    15:       10.000       19.000       11.000        6.000        6.000
    20:        6.000        6.000        6.000        6.000        6.000
    25:        6.000        6.000        6.000        6.000        6.000
    30:        6.000        6.000        6.000       23.000        6.000
    35:        6.000        6.000        6.000        6.000        6.000
    40:        6.000        6.000        6.000        6.000        6.000
    45:        6.000        6.000        6.000        6.000        6.000
    50:        6.000        6.000        6.000        6.000        6.000
    55:        6.000        6.000        6.000        6.000        6.000
    60:        6.000        6.000        6.000        6.000        6.000
    65:        6.000        6.000        6.000        6.000        6.000
    70:        6.000        6.000        6.000        6.000        6.000
    75:        6.000        6.000        6.000        6.000        6.000
    80:        6.000        6.000        6.000        6.000        6.000
    85:        6.000        6.000        6.000        6.000        6.000
    90:        6.000        6.000        6.000        6.000        6.000
    95:        6.000        6.000        6.000        6.000        6.000
   100:        6.000        6.000        6.000        6.000        6.000
   105:        6.000        6.000        6.000        6.000        6.000
   110:        6.000        6.000        6.000        6.000        6.000
   115:        6.000        6.000        6.000        6.000        6.000
   120:        6.000        6.000        6.000        6.000        6.000
   125:        6.000        6.000        6.000        6.000        6.000
   130:        6.000        6.000        6.000        6.000        6.000
   135:        6.000      100.000
T:
     0:        0.000        0.000        0.000        0.000       24.180
     5:       24.180       24.180       24.190       24.190       24.190
    10:       24.190       24.190       24.190       28.190       29.190
    15:       29.190       34.180       34.190       52.940       54.950
    20:       63.300       69.790       69.840       98.240      106.470
    25:      109.650      144.760      145.160      145.320      146.520
    30:      146.670      300.840      348.090      356.520      367.770
    35:      373.190      383.380      390.320      393.070      393.140
    40:     1914.780     1914.980     1962.150     1962.880     1964.070
    45:     1964.670     1965.700     1975.740     1976.150     1980.650
    50:     1982.400     1982.870     1983.080     1983.110     1984.400
    55:     1984.440     1984.480     1984.600     1986.200     1986.630
    60:     2045.650     2050.150     2097.270     2097.330     2098.020
    65:     2098.640     2101.670     2105.660     2107.540     2109.640
    70:     9646.940     9649.300     9649.450     9769.870     9769.930
    75:     9770.030     9774.170     9818.970     9825.160     9825.500
    80:     9825.530     9835.880     9891.280     9893.290     9917.280
    85:     9920.820     9926.770     9928.170    10101.180    10101.380
    90:    10101.520    10104.660    10104.760    10104.830    10211.270
    95:    10211.460    10214.080    10215.420    10215.580    10222.160
   100:    10222.820    10231.180    10271.490    10271.700    10319.630
   105:    10324.930    10325.020    10325.050    10325.110    10325.140
   110:    10325.200    10325.320    10325.800    10325.850    10325.890
   115:    10327.430    10327.450    10327.490    10327.870    10328.110
   120:    10330.000    10340.750    10401.100    10420.660    10422.100
   125:    10422.950    10423.310    10559.880    10564.140    10572.470
   130:    10573.090    10728.790    10732.680    10737.600    10738.290
   135:    10738.600    10800.010
