File: C:\MED-PC IV\DATA\!2025-02-18_08h54m.Subject 59



Start Date: 02/18/25
End Date: 02/18/25
Subject: 59
Experiment: OralFentSA
Group: One
Box: 3
Start Time:  8:54:14
End Time: 11:54:47
MSN: Golden_Liq_SelfAdmin
F:       0.000
G:     751.000
H:   10800.010
I:       0.000
J:       0.000
K:       0.000
L:       0.000
M:       0.000
N:       0.000
O:       0.000
P:       0.000
Q:       0.000
R:       0.000
S:       0.000
U:       0.000
V:       0.000
W:       0.000
X:       0.000
Y:       0.000
Z:       0.000
A:
     0:        0.000        0.000      180.000        4.000        0.000
     5:        5.000        0.000        5.000        0.000        0.000
    10:        1.000        0.000       10.000 1000000000.0       27.000
    15:        7.000      640.000        0.000        0.000        0.000
    20:        0.000
B:
     0:        0.000        0.000        0.000      400.000        0.000
     5:      500.000        0.000      500.000        0.000        0.000
    10:        0.000        0.000     1000.000 100000000000        0.000
    15:        0.000        0.000        0.000        0.000        0.000
    20:        0.000
C:
     0:        2.000        3.000        0.000        4.000      715.000
     5:     8799.100        6.770        2.000       40.480       20.240
    10:        4.000        0.000        0.000        0.000        0.000
    15:        0.000        0.000        0.000        0.000        0.000
    20:        0.000
D:
     0:       33.710        6.770
E:
     0:       19.000       11.000       26.000       27.000        6.000
     5:        6.000        6.000        6.000        6.000        6.000
    10:        6.000        6.000        6.000        6.000        6.000
    15:        6.000        6.000        6.000        6.000        6.000
    20:        6.000        6.000        6.000        6.000        6.000
    25:        6.000        6.000        6.000        6.000        6.000
    30:        6.000        6.000        6.000        6.000        6.000
    35:        6.000        6.000        6.000        6.000        6.000
    40:        6.000        6.000        6.000        6.000        6.000
    45:        6.000        6.000        6.000        6.000        6.000
    50:        6.000        6.000        6.000        6.000        6.000
    55:        6.000        6.000        6.000        6.000        6.000
    60:        6.000        6.000        6.000        6.000        6.000
    65:        6.000        6.000        6.000        6.000        6.000
    70:        6.000        6.000        6.000        6.000        6.000
    75:        6.000        6.000        6.000        6.000        6.000
    80:        6.000        6.000        6.000        6.000        6.000
    85:        6.000        6.000        6.000        6.000        6.000
    90:        6.000        6.000        6.000        6.000        6.000
    95:        6.000        6.000        6.000        6.000        6.000
   100:        6.000        6.000        6.000        6.000        6.000
   105:        6.000        6.000        6.000        6.000        6.000
   110:        6.000        6.000        6.000        6.000        6.000
   115:        6.000        6.000        6.000        6.000        6.000
   120:        6.000        6.000        6.000        6.000        6.000
   125:        6.000        6.000        6.000        6.000        6.000
   130:        6.000        6.000        6.000        6.000        6.000
   135:        6.000        6.000        6.000        6.000        6.000
   140:        6.000        6.000        6.000        6.000        6.000
   145:        6.000        6.000        6.000        6.000        6.000
   150:        6.000        6.000        6.000        6.000        6.000
   155:        6.000        6.000        6.000        6.000        6.000
   160:        6.000        6.000        6.000        6.000        6.000
   165:        6.000        6.000        6.000        6.000        6.000
   170:        6.000        6.000        6.000        6.000        6.000
   175:        6.000        6.000        6.000        6.000        6.000
   180:        6.000        6.000        6.000        6.000        6.000
   185:        6.000        6.000        6.000        6.000        6.000
   190:        6.000        6.000        6.000        6.000        2.000
   195:        4.000       22.000       24.000       12.000       13.000
   200:        8.000        5.000       17.000       21.000       22.000
   205:       18.000       14.000       10.000       19.000       11.000
   210:        6.000        6.000        6.000        6.000        6.000
   215:        6.000        6.000        6.000        6.000        6.000
   220:        6.000        6.000        6.000        6.000        6.000
   225:        6.000        6.000        6.000        6.000        6.000
   230:        6.000        6.000        6.000        6.000        6.000
   235:        6.000        6.000        6.000        6.000        6.000
   240:        6.000        6.000        6.000        6.000        6.000
   245:        6.000        6.000        6.000        6.000        6.000
   250:        6.000        6.000        6.000        6.000        6.000
   255:        6.000        6.000        6.000        6.000        6.000
   260:        6.000        6.000        6.000        6.000        6.000
   265:        6.000        6.000        6.000        6.000        6.000
   270:        6.000        6.000        6.000        6.000        6.000
   275:        6.000        6.000        6.000        6.000        6.000
   280:        6.000        6.000        6.000        6.000        6.000
   285:        6.000        6.000        6.000        6.000        6.000
   290:        6.000        6.000        6.000        6.000        6.000
   295:        6.000        6.000        6.000        6.000        6.000
   300:        6.000        6.000        6.000        6.000        6.000
   305:        6.000        6.000        6.000        6.000        6.000
   310:        6.000        6.000        6.000        6.000        6.000
   315:        6.000        6.000        6.000        6.000        6.000
   320:        6.000        6.000        6.000        6.000        6.000
   325:        6.000        6.000        6.000        6.000        6.000
   330:        6.000        6.000        6.000        6.000        6.000
   335:        6.000        6.000        6.000        6.000        6.000
   340:        6.000        6.000        6.000        6.000        6.000
   345:        6.000        6.000        6.000        6.000        6.000
   350:        6.000        6.000        6.000        6.000        6.000
   355:        6.000        6.000        6.000        6.000        6.000
   360:        6.000        6.000        6.000        6.000        6.000
   365:        6.000        6.000        6.000        6.000        6.000
   370:        6.000        6.000        6.000        6.000        6.000
   375:        6.000        6.000        6.000        6.000        6.000
   380:        6.000        6.000        6.000        6.000        6.000
   385:        6.000        6.000        6.000        6.000        6.000
   390:        6.000        6.000        6.000        6.000        6.000
   395:        6.000        6.000        6.000        6.000        6.000
   400:        6.000        6.000        6.000        6.000        6.000
   405:        6.000        6.000        6.000        6.000        6.000
   410:        6.000        6.000        6.000        6.000        6.000
   415:        6.000        6.000        6.000        6.000        6.000
   420:        6.000        6.000        6.000        6.000        6.000
   425:        6.000        6.000        6.000        6.000        6.000
   430:        6.000        6.000        6.000        6.000        6.000
   435:        6.000        6.000        6.000        6.000        6.000
   440:        6.000        6.000        6.000        6.000        6.000
   445:        6.000        6.000        6.000        6.000        6.000
   450:        6.000        6.000        6.000        6.000        6.000
   455:        6.000        6.000        6.000        6.000        6.000
   460:        6.000        6.000        6.000        6.000        6.000
   465:        6.000        6.000        6.000        6.000        6.000
   470:        6.000        6.000        6.000        6.000        6.000
   475:        6.000        6.000        6.000        6.000        6.000
   480:        6.000        6.000        6.000        6.000        6.000
   485:        6.000        6.000        6.000        6.000        6.000
   490:        6.000        6.000        6.000        6.000        6.000
   495:        6.000        6.000        6.000        6.000        6.000
   500:        6.000        6.000        6.000        6.000        6.000
   505:        6.000        6.000        6.000        6.000        6.000
   510:        6.000        6.000        6.000        6.000        6.000
   515:        6.000        6.000        6.000        6.000        6.000
   520:        6.000        6.000        6.000        6.000        6.000
   525:        6.000        6.000        6.000        6.000        6.000
   530:        6.000        6.000        6.000        6.000        6.000
   535:        6.000        6.000        6.000        6.000        6.000
   540:        6.000        6.000        6.000        6.000        6.000
   545:        6.000        6.000        6.000        6.000        6.000
   550:        6.000        6.000        6.000        6.000        6.000
   555:        6.000        6.000        6.000        6.000        6.000
   560:        6.000        6.000        6.000        6.000        6.000
   565:        6.000        6.000        6.000        6.000        6.000
   570:        6.000        6.000        6.000        6.000        6.000
   575:        6.000        6.000        6.000        6.000        6.000
   580:        6.000        6.000        6.000        6.000        6.000
   585:        6.000        6.000        6.000        6.000        6.000
   590:        6.000        6.000        6.000        6.000        6.000
   595:        6.000        6.000        6.000        6.000        6.000
   600:        6.000        6.000        6.000        6.000        6.000
   605:        6.000        2.000        4.000       22.000       24.000
   610:       12.000       13.000        8.000        5.000       17.000
   615:       21.000       22.000       18.000       14.000       10.000
   620:        6.000       19.000       11.000        6.000        6.000
   625:        6.000        6.000        6.000        6.000        6.000
   630:        6.000        6.000        6.000        6.000        6.000
   635:        6.000        6.000        6.000        6.000        6.000
   640:        6.000        6.000        6.000        6.000        6.000
   645:        6.000        6.000        6.000        6.000        6.000
   650:        6.000        6.000        6.000        6.000        6.000
   655:        6.000        6.000        6.000        6.000        6.000
   660:        6.000        6.000        6.000        6.000        6.000
   665:        6.000        6.000        6.000        6.000        6.000
   670:        6.000        6.000        6.000        6.000        6.000
   675:        6.000        6.000        6.000        6.000        6.000
   680:        6.000        6.000        6.000        6.000        6.000
   685:        6.000        6.000        6.000        6.000        6.000
   690:        6.000        6.000        6.000        6.000        6.000
   695:        6.000        6.000        6.000        6.000        6.000
   700:        6.000        6.000        6.000        6.000        6.000
   705:        6.000        6.000        6.000        6.000        6.000
   710:        6.000        6.000        6.000        6.000        6.000
   715:        6.000        6.000        6.000        6.000        6.000
   720:        6.000        6.000        6.000        6.000        6.000
   725:        6.000        6.000        6.000        6.000        6.000
   730:        6.000        6.000        6.000        6.000        6.000
   735:        6.000        6.000        6.000        6.000        6.000
   740:        6.000        6.000        6.000        6.000        6.000
   745:        6.000        6.000        6.000        6.000        6.000
   750:        6.000      100.000
T:
     0:        0.000        0.000        0.000        0.000        3.010
     5:        3.140       39.190       41.560       41.870       42.050
    10:       66.010      243.210      244.970      245.810      246.760
    15:      277.820      321.930      353.260      403.120      434.090
    20:      462.540      464.880      466.770      468.590      485.110
    25:      494.670      573.050      627.870      653.940      655.940
    30:      655.970      723.650      723.770      728.790      728.860
    35:      729.750      729.980      731.500      731.990      732.230
    40:      736.230      736.460      748.860      749.010      749.460
    45:      772.860      773.460      773.940      774.150      774.260
    50:      774.330      774.390      774.530      775.380      775.520
    55:      775.540      775.860      776.000      776.240      776.310
    60:      776.860      777.270      777.420      777.480      777.560
    65:      777.990      780.260      780.430      802.010      802.190
    70:      804.410      804.850      805.620      805.900      806.590
    75:      817.500      819.340      819.360      823.930      825.100
    80:      826.430      826.720      826.760      826.800      827.300
    85:      830.330      830.370      830.390      830.580      831.780
    90:      831.810      832.920      833.040      835.470      836.210
    95:      836.240      836.430      836.550      837.700      869.790
   100:      869.900      869.920      877.240      911.520      911.760
   105:      911.900      911.960      912.070      912.150      912.180
   110:      918.520      919.010      919.290      919.310      919.580
   115:      919.920      943.890      944.020      944.380      960.480
   120:      966.700      966.750      966.770      983.350      983.490
   125:      984.500     1024.940     1033.760     1034.040     1106.260
   130:     1106.830     1115.380     1115.400     1118.180     1118.280
   135:     1118.290     1118.430     1118.580     1147.830     1188.660
   140:     1189.060     1189.380     1228.510     1228.850     1228.870
   145:     1228.880     1231.640     1232.530     1232.920     1233.740
   150:     1233.760     1250.580     1288.810     1548.320     1548.700
   155:     1548.900     1548.910     1550.870     1551.370     1551.990
   160:     1555.730     1556.410     1556.800     1556.930     1557.320
   165:     1579.730     1581.030     1581.130     1581.860     1603.870
   170:     1604.200     1605.120     1606.840     1606.910     1606.970
   175:     1607.000     1607.410     1607.660     1607.820     1639.780
   180:     1639.800     1639.890     1640.300     1773.920     2041.210
   185:     2041.780     2041.920     2042.040     2042.260     2050.910
   190:     2051.850     2051.950     2124.830     2125.650     2172.090
   195:     2172.090     2172.090     2172.100     2172.100     2172.100
   200:     2172.100     2172.100     2172.100     2172.530     2172.530
   205:     2176.100     2177.100     2177.100     2182.090     2182.100
   210:     2205.810     2206.480     2243.070     2274.710     2274.730
   215:     2274.800     2332.630     2332.910     2362.170     2371.330
   220:     2371.400     2371.450     2375.710     2375.850     2376.110
   225:     2376.670     2376.840     2376.990     2377.060     2378.980
   230:     2379.110     2379.140     2379.200     2379.260     2379.470
   235:     2379.540     2380.460     2381.160     2381.250     2381.340
   240:     2382.860     2383.110     2385.640     2385.770     2385.900
   245:     2385.930     2385.970     2386.020     2388.560     2388.650
   250:     2388.680     2388.760     2388.850     2388.870     2389.370
   255:     2389.400     2389.590     2425.520     2428.250     2428.520
   260:     2429.250     3082.270     3082.930     3083.390     3083.640
   265:     3097.290     3158.750     3281.580     3825.470     3896.550
   270:     3897.710     5073.310     5076.470     5146.840     5157.660
   275:     5157.730     5166.430     5228.030     5229.200     5229.410
   280:     5229.690     5312.900     5313.230     5430.180     5430.350
   285:     5430.800     5569.780     5613.150     5714.760     5716.430
   290:     5716.890     5718.060     5718.440     5720.290     5879.570
   295:     6322.440     6794.900     6836.960     6889.600     6937.470
   300:     7026.720     7027.990     7032.340     7061.130     7123.330
   305:     7128.340     7248.360     7272.260     7291.370     7291.790
   310:     7291.840     7291.970     7292.190     7292.570     7295.500
   315:     7372.460     7410.690     7441.460     7462.200     7462.590
   320:     7471.360     7471.460     7542.290     7543.610     7543.800
   325:     7544.300     7544.460     7546.020     7600.810     7673.510
   330:     7674.060     7691.780     7692.220     7716.800     7780.030
   335:     7792.830     7863.810     7869.990     7870.180     7870.540
   340:     7871.060     7871.700     7872.000     7872.040     7872.090
   345:     7872.310     7872.330     7873.110     7875.480     7875.540
   350:     7879.280     7879.710     7880.330     7880.650     7881.190
   355:     7881.210     7938.660     7938.910     7939.250     7943.140
   360:     7943.470     7944.410     7944.430     7944.620     7944.960
   365:     7945.060     7945.580     7945.940     7952.030     7953.650
   370:     7956.820     7960.320     7960.610     7960.630     7961.940
   375:     7962.010     7962.070     7990.570     7993.800     7994.150
   380:     7994.160     7994.210     7994.920     8053.470     8054.100
   385:     8054.140     8054.190     8054.340     8146.740     8149.130
   390:     8149.550     8149.620     8149.690     8149.740     8149.840
   395:     8150.090     8150.220     8150.320     8150.660     8162.240
   400:     8177.910     8177.930     8179.340     8179.420     8179.450
   405:     8179.510     8179.620     8179.660     8180.140     8180.440
   410:     8180.670     8180.720     8183.770     8183.810     8183.870
   415:     8184.910     8185.050     8185.120     8188.310     8192.040
   420:     8192.160     8192.180     8192.260     8192.370     8192.610
   425:     8192.800     8192.870     8192.940     8193.050     8196.370
   430:     8196.550     8196.570     8196.650     8245.910     8247.570
   435:     8247.890     8248.360     8248.430     8248.470     8248.510
   440:     8248.870     8254.010     8254.900     8254.960     8255.030
   445:     8255.120     8256.700     8256.830     8256.880     8256.990
   450:     8257.560     8257.680     8258.010     8267.650     8313.130
   455:     8313.200     8313.280     8313.440     8313.860     8315.520
   460:     8316.390     8316.510     8316.640     8316.650     8316.730
   465:     8316.860     8316.960     8318.010     8318.060     8318.270
   470:     8321.390     8323.220     8323.430     8323.490     8323.810
   475:     8325.710     8326.190     8326.840     8343.320     8346.220
   480:     8347.330     8347.400     8347.440     8347.610     8348.690
   485:     8348.960     8349.800     8350.100     8350.310     8352.740
   490:     8353.220     8353.250     8353.270     8353.690     8358.680
   495:     8358.780     8358.820     8358.940     8359.810     8360.540
   500:     8367.680     8367.960     8368.030     8368.060     8368.230
   505:     8368.300     8369.710     8369.760     8370.020     8370.500
   510:     8370.550     8452.300     8455.830     8455.880     8456.310
   515:     8456.430     8457.090     8457.160     8457.380     8457.480
   520:     8457.520     8457.630     8459.240     8459.270     8459.370
   525:     8459.460     8459.650     8460.240     8460.650     8461.710
   530:     8464.230     8464.300     8464.410     8464.440     8464.500
   535:     8466.110     8466.350     8474.040     8474.370     8474.830
   540:     8482.830     8483.000     8483.420     8483.730     8484.900
   545:     8484.940     8485.030     8485.990     8486.330     8490.250
   550:     8491.170     8491.660     8491.830     8491.860     8491.880
   555:     8492.460     8492.520     8492.810     8492.880     8495.100
   560:     8495.120     8495.130     8495.320     8495.520     8495.830
   565:     8495.970     8497.270     8497.490     8497.980     8500.850
   570:     8500.880     8501.300     8501.390     8502.720     8507.090
   575:     8507.690     8507.710     8507.820     8509.770     8510.150
   580:     8510.190     8510.270     8510.290     8510.550     8519.710
   585:     8519.730     8520.820     8521.880     8536.850     8541.750
   590:     8541.800     8542.060     8549.400     8554.700     8574.070
   595:     8598.280     8665.420     8669.870     8670.300     8687.330
   600:     8688.190     8718.610     8718.630     8718.980     8719.050
   605:     8755.440     8799.090     8799.090     8799.090     8799.100
   610:     8799.100     8799.100     8799.100     8799.100     8799.100
   615:     8799.820     8799.820     8803.100     8804.100     8804.100
   620:     8805.870     8809.090     8809.100     8816.960     8827.450
   625:     8845.620     8879.110     8879.700     8880.260     8880.410
   630:     8880.470     8880.530     8880.560     8966.410     8969.420
   635:     8969.570     8969.730     8969.900     8970.000     8970.180
   640:     8970.560     8974.730     8976.560     8978.090     8978.240
   645:     8979.010     8981.460     8983.090     8983.340     8983.510
   650:     8983.550     8990.660     8990.690     8992.920     8994.010
   655:     8994.070     8994.110     8994.500     8994.650     8994.760
   660:     8995.550     8995.980     8996.040     8996.060     8996.130
   665:     8996.170     8996.210     8997.150     8997.360     8997.400
   670:     9004.490     9005.240     9005.840     9005.890     9005.940
   675:     9006.070     9006.380     9006.570     9007.580     9011.450
   680:     9012.500     9012.710     9012.790     9013.470     9015.220
   685:     9015.950     9017.190     9017.430     9017.550     9017.630
   690:     9017.720     9017.820     9022.650     9022.680     9026.240
   695:     9026.960     9035.700     9035.710     9038.760     9038.970
   700:     9043.860     9044.080     9044.250     9044.780     9044.870
   705:     9065.520     9065.590     9065.920     9070.070     9070.520
   710:     9070.550     9070.620     9070.660     9070.750     9113.240
   715:     9113.260     9116.240     9116.710     9150.550     9153.050
   720:     9153.140     9153.260     9153.540     9156.390     9157.160
   725:     9157.830     9158.610     9158.720     9158.910     9159.720
   730:     9160.450     9702.540     9791.900     9792.470     9806.630
   735:     9810.160     9816.910     9817.250     9818.560     9821.570
   740:     9850.290    10176.800    10546.130    10551.680    10600.360
   745:    10673.200    10673.360    10703.810    10715.940    10716.480
   750:    10727.510    10800.010
