File: C:\MED-PC\Data\2025-03-25_09h04m_Subject 81.txt


Start Date: 03/25/25
End Date: 03/25/25
Subject: 81
Experiment: OralFentSA
Group: One
Box: 9
Start Time: 09:04:28
End Time: 12:04:45
MSN: Golden_Liq_SelfAdmin_EXT
F:       0.000
G:     101.000
H:   10800.000
I:       0.000
J:       0.000
K:       0.000
L:       0.000
M:       0.000
N:       0.000
O:       0.000
P:       0.000
Q:       0.000
R:       0.000
S:       0.000
U:       0.000
V:       0.000
W:       0.000
X:       0.000
Y:       0.000
Z:       0.000
A:
     0:        0.000        0.000      180.000        4.000        0.000
     5:        5.000        0.000        5.000        0.000        0.000
    10:        1.000        0.000       10.000   100000.000       25.000
    15:       17.000      600.000        0.000        0.000        0.000
    20:        0.000
B:
     0:        0.000        0.000        0.000        0.000        0.000
     5:        0.000        0.000        0.000        0.000        0.000
    10:        0.000        0.000     1000.000 10000000.000        0.000
    15:        0.000        0.000        0.000        0.000        0.000
    20:        0.000
C:
     0:        0.000        4.000        8.000        3.000       68.000
     5:     9975.590      687.360        3.000      968.140      322.713
    10:        3.000        8.000        0.000        0.000        0.000
    15:        0.000        0.000        0.000        0.000        0.000
    20:        0.000
D:
     0:       42.190      238.590      687.360
E:
     0:       19.000       11.000       26.000       27.000        6.000
     5:        6.000        6.000        6.000        1.000        1.000
    10:        6.000        1.000        6.000        6.000        6.000
    15:        6.000        6.000        6.000        6.000        6.000
    20:        6.000        6.000        6.000        1.000        6.000
    25:        6.000        6.000        6.000        6.000        6.000
    30:        6.000        6.000        6.000        6.000        6.000
    35:        6.000        2.000        4.000       22.000       24.000
    40:       12.000       19.000       11.000        6.000        6.000
    45:        6.000        6.000        6.000        6.000        6.000
    50:        6.000        6.000        6.000        6.000        6.000
    55:        6.000        2.000        4.000       22.000       24.000
    60:       12.000       19.000       11.000        6.000        6.000
    65:        6.000        6.000        6.000        6.000        6.000
    70:        1.000        1.000        1.000        6.000        6.000
    75:        6.000        6.000        6.000        6.000        6.000
    80:        6.000        6.000        6.000        6.000        6.000
    85:        6.000        6.000        6.000        6.000        6.000
    90:        2.000        4.000       22.000       24.000       12.000
    95:       19.000       11.000        1.000        6.000        6.000
   100:        6.000      100.000
T:
     0:        0.000        0.000        0.000        0.000      131.890
     5:      574.590      763.740      964.330     1605.970     1606.350
    10:     1860.600     2024.150     2039.450     2539.720     2539.810
    15:     2540.060     2590.450     2590.560     2594.250     2595.050
    20:     2751.700     3628.790     3631.010     4106.450     4120.730
    25:     4500.520     4505.970     4641.410     4648.290     4985.520
    30:     4986.000     4993.220     4993.240     4996.930     5335.140
    35:     5573.550     5581.850     5581.850     5581.850     5581.860
    40:     5581.860     5591.850     5591.860     5624.050     5740.150
    45:     5748.230     6412.030     6578.940     6579.990     6828.280
    50:     6828.770     6835.080     6835.660     6836.090     7039.740
    55:     7180.800     7261.450     7261.450     7261.450     7261.460
    60:     7261.460     7271.450     7271.460     7500.050     7514.860
    65:     7515.700     7515.840     8197.200     8199.630     8208.230
    70:     8357.090     8505.710     8507.900     8645.470     8682.520
    75:     8685.460     8685.930     8835.580     8940.790     8940.930
    80:     9351.500     9351.580     9742.430     9950.920     9951.300
    85:     9951.330     9951.400     9952.340     9952.600     9954.730
    90:     9975.580     9975.580     9975.580     9975.590     9975.590
    95:     9985.580     9985.590    10086.130    10662.950    10663.360
   100:    10666.720    10800.000
