File: C:\MED-PC IV\DATA\!2025-03-10_12h32m.Subject 67



Start Date: 03/10/25
End Date: 03/10/25
Subject: 67
Experiment: OralFentSA
Group: One
Box: 3
Start Time: 12:32:40
End Time: 15:33:04
MSN: Golden_Liq_SelfAdmin_EXT
F:       0.000
G:     965.000
H:   10800.010
I:       0.000
J:       0.000
K:       0.000
L:       0.000
M:       0.000
N:       0.000
O:       0.000
P:       0.000
Q:       0.000
R:       0.000
S:       0.000
U:       0.000
V:       0.000
W:       0.000
X:       0.000
Y:       0.000
Z:       0.000
A:
     0:        0.000        0.000      180.000        4.000        0.000
     5:        5.000        0.000        5.000        0.000        0.000
    10:        1.000        0.000       10.000 100000000.00       22.000
    15:       21.000      640.000        0.000        0.000        0.000
    20:        0.000
B:
     0:        0.000        0.000        0.000        0.000        0.000
     5:        0.000        0.000        0.000        0.000        0.000
    10:        0.000        0.000     1000.000 10000000000.        0.000
    15:        0.000        0.000        0.000        0.000        0.000
    20:        0.000
C:
     0:        0.000       51.000        0.000       67.000      507.000
     5:    10440.120       59.420       41.000     1392.230       33.957
    10:       67.000      120.000        0.000        0.000        0.000
    15:        0.000        0.000        0.000        0.000        0.000
    20:        0.000
D:
     0:       24.270       88.860        6.410        4.710        6.090
     5:        6.880        6.020        1.830        1.290        0.720
    10:      135.660        0.820        2.880        2.600        7.180
    15:        4.700        4.000        1.170        1.310        5.440
    20:        0.400        0.570        3.640        1.570        4.820
    25:        7.640        6.370        4.060       30.350       14.590
    30:       87.450        0.780       25.950       33.090        1.740
    35:        4.450      430.820      131.500      226.450        3.730
    40:       59.420
E:
     0:       19.000       11.000       26.000       27.000       23.000
     5:       23.000        2.000        4.000       22.000       24.000
    10:       19.000       11.000        6.000        6.000        6.000
    15:        6.000        6.000        6.000        6.000       23.000
    20:       23.000        6.000        6.000        6.000        6.000
    25:        6.000       23.000       23.000        6.000        2.000
    30:        4.000       22.000       24.000       19.000       11.000
    35:       23.000        6.000        6.000        6.000        6.000
    40:        6.000        6.000        2.000        4.000       22.000
    45:       24.000        6.000        6.000       19.000       11.000
    50:        6.000        2.000        4.000       22.000       24.000
    55:        6.000        6.000        6.000        6.000       19.000
    60:       11.000        2.000        4.000       22.000       24.000
    65:       21.000       22.000        6.000       19.000       11.000
    70:        6.000        6.000        2.000        4.000       22.000
    75:       24.000       21.000       22.000        6.000        6.000
    80:       19.000       11.000        6.000        6.000       23.000
    85:        6.000        2.000        4.000       22.000       24.000
    90:       19.000       11.000        2.000        4.000       22.000
    95:       24.000       21.000       22.000       19.000       11.000
   100:        2.000        4.000       22.000       24.000        6.000
   105:       19.000       11.000        2.000        4.000       22.000
   110:       24.000       21.000       22.000        6.000        6.000
   115:        6.000        6.000        6.000        6.000       19.000
   120:       11.000        6.000        6.000        6.000       23.000
   125:       23.000       23.000       23.000       23.000        6.000
   130:        2.000        4.000       22.000       24.000        6.000
   135:        6.000        6.000        6.000        6.000        6.000
   140:        6.000       19.000       11.000        6.000        6.000
   145:        6.000        6.000        6.000        6.000        6.000
   150:        6.000        6.000        6.000        6.000        6.000
   155:        6.000        6.000        6.000        6.000        6.000
   160:        6.000        6.000        6.000        6.000        6.000
   165:        6.000        6.000        6.000        6.000        6.000
   170:        6.000        6.000        6.000        6.000        6.000
   175:        6.000        2.000        4.000       22.000       24.000
   180:        6.000        6.000        6.000        6.000        6.000
   185:       19.000       11.000        6.000        6.000        6.000
   190:        6.000        6.000        6.000       23.000        6.000
   195:        6.000        6.000        6.000        6.000        6.000
   200:        6.000        6.000        6.000        6.000        6.000
   205:        6.000        6.000        6.000        6.000        6.000
   210:        6.000        2.000        4.000       22.000       24.000
   215:       21.000       22.000       19.000       11.000        6.000
   220:        6.000        6.000        6.000        6.000        6.000
   225:        2.000        4.000       22.000       24.000        6.000
   230:        6.000        6.000        6.000        6.000        6.000
   235:        6.000       19.000       11.000        6.000        6.000
   240:        6.000       23.000       23.000        6.000       23.000
   245:        6.000        6.000        6.000        6.000        2.000
   250:        4.000       22.000       24.000       21.000       22.000
   255:        6.000        6.000        6.000        6.000        6.000
   260:        6.000        6.000       19.000       11.000        6.000
   265:        6.000        6.000        6.000        6.000        2.000
   270:        4.000       22.000       24.000        6.000        6.000
   275:        6.000        6.000       19.000       11.000        2.000
   280:        4.000       22.000       24.000       19.000       11.000
   285:       23.000       23.000       23.000        2.000        4.000
   290:       22.000       24.000       21.000       22.000        6.000
   295:        6.000        6.000        6.000        6.000        6.000
   300:        6.000        6.000        6.000       19.000       11.000
   305:       23.000       23.000       23.000       23.000       23.000
   310:        2.000        4.000       22.000       24.000        6.000
   315:        6.000       19.000       11.000       23.000       23.000
   320:       23.000       23.000       23.000       23.000        6.000
   325:        6.000        6.000        6.000        6.000        6.000
   330:        6.000        2.000        4.000       22.000       24.000
   335:        6.000        6.000        6.000        6.000       19.000
   340:       11.000        6.000        6.000        6.000        6.000
   345:        6.000       23.000       23.000       23.000       23.000
   350:       23.000       23.000       23.000       23.000        6.000
   355:        6.000        6.000        6.000        2.000        4.000
   360:       22.000       24.000        6.000        6.000        6.000
   365:        6.000        6.000       19.000       11.000        6.000
   370:        6.000        6.000        6.000        6.000        6.000
   375:        6.000        2.000        4.000       22.000       24.000
   380:        6.000        6.000        6.000        6.000       19.000
   385:       11.000        6.000        2.000        4.000       22.000
   390:       24.000       21.000       22.000        6.000       21.000
   395:       22.000       19.000       11.000        6.000        6.000
   400:        6.000       23.000        6.000        2.000        4.000
   405:       22.000       24.000        6.000       19.000       11.000
   410:        6.000        6.000        6.000        6.000        6.000
   415:        6.000        6.000        6.000        6.000        6.000
   420:        6.000        6.000        6.000        6.000        6.000
   425:        6.000        6.000       23.000        6.000        6.000
   430:        6.000        6.000        6.000        6.000        6.000
   435:        6.000        6.000        6.000        6.000        2.000
   440:        4.000       22.000       24.000        6.000        6.000
   445:        6.000        6.000        6.000        6.000       19.000
   450:       11.000        6.000        6.000        6.000        6.000
   455:        2.000        4.000       22.000       24.000        6.000
   460:        6.000        6.000       19.000       11.000        6.000
   465:        6.000        6.000        6.000        6.000       23.000
   470:       23.000        2.000        4.000       22.000       24.000
   475:       19.000       11.000        2.000        4.000       22.000
   480:       24.000       21.000       22.000        6.000        6.000
   485:       19.000       11.000        6.000        6.000        6.000
   490:        6.000       23.000       23.000       23.000       23.000
   495:       23.000        6.000        6.000        6.000        6.000
   500:        6.000        6.000        6.000        6.000        6.000
   505:        6.000        6.000        6.000        6.000        6.000
   510:       23.000        6.000        6.000        6.000        6.000
   515:        6.000        6.000        6.000        6.000        6.000
   520:        6.000        6.000        6.000        6.000        6.000
   525:        6.000        6.000        2.000        4.000       22.000
   530:       24.000       21.000       22.000       19.000       11.000
   535:        2.000        4.000       22.000       24.000       21.000
   540:       22.000       21.000       22.000        6.000       19.000
   545:       11.000        6.000        6.000        6.000       23.000
   550:       23.000       23.000        6.000        6.000       23.000
   555:       23.000        2.000        4.000       22.000       24.000
   560:        6.000       19.000       11.000        2.000        4.000
   565:       22.000       24.000        6.000        6.000        6.000
   570:        6.000        6.000        6.000        6.000       19.000
   575:       11.000        6.000        6.000        6.000        6.000
   580:        6.000        6.000        6.000        6.000        6.000
   585:        6.000        6.000        6.000        6.000        6.000
   590:        6.000        6.000        6.000        6.000        6.000
   595:        6.000        6.000        6.000        2.000        4.000
   600:       22.000       24.000        6.000       19.000       11.000
   605:        6.000        6.000        6.000        6.000        6.000
   610:        6.000        6.000        6.000        6.000        2.000
   615:        4.000       22.000       24.000       21.000       22.000
   620:       19.000       11.000        6.000        6.000        6.000
   625:        6.000        6.000        6.000        6.000        6.000
   630:        6.000        6.000        6.000        6.000        6.000
   635:        6.000        6.000        6.000        6.000        6.000
   640:        6.000        6.000        6.000        6.000        6.000
   645:        6.000       23.000       23.000        2.000        4.000
   650:       22.000       24.000       19.000       11.000        6.000
   655:        6.000        6.000        6.000        6.000        6.000
   660:       23.000       23.000       23.000       23.000        2.000
   665:        4.000       22.000       24.000       19.000       11.000
   670:       23.000       23.000       23.000        2.000        4.000
   675:       22.000       24.000       19.000       11.000        2.000
   680:        4.000       22.000       24.000       19.000       11.000
   685:        6.000        6.000        6.000        6.000        2.000
   690:        4.000       22.000       24.000        6.000        6.000
   695:        6.000        6.000        6.000        6.000        6.000
   700:        6.000        6.000        6.000       19.000       11.000
   705:        6.000        6.000        6.000        6.000        6.000
   710:        6.000        6.000        6.000        6.000        6.000
   715:       23.000        6.000       23.000       23.000       23.000
   720:       23.000       23.000       23.000       23.000       23.000
   725:       23.000        6.000        6.000        6.000        6.000
   730:        6.000        6.000        6.000        6.000        6.000
   735:        6.000        6.000        6.000        6.000        6.000
   740:        6.000        6.000        6.000        6.000        6.000
   745:        6.000        6.000        6.000        6.000        6.000
   750:        6.000        6.000        6.000        6.000        6.000
   755:        6.000        6.000        6.000        6.000        6.000
   760:        6.000        6.000        6.000        6.000        6.000
   765:        6.000        6.000        6.000        6.000        6.000
   770:        6.000        6.000        6.000        6.000        6.000
   775:        6.000        6.000        6.000        6.000        6.000
   780:        6.000        6.000        6.000       23.000        6.000
   785:       23.000       23.000       23.000       23.000       23.000
   790:       23.000       23.000       23.000       23.000        2.000
   795:        4.000       22.000       24.000       19.000       11.000
   800:        6.000        6.000        6.000        6.000        6.000
   805:        6.000        6.000        6.000        6.000        6.000
   810:        6.000        6.000        6.000        6.000        2.000
   815:        4.000       22.000       24.000       19.000       11.000
   820:       23.000        6.000        2.000        4.000       22.000
   825:       24.000        6.000        6.000       19.000       11.000
   830:        6.000        6.000        6.000        6.000        6.000
   835:        6.000       23.000       23.000       23.000        2.000
   840:        4.000       22.000       24.000       21.000       22.000
   845:        6.000        6.000        6.000        6.000        6.000
   850:       19.000       11.000        6.000        6.000        6.000
   855:        6.000       23.000       23.000        6.000       23.000
   860:       23.000        2.000        4.000       22.000       24.000
   865:       19.000       11.000       23.000        6.000       23.000
   870:       23.000        2.000        4.000       22.000       24.000
   875:       19.000       11.000        2.000        4.000       22.000
   880:       24.000       19.000       11.000       23.000       23.000
   885:       23.000       23.000       23.000        6.000        6.000
   890:       23.000       23.000       23.000       23.000       23.000
   895:       23.000       23.000        6.000        6.000        6.000
   900:        6.000        6.000        6.000        6.000        2.000
   905:        4.000       22.000       24.000       19.000       11.000
   910:       23.000       23.000       23.000       23.000       23.000
   915:        6.000        6.000        2.000        4.000       22.000
   920:       24.000        6.000        6.000       21.000       22.000
   925:        6.000        6.000        6.000       19.000       11.000
   930:        6.000        6.000        6.000        6.000        6.000
   935:        6.000        6.000        6.000       23.000       23.000
   940:       23.000        2.000        4.000       22.000       24.000
   945:       21.000       22.000       19.000       11.000        2.000
   950:        4.000       22.000       24.000       19.000       11.000
   955:        6.000       23.000       23.000       23.000       23.000
   960:       23.000       23.000        6.000        6.000        6.000
   965:      100.000
T:
     0:        0.000        0.000        0.000        0.000       52.920
     5:       62.030       97.890       97.890       97.890       97.900
    10:      107.890      107.900      122.170      124.700      159.940
    15:      189.880      189.990      190.170      190.360      329.040
    20:      329.230      343.630      390.990      403.900      405.870
    25:      471.290      503.930      521.070      535.910      607.460
    30:      607.460      607.460      607.470      617.460      617.470
    35:      628.260      696.330      737.360      766.690      829.930
    40:      830.100      860.150      865.610      865.610      865.610
    45:      865.620      872.030      872.160      875.610      875.620
    50:      928.340     1027.210     1027.210     1027.210     1027.220
    55:     1031.930     1032.200     1032.400     1036.980     1037.210
    60:     1037.220     1056.820     1056.820     1056.820     1056.830
    65:     1059.030     1059.030     1062.920     1066.820     1066.830
    70:     1076.600     1081.820     1091.610     1091.610     1091.610
    75:     1091.620     1094.400     1094.400     1098.500     1099.030
    80:     1101.610     1101.620     1115.400     1148.090     1157.070
    85:     1163.070     1172.180     1172.180     1172.180     1172.190
    90:     1182.180     1182.190     1202.210     1202.210     1202.210
    95:     1202.220     1210.430     1210.430     1212.210     1212.220
   100:     1214.750     1214.750     1214.750     1214.760     1220.780
   105:     1224.750     1224.760     1225.580     1225.580     1225.580
   110:     1225.590     1226.860     1226.860     1227.420     1232.450
   115:     1232.820     1234.900     1234.980     1235.070     1235.580
   120:     1235.590     1242.650     1258.250     1258.350     1275.850
   125:     1285.860     1305.750     1311.270     1315.430     1327.310
   130:     1341.770     1341.770     1341.770     1341.780     1343.070
   135:     1343.190     1343.410     1343.480     1344.340     1345.280
   140:     1345.340     1351.770     1351.780     1452.270     1457.910
   145:     1460.320     1460.460     1461.920     1504.160     1516.670
   150:     1551.070     1565.670     1566.140     1568.100     1568.590
   155:     1568.780     1571.560     1571.870     1571.890     1572.090
   160:     1572.120     1574.600     1574.630     1575.880     1576.360
   165:     1578.400     1579.230     1579.470     1579.490     1581.120
   170:     1622.240     1625.780     1625.790     1627.780     1627.940
   175:     1634.650     1636.460     1636.460     1636.460     1636.470
   180:     1637.190     1637.380     1638.060     1638.810     1642.600
   185:     1646.460     1646.470     1648.000     1648.150     1650.430
   190:     1653.520     1656.970     1661.060     1664.490     1667.930
   195:     1682.650     1684.790     1691.410     1691.430     1692.080
   200:     1696.990     1699.220     1699.270     1699.500     1699.840
   205:     1699.900     1705.640     1722.620     1728.530     1762.010
   210:     1769.760     1785.870     1785.870     1785.870     1785.880
   215:     1790.750     1790.750     1795.870     1795.880     1921.540
   220:     1960.250     1960.350     1968.960     1987.830     2058.200
   225:     2062.940     2062.940     2062.940     2062.950     2063.770
   230:     2063.860     2063.960     2063.980     2066.190     2069.120
   235:     2069.820     2072.940     2072.950     2075.610     2076.480
   240:     2077.320     2120.450     2125.670     2128.300     2144.000
   245:     2157.180     2212.800     2212.820     2214.410     2248.040
   250:     2248.040     2248.040     2248.050     2250.330     2250.330
   255:     2250.930     2251.230     2251.360     2251.640     2253.350
   260:     2254.170     2254.750     2258.040     2258.050     2259.600
   265:     2259.770     2333.720     2334.190     2334.280     2345.220
   270:     2345.220     2345.220     2345.230     2347.830     2348.020
   275:     2354.880     2355.010     2355.220     2355.230     2356.430
   280:     2356.430     2356.430     2356.440     2366.430     2366.440
   285:     2368.550     2373.710     2374.090     2388.670     2388.670
   290:     2388.670     2388.680     2395.340     2395.340     2395.860
   295:     2396.190     2396.240     2396.610     2397.220     2397.960
   300:     2398.160     2398.220     2398.330     2398.670     2398.680
   305:     2402.000     2406.040     2463.140     2476.330     2476.490
   310:     2492.550     2492.550     2492.550     2492.560     2497.260
   315:     2497.360     2502.550     2502.560     2520.520     2527.440
   320:     2539.030     2539.210     2541.590     2552.940     2598.420
   325:     2598.500     2601.830     2601.870     2602.290     2602.630
   330:     2610.790     2617.250     2617.250     2617.250     2617.260
   335:     2621.260     2621.300     2621.780     2627.190     2627.250
   340:     2627.260     2630.770     2631.140     2631.450     2643.050
   345:     2728.290     2754.280     2771.040     2776.380     2776.900
   350:     2780.560     2787.940     2793.880     2809.880     2827.280
   355:     2830.130     2832.990     2833.000     2837.240     2837.240
   360:     2837.240     2837.250     2838.420     2838.790     2841.030
   365:     2841.460     2845.950     2847.240     2847.250     2847.640
   370:     2847.710     2847.790     2848.090     2848.370     2848.450
   375:     2875.030     2892.970     2892.970     2892.970     2892.980
   380:     2894.290     2894.610     2897.410     2900.490     2902.970
   385:     2902.980     2909.240     2913.880     2913.880     2913.880
   390:     2913.890     2916.960     2916.960     2919.330     2921.490
   395:     2921.490     2923.880     2923.890     2925.010     2925.420
   400:     2928.510     2976.270     2984.490     3006.330     3006.330
   405:     3006.330     3006.340     3006.740     3016.330     3016.340
   410:     3018.730     3022.530     3026.150     3028.540     3028.550
   415:     3032.780     3032.800     3033.000     3033.980     3035.750
   420:     3035.780     3037.510     3037.730     3039.040     3039.390
   425:     3039.420     3044.100     3052.780     3070.240     3072.420
   430:     3072.510     3084.720     3087.510     3089.490     3128.220
   435:     3128.530     3141.520     3150.330     3150.600     3162.990
   440:     3162.990     3162.990     3163.000     3163.570     3163.940
   445:     3163.960     3164.650     3164.710     3165.180     3172.990
   450:     3173.000     3195.290     3195.490     3397.010     3450.410
   455:     3458.680     3458.680     3458.680     3458.690     3462.330
   460:     3464.720     3465.450     3468.680     3468.690     3480.400
   465:     3480.790     3493.080     3505.270     3516.550     3558.970
   470:     3560.080     3771.370     3771.370     3771.370     3771.380
   475:     3781.370     3781.380     3783.520     3783.520     3783.520
   480:     3783.530     3783.800     3783.800     3785.100     3785.130
   485:     3793.520     3793.530     3836.430     3836.770     3837.090
   490:     3837.120     3940.210     3943.290     3946.660     3947.690
   495:     3963.430     4043.500     4068.460     4082.210     4082.820
   500:     4082.850     4092.520     4095.150     4097.330     4097.460
   505:     4097.740     4098.100     4098.540     4145.370     4218.970
   510:     4309.730     4338.530     4339.130     4339.300     4339.570
   515:     4344.570     4347.670     4347.740     4347.790     4347.980
   520:     4362.980     4366.410     4366.580     4377.080     4460.970
   525:     4467.950     4474.460     4500.120     4500.120     4500.120
   530:     4500.130     4508.600     4508.600     4510.120     4510.130
   535:     4512.560     4512.560     4512.560     4512.570     4513.750
   540:     4513.750     4516.160     4516.160     4517.390     4522.560
   545:     4522.570     4522.940     4525.000     4538.100     4576.150
   550:     4588.780     4589.220     4623.220     4625.230     4654.400
   555:     4657.720     4675.180     4675.180     4675.180     4675.190
   560:     4682.830     4685.180     4685.190     4699.090     4699.090
   565:     4699.090     4699.100     4705.470     4706.490     4706.690
   570:     4706.940     4707.010     4708.790     4709.070     4709.090
   575:     4709.100     4709.110     4709.430     4709.640     4721.260
   580:     4721.790     4740.400     4763.660     4804.930     4805.630
   585:     4813.480     4813.560     4826.340     4827.640     4828.320
   590:     4829.910     4829.990     4830.050     4907.580     4916.610
   595:     4946.390     4950.370     4954.220     4955.460     4955.460
   600:     4955.460     4955.470     4959.530     4965.460     4965.470
   605:     4980.900     4981.170     4984.420     5010.270     5020.550
   610:     5134.600     5135.000     5135.020     5181.900     5212.020
   615:     5212.020     5212.020     5212.030     5219.130     5219.130
   620:     5222.020     5222.030     5242.380     5248.690     5263.340
   625:     5281.710     5283.650     5293.840     5294.640     5301.270
   630:     5321.000     5325.060     5337.080     5337.180     5347.880
   635:     5357.940     5359.570     5359.640     5359.680     5359.780
   640:     5360.060     5360.280     5378.560     5416.480     5450.210
   645:     5450.220     5516.770     5617.050     5645.180     5645.180
   650:     5645.180     5645.190     5655.180     5655.190     5659.780
   655:     5780.790     5811.970     5906.200     5906.210     5906.250
   660:     5921.030     5954.840     5962.010     5973.040     5982.450
   665:     5982.450     5982.450     5982.460     5992.450     5992.460
   670:     6026.010     6039.820     6041.410     6077.080     6077.080
   675:     6077.080     6077.090     6087.080     6087.090     6088.850
   680:     6088.850     6088.850     6088.860     6098.850     6098.860
   685:     6176.310     6179.990     6181.210     6183.730     6187.240
   690:     6187.240     6187.240     6187.250     6188.030     6188.480
   695:     6188.560     6189.030     6189.490     6189.630     6190.160
   700:     6190.380     6191.390     6194.410     6197.240     6197.250
   705:     6222.710     6264.900     6279.040     6283.150     6284.770
   710:     6286.070     6286.100     6286.280     6286.610     6291.380
   715:     6428.060     6445.210     6481.740     6496.720     6515.280
   720:     6519.020     6533.250     6535.880     6721.070     6757.130
   725:     6759.110     6878.700     6932.830     6935.170     6935.210
   730:     6935.330     6935.400     7028.960     7043.120     7065.060
   735:     7065.270     7067.230     7067.250     7068.640     7071.140
   740:     7072.430     7091.690     7094.740     7094.830     7095.370
   745:     7095.380     7095.780     7099.460     7100.540     7100.750
   750:     7101.430     7101.820     7102.290     7104.660     7104.990
   755:     7105.590     7106.160     7107.580     7107.950     7108.360
   760:     7110.290     7110.760     7110.860     7111.020     7111.200
   765:     7111.280     7114.400     7114.690     7117.220     7117.540
   770:     7117.650     7118.300     7118.380     7118.420     7118.520
   775:     7119.350     7119.480     7123.050     7123.110     7123.280
   780:     7123.840     7123.900     7159.740     7171.640     7174.040
   785:     7192.900     7194.000     7195.850     7201.730     7203.010
   790:     7205.820     7206.030     7219.720     7228.550     7250.300
   795:     7250.300     7250.300     7250.310     7260.300     7260.310
   800:     7276.260     7276.410     7276.570     7276.580     7276.730
   805:     7301.100     7313.970     7314.100     7342.050     7346.690
   810:     7346.710     7346.820     7367.190     7395.770     7429.460
   815:     7429.460     7429.460     7429.470     7439.460     7439.470
   820:     7446.510     7462.560     7470.000     7470.000     7470.000
   825:     7470.010     7471.750     7471.760     7480.000     7480.010
   830:     7480.100     7480.240     7481.600     7482.020     7482.500
   835:     7482.710     7564.760     7565.860     7591.200     7624.540
   840:     7624.540     7624.540     7624.550     7628.590     7628.590
   845:     7629.000     7629.120     7631.710     7631.780     7632.070
   850:     7634.540     7634.550     7689.700     7746.900     7747.260
   855:     7747.440     7802.590     7805.550     7873.750     7951.260
   860:     7965.510     8013.490     8013.490     8013.490     8013.500
   865:     8023.490     8023.500     8046.550     8444.320     8459.710
   870:     8464.510     8631.540     8631.540     8631.540     8631.550
   875:     8641.540     8641.550     8793.530     8793.530     8793.530
   880:     8793.540     8803.530     8803.540     8828.230     8852.720
   885:     8866.830     8876.280     8876.540     8925.040     8959.920
   890:     9176.450     9177.650     9178.710     9182.520     9182.590
   895:     9193.910     9194.090     9241.000     9343.950     9352.760
   900:     9352.780     9352.930     9353.890     9412.850     9463.830
   905:     9463.830     9463.830     9463.840     9473.830     9473.840
   910:     9493.600     9562.120     9564.690     9571.180     9575.510
   915:     9690.290     9952.980     9975.670     9975.670     9975.670
   920:     9975.680     9979.410     9979.430     9980.540     9980.540
   925:     9982.710     9983.240     9983.520     9985.670     9985.680
   930:     9999.520     9999.640    10000.100    10011.110    10011.260
   935:    10011.420    10013.920    10053.690    10069.690    10081.170
   940:    10098.340    10121.660    10121.660    10121.660    10121.670
   945:    10130.650    10130.650    10131.660    10131.670    10440.110
   950:    10440.110    10440.110    10440.120    10450.110    10450.120
   955:    10499.540    10584.070    10585.510    10588.150    10610.800
   960:    10615.010    10625.490    10782.380    10782.770    10782.890
   965:    10800.010
