File: C:\MED-PC\Data\2025-03-24_12h44m_Subject 86.txt


Start Date: 03/24/25
End Date: 03/24/25
Subject: 86
Experiment: OralFentSA
Group: One
Box: 2
Start Time: 12:44:53
End Time: 15:48:57
MSN: Golden_Liq_SelfAdmin_EXT
F:       0.000
G:     904.000
H:   10800.000
I:       0.000
J:       0.000
K:       0.000
L:       0.000
M:       0.000
N:       0.000
O:       0.000
P:       0.000
Q:       0.000
R:       0.000
S:       0.000
U:       0.000
V:       0.000
W:       0.000
X:       0.000
Y:       0.000
Z:       0.000
A:
     0:        0.000        0.000      180.000        4.000        0.000
     5:        5.000        0.000        5.000        0.000        0.000
    10:        1.000        0.000       10.000   100000.000       23.000
    15:       16.000      600.000        0.000        0.000        0.000
    20:        0.000
B:
     0:        0.000        0.000        0.000        0.000        0.000
     5:        0.000        0.000        0.000        0.000        0.000
    10:        0.000        0.000     1000.000 10000000.000        0.000
    15:        0.000        0.000        0.000        0.000        0.000
    20:        0.000
C:
     0:        0.000       23.000       23.000       51.000      665.000
     5:    10239.390        5.190       20.000      307.560       15.378
    10:       51.000       23.000        0.000        0.000        0.000
    15:        0.000        0.000        0.000        0.000        0.000
    20:        0.000
D:
     0:        1.590        3.270        1.260        4.840        1.150
     5:      161.660        6.410        1.270        2.220       38.470
    10:        7.680        6.220        0.920       14.800        4.240
    15:        2.600       34.890        6.280        2.600        5.190
E:
     0:       19.000       11.000       26.000       27.000        6.000
     5:        6.000        2.000        4.000       22.000       24.000
    10:       12.000       21.000       22.000        6.000        6.000
    15:        6.000       19.000       11.000        1.000        6.000
    20:        6.000        6.000        6.000        2.000        4.000
    25:       22.000       24.000       12.000       21.000       22.000
    30:        6.000        6.000       21.000       22.000       21.000
    35:       22.000       19.000       11.000        6.000        6.000
    40:        6.000        6.000        6.000        6.000        6.000
    45:        6.000        6.000        6.000        6.000        2.000
    50:        4.000       22.000       24.000       12.000        6.000
    55:        6.000        6.000        6.000       19.000       11.000
    60:        2.000        4.000       22.000       24.000       12.000
    65:       21.000       22.000        6.000       19.000       11.000
    70:        6.000        6.000        6.000        6.000        6.000
    75:        6.000        1.000        6.000        6.000        6.000
    80:        6.000        6.000        6.000        6.000        6.000
    85:        6.000        6.000        6.000        6.000        6.000
    90:        6.000        6.000        2.000        4.000       22.000
    95:       24.000       12.000        6.000       21.000       22.000
   100:       19.000       11.000        6.000        6.000        6.000
   105:        6.000        2.000        4.000       22.000       24.000
   110:       12.000       21.000       22.000       21.000       22.000
   115:       19.000       11.000        6.000        6.000        6.000
   120:        6.000        6.000        6.000        6.000        6.000
   125:        6.000        6.000        6.000        6.000        6.000
   130:        6.000        6.000        6.000        6.000        6.000
   135:        6.000        6.000        6.000        6.000        6.000
   140:        2.000        4.000       22.000       24.000       12.000
   145:        6.000       19.000       11.000        6.000        6.000
   150:        6.000        6.000        2.000        4.000       22.000
   155:       24.000       12.000        6.000        6.000       19.000
   160:       11.000        6.000        6.000        6.000        6.000
   165:        6.000        6.000        6.000        6.000        6.000
   170:        6.000        6.000        6.000        6.000        6.000
   175:        6.000        6.000        6.000        6.000        2.000
   180:        4.000       22.000       24.000       12.000        6.000
   185:       21.000       22.000        6.000       19.000       11.000
   190:        2.000        4.000       22.000       24.000       12.000
   195:       21.000       22.000       19.000       11.000        6.000
   200:        6.000        6.000        6.000        6.000        6.000
   205:        1.000        6.000        6.000        6.000        6.000
   210:        6.000        6.000        6.000        6.000        6.000
   215:        6.000        6.000        6.000        6.000        6.000
   220:        6.000        6.000        6.000        6.000        6.000
   225:        6.000        6.000        6.000        6.000        6.000
   230:        6.000        6.000        6.000        6.000        6.000
   235:        6.000        6.000        2.000        4.000       22.000
   240:       24.000       12.000        6.000       19.000       11.000
   245:        6.000        6.000        6.000        6.000        6.000
   250:        6.000        6.000        1.000        6.000        6.000
   255:        6.000        6.000        6.000        6.000        6.000
   260:        6.000        6.000        6.000        6.000        6.000
   265:        6.000        6.000        6.000        6.000        6.000
   270:        6.000        6.000        6.000        6.000        6.000
   275:        6.000        6.000        6.000        6.000        6.000
   280:        6.000        6.000        6.000        6.000        6.000
   285:        6.000        6.000        6.000        6.000        6.000
   290:        6.000        6.000        6.000        1.000        6.000
   295:        6.000        6.000        6.000        6.000        6.000
   300:        6.000        6.000        6.000        6.000        6.000
   305:        6.000        6.000        6.000        6.000        6.000
   310:        6.000        6.000        6.000        6.000        6.000
   315:        6.000        6.000        6.000        6.000        6.000
   320:        6.000        6.000        6.000        6.000        6.000
   325:        6.000        6.000        6.000        1.000        1.000
   330:        6.000        6.000        6.000        6.000        6.000
   335:        6.000        6.000        6.000        6.000        6.000
   340:        6.000        6.000        6.000        6.000        6.000
   345:        6.000        6.000        6.000        6.000        6.000
   350:        6.000        6.000        6.000        6.000        6.000
   355:        6.000        6.000        6.000        6.000        6.000
   360:        6.000        6.000        6.000        6.000        6.000
   365:        6.000        1.000        1.000        1.000        6.000
   370:        6.000        6.000        6.000        6.000        6.000
   375:        6.000        6.000        6.000        6.000        6.000
   380:        6.000        6.000        6.000        6.000        6.000
   385:        1.000        6.000        6.000        6.000        6.000
   390:        6.000        6.000        2.000        4.000       22.000
   395:       24.000       12.000       21.000       22.000       21.000
   400:       22.000       21.000       22.000       21.000       22.000
   405:        6.000        6.000       19.000       11.000        2.000
   410:        4.000       22.000       24.000       12.000        6.000
   415:        6.000        6.000       21.000       22.000       21.000
   420:       22.000       19.000       11.000        6.000        6.000
   425:        6.000        6.000        6.000        6.000        6.000
   430:        6.000        6.000        6.000        6.000        6.000
   435:        6.000        6.000        6.000        6.000        6.000
   440:        6.000        6.000        6.000        6.000        6.000
   445:        6.000        6.000        6.000        6.000        6.000
   450:        6.000        6.000        6.000        6.000        6.000
   455:        6.000        6.000        6.000        6.000        6.000
   460:        6.000        6.000        6.000        6.000        6.000
   465:        6.000        6.000        1.000        6.000        6.000
   470:        6.000        6.000        6.000        6.000        6.000
   475:        6.000        6.000        6.000        6.000        6.000
   480:        6.000        6.000        6.000        6.000        6.000
   485:        6.000        6.000        6.000        6.000        6.000
   490:        6.000        6.000        6.000        6.000        6.000
   495:        6.000        6.000        6.000        1.000        6.000
   500:        6.000        6.000        6.000        6.000        6.000
   505:        6.000        6.000        6.000        6.000        6.000
   510:        6.000        6.000        6.000        6.000        6.000
   515:        6.000        6.000        2.000        4.000       22.000
   520:       24.000       12.000       19.000       11.000        2.000
   525:        4.000       22.000       24.000       12.000       21.000
   530:       22.000       21.000       22.000       19.000       11.000
   535:        2.000        4.000       22.000       24.000       12.000
   540:       19.000       11.000        6.000        6.000        6.000
   545:        6.000        6.000        6.000        6.000        6.000
   550:        6.000        6.000        6.000        6.000        6.000
   555:        6.000        6.000        6.000        6.000        1.000
   560:        6.000        6.000        6.000        6.000        6.000
   565:        6.000        6.000        6.000        6.000        6.000
   570:        6.000        6.000        6.000        6.000        2.000
   575:        4.000       22.000       24.000       12.000       21.000
   580:       22.000        6.000        6.000        6.000        6.000
   585:       19.000       11.000        6.000        6.000        6.000
   590:        6.000        6.000        6.000        6.000        1.000
   595:        6.000        6.000        6.000        6.000        6.000
   600:        6.000        6.000        6.000        6.000        6.000
   605:        6.000        6.000        6.000        6.000        6.000
   610:        6.000        6.000        6.000        6.000        6.000
   615:        6.000        6.000        6.000        6.000        6.000
   620:        6.000        6.000        6.000        6.000        6.000
   625:        6.000        6.000        6.000        6.000        6.000
   630:        6.000        6.000        6.000        6.000        6.000
   635:        6.000        2.000        4.000       22.000       24.000
   640:       12.000       21.000       22.000       21.000       22.000
   645:        6.000        6.000        6.000       21.000       22.000
   650:       19.000       11.000        6.000        6.000        6.000
   655:        6.000        6.000        6.000        6.000        6.000
   660:        6.000        6.000        6.000        6.000        6.000
   665:        6.000        6.000        1.000        6.000        6.000
   670:        6.000        6.000        6.000        6.000        6.000
   675:        6.000        6.000        6.000        6.000        6.000
   680:        6.000        1.000        1.000        6.000        6.000
   685:        6.000        6.000        6.000        6.000        6.000
   690:        6.000        6.000        6.000        6.000        6.000
   695:        6.000        6.000        6.000        6.000        6.000
   700:        6.000        6.000        6.000        6.000        6.000
   705:        6.000        6.000        6.000        6.000        6.000
   710:        6.000        6.000        6.000        6.000        6.000
   715:        6.000        1.000        6.000        6.000        6.000
   720:        6.000        2.000        4.000       22.000       24.000
   725:       12.000       19.000       11.000        6.000        6.000
   730:        6.000        6.000        6.000        6.000        6.000
   735:        6.000        6.000        6.000        6.000        6.000
   740:        6.000        6.000        6.000        6.000        6.000
   745:        6.000        6.000        6.000        6.000        6.000
   750:        2.000        4.000       22.000       24.000       12.000
   755:       21.000       22.000       21.000       22.000        6.000
   760:        6.000       19.000       11.000        6.000        6.000
   765:        6.000        1.000        1.000        1.000        6.000
   770:        6.000        6.000        6.000        6.000        6.000
   775:        6.000        6.000        6.000        6.000        6.000
   780:        6.000        6.000        6.000        6.000        6.000
   785:        1.000        6.000        6.000        6.000        6.000
   790:        6.000        6.000        6.000        6.000        6.000
   795:        6.000        6.000        6.000        6.000        6.000
   800:        6.000        6.000        6.000        6.000        6.000
   805:        6.000        6.000        6.000        6.000        6.000
   810:        6.000        2.000        4.000       22.000       24.000
   815:       12.000       21.000       22.000        6.000        6.000
   820:        6.000       19.000       11.000        6.000        6.000
   825:        6.000        6.000        6.000        6.000        6.000
   830:        6.000        6.000        6.000        6.000        6.000
   835:        6.000        6.000        6.000        6.000        6.000
   840:        6.000        6.000        6.000        6.000        6.000
   845:        6.000        6.000        6.000        6.000        6.000
   850:        6.000        6.000        6.000        6.000        6.000
   855:        6.000        6.000        6.000        6.000        6.000
   860:        6.000        6.000        6.000        6.000        2.000
   865:        4.000       22.000       24.000       12.000       21.000
   870:       22.000       21.000       22.000       21.000       22.000
   875:       21.000       22.000        6.000        6.000       19.000
   880:       11.000        6.000        6.000        6.000        6.000
   885:        6.000        6.000        6.000        6.000        6.000
   890:        6.000        6.000        6.000        6.000        6.000
   895:        6.000        6.000        6.000        6.000        6.000
   900:        6.000        6.000        6.000        6.000      100.000
T:
     0:        0.000        0.000        0.000        0.000       37.580
     5:       80.410      153.490      153.490      153.490      153.500
    10:      153.500      153.730      153.730      155.090      155.940
    15:      160.810      163.490      163.500      169.200      212.660
    20:      212.750      213.070      213.280      220.680      220.680
    25:      220.680      220.690      220.690      220.890      220.890
    30:      223.960      224.090      227.590      227.590      227.790
    35:      227.790      230.680      230.690      232.400      240.120
    40:      240.220      243.250      246.390      301.180      349.340
    45:      357.040      357.110      357.240      357.590      361.930
    50:      361.930      361.930      361.940      361.940      363.200
    55:      363.350      367.400      367.430      371.930      371.940
    60:      372.450      372.450      372.450      372.460      372.460
    65:      372.600      372.600      377.300      382.450      382.460
    70:      382.980      387.130      387.270      533.530      533.660
    75:      537.600      591.750      596.760      596.920      597.690
    80:      601.530      626.720      637.350      646.990      649.060
    85:      650.730      652.540      653.420      653.570      653.650
    90:      657.310      657.760      661.810      661.810      661.810
    95:      661.820      661.820      662.970      665.810      665.810
   100:      671.810      671.820      683.330      683.570      685.930
   105:      687.670      691.140      691.140      691.140      691.150
   110:      691.150      693.370      693.370      700.990      700.990
   115:      701.140      701.150      852.810      950.590      965.690
   120:      966.740      968.420     1040.630     1048.180     1048.280
   125:     1051.920     1062.860     1070.370     1074.500     1123.260
   130:     1123.370     1132.000     1363.580     1376.080     1376.190
   135:     1378.170     1379.430     1392.460     1392.580     1392.760
   140:     1398.280     1398.280     1398.280     1398.290     1398.290
   145:     1404.700     1408.280     1408.290     1451.400     1459.950
   150:     1466.680     1470.350     1473.360     1473.360     1473.360
   155:     1473.370     1473.370     1474.640     1479.030     1483.360
   160:     1483.370     1520.380     1520.810     1550.880     1551.040
   165:     1557.090     1557.210     1562.770     1563.110     1566.920
   170:     1582.890     1588.500     1595.890     1710.220     1711.750
   175:     1747.130     1750.250     1772.550     1814.500     1819.380
   180:     1819.380     1819.380     1819.390     1819.390     1821.610
   185:     1825.990     1825.990     1826.800     1829.380     1829.390
   190:     1831.040     1831.040     1831.040     1831.050     1831.050
   195:     1831.230     1831.230     1841.040     1841.050     1869.520
   200:     1872.650     1875.640     1880.730     1883.260     1889.300
   205:     1929.140     1935.160     1942.390     1943.010     1956.130
   210:     1959.720     1961.170     1961.350     1967.110     1969.960
   215:     2009.910     2010.050     2014.360     2015.210     2017.020
   220:     2019.040     2022.680     2024.360     2029.820     2034.350
   225:     2038.200     2046.410     2106.130     2186.820     2194.240
   230:     2197.370     2202.510     2239.320     2239.440     2297.310
   235:     2392.750     2392.860     2397.460     2397.460     2397.460
   240:     2397.470     2397.470     2405.150     2407.460     2407.470
   245:     2410.490     2413.110     2413.230     2417.920     2421.650
   250:     2425.330     2427.930     2549.270     2552.890     2665.880
   255:     2675.690     2678.990     2682.250     2684.060     2684.330
   260:     2684.450     2689.100     2692.590     2692.950     2698.960
   265:     2701.270     2706.240     2709.840     2711.290     2713.250
   270:     2713.370     2718.330     2720.480     2723.860     2725.210
   275:     2728.990     2732.430     2738.100     2739.770     2740.480
   280:     2740.640     2744.440     2748.210     2750.360     2754.480
   285:     2755.160     2756.970     2758.100     2758.170     2761.600
   290:     2807.040     2810.280     2812.730     2835.020     2855.550
   295:     2855.800     2860.010     2865.350     2865.380     2866.950
   300:     2868.700     2871.930     2872.250     2873.940     2875.270
   305:     2876.470     2877.610     2878.210     2944.780     2945.010
   310:     2955.910     2959.880     2964.820     2966.810     2972.310
   315:     3040.250     3045.490     3048.280     3048.710     3055.060
   320:     3056.160     3057.600     3060.380     3069.600     3073.810
   325:     3118.650     3123.180     3125.420     3144.680     3156.020
   330:     3169.830     3220.590     3220.840     3223.840     3267.220
   335:     3299.050     3303.370     3303.560     3402.050     3412.470
   340:     3417.760     3418.330     3420.810     3420.880     3422.500
   345:     3439.690     3439.790     3443.520     3467.450     3471.080
   350:     3471.190     3510.420     3518.040     3518.170     3518.530
   355:     3520.320     3523.010     3526.880     3527.990     3528.040
   360:     3528.080     3528.160     3529.150     3537.390     3539.510
   365:     3582.630     3609.060     3609.220     3610.580     3622.790
   370:     3626.380     3630.470     3630.930     3707.070     3723.610
   375:     3726.240     3726.540     3803.400     3807.750     3814.450
   380:     3819.720     3826.620     3826.670     3832.100     3834.430
   385:     3871.810     3876.490     3880.120     3895.650     3896.280
   390:     3899.120     3899.340     3902.430     3902.430     3902.430
   395:     3902.440     3902.440     3905.260     3905.260     3905.530
   400:     3905.530     3906.310     3906.310     3906.430     3906.430
   405:     3908.660     3911.900     3912.430     3912.440     3913.890
   410:     3913.890     3913.890     3913.900     3913.900     3914.820
   415:     3916.140     3918.050     3919.830     3919.830     3920.580
   420:     3920.580     3923.890     3923.900     3945.780     3948.010
   425:     3948.130     3951.080     3954.730     3955.250     3960.900
   430:     3961.160     3963.480     3967.630     3968.230     3969.130
   435:     3983.460     3985.510     3985.690     3990.490     4189.260
   440:     4189.310     4194.680     4194.800     4196.160     4202.620
   445:     4205.030     4208.730     4238.740     4238.800     4239.430
   450:     4278.100     4284.510     4302.550     4303.450     4304.320
   455:     4330.620     4330.990     4340.460     4340.610     4528.050
   460:     4533.980     4650.640     4656.370     4681.930     4682.020
   465:     4732.610     4732.650     4749.160     4761.230     4761.410
   470:     4825.350     4827.040     4877.050     4882.020     4885.520
   475:     4954.890     4955.160     4958.070     4962.060     4974.130
   480:     4977.030     5046.590     5046.720     5047.850     5047.950
   485:     5050.430     5193.580     5198.570     5199.660     5199.690
   490:     5199.740     5200.840     5207.490     5209.480     5214.150
   495:     5214.360     5216.050     5219.160     5227.580     5270.650
   500:     5270.880     5277.560     5277.760     5280.770     5280.870
   505:     5341.280     5346.500     5351.280     5353.450     5358.000
   510:     5361.200     5362.060     5366.140     5368.240     5371.500
   515:     5378.690     5382.700     5393.310     5393.310     5393.310
   520:     5393.320     5393.320     5403.310     5403.320     5433.650
   525:     5433.650     5433.650     5433.660     5433.660     5433.820
   530:     5433.820     5435.910     5435.910     5443.650     5443.660
   535:     5446.810     5446.810     5446.810     5446.820     5446.820
   540:     5456.810     5456.820     5461.620     5461.920     5466.960
   545:     5685.540     5689.580     5691.520     5691.900     5720.210
   550:     5720.380     5762.770     5767.720     5774.010     5823.990
   555:     5827.930     5830.180     5834.580     5836.710     5873.470
   560:     5925.570     5925.690     5927.960     5931.940     5934.980
   565:     5937.030     5941.620     5946.550     5947.060     5950.270
   570:     5950.410     5953.020     5958.850     5959.060     5962.570
   575:     5962.570     5962.570     5962.580     5962.580     5963.610
   580:     5963.610     5966.820     5966.910     5968.310     5969.210
   585:     5972.570     5972.580     5973.000     5978.920     5982.010
   590:     5992.450     5995.340     5999.350     6003.630     6068.630
   595:     6086.010     6106.910     6112.330     6119.180     6122.870
   600:     6128.430     6130.460     6132.200     6135.660     6137.980
   605:     6205.850     6359.110     6359.160     6370.670     6374.840
   610:     6378.630     6384.230     6384.640     6386.710     6407.520
   615:     6443.250     6468.330     6468.450     6562.020     6571.530
   620:     6574.770     6578.560     6718.860     6777.360     7125.360
   625:     7130.230     7135.660     7140.110     7141.780     7147.510
   630:     7249.840     7254.960     7299.660     7299.790     7303.360
   635:     7307.360     7311.510     7311.510     7311.510     7311.520
   640:     7311.520     7312.720     7312.720     7312.870     7312.870
   645:     7314.120     7316.120     7317.960     7321.000     7321.000
   650:     7321.510     7321.520     7322.150     7323.790     7336.080
   655:     7346.420     7350.680     7351.540     7352.260     7353.700
   660:     7354.340     7355.690     7360.440     7361.190     7362.300
   665:     7367.120     7368.890     7426.480     7435.610     7441.900
   670:     7442.030     7443.010     7443.160     7444.520     7444.670
   675:     7447.470     7450.430     7453.960     7480.540     7480.750
   680:     7486.440     7643.440     7935.420     7984.380     7991.250
   685:     7991.390     7993.380     7996.590     8001.230     8009.260
   690:     8011.390     8014.230     8017.390     8017.450     8024.440
   695:     8025.560     8032.640     8034.950     8043.280     8050.260
   700:     8050.380     8051.070     8095.710     8095.960     8232.630
   705:     8232.680     8232.710     8240.020     8246.590     8246.720
   710:     8250.570     8292.460     8346.400     8354.310     8354.730
   715:     8459.620     8509.520     8605.950     8609.240     8615.770
   720:     8615.930     8620.200     8620.200     8620.200     8620.210
   725:     8620.210     8630.200     8630.210     8655.100     8655.310
   730:     8657.520     8778.940     8779.030     8783.430     8790.120
   735:     8861.880     8863.190     8869.300     8889.610     8896.270
   740:     8900.380     8900.570     8903.310     8909.670     8910.790
   745:     8913.180     8960.340     8971.470     9006.790     9012.020
   750:     9016.130     9016.130     9016.130     9016.140     9016.140
   755:     9016.900     9016.900     9018.370     9018.370     9022.420
   760:     9023.010     9026.130     9026.140     9027.880     9029.470
   765:     9030.170     9077.080     9077.530     9078.760     9082.170
   770:     9082.300     9087.070     9186.940     9200.140     9200.190
   775:     9204.510     9206.520     9207.760     9211.530     9212.180
   780:     9212.530     9217.560     9220.770     9224.690     9224.770
   785:     9252.180     9313.130     9314.000     9317.350     9323.050
   790:     9326.190     9332.610     9334.540     9354.510     9435.670
   795:     9435.850     9446.120     9672.880     9672.980     9675.750
   800:     9677.560     9683.460     9686.140     9721.570     9727.750
   805:     9738.020     9740.980     9743.100     9745.910     9750.870
   810:     9750.900     9755.600     9755.600     9755.600     9755.610
   815:     9755.610     9757.190     9757.190     9758.210     9759.340
   820:     9764.190     9765.600     9765.610     9767.270     9773.440
   825:     9773.590     9782.540     9785.450     9794.430     9795.110
   830:     9800.250     9803.360     9840.920     9846.020     9852.590
   835:     9857.190     9859.780     9860.830     9860.950     9867.200
   840:     9870.720     9872.030     9873.300     9881.650     9884.110
   845:    10008.190    10008.340    10021.230    10029.820    10030.000
   850:    10130.940    10135.200    10137.700    10137.820    10144.250
   855:    10153.630    10160.040    10161.390    10214.820    10214.920
   860:    10215.650    10220.510    10226.190    10227.520    10239.380
   865:    10239.380    10239.380    10239.390    10239.390    10239.910
   870:    10239.910    10242.610    10242.610    10242.730    10242.730
   875:    10243.170    10243.170    10244.580    10247.390    10249.380
   880:    10249.390    10250.030    10251.210    10251.250    10259.540
   885:    10263.640    10266.480    10268.560    10269.060    10275.180
   890:    10276.800    10277.890    10278.840    10280.120    10280.650
   895:    10510.190    10510.220    10513.340    10515.860    10572.340
   900:    10572.390    10572.620    10595.170    10682.970    10800.000
