File: C:\MED-PC IV\DATA\!2025-02-27_14h00m.Subject 67



Start Date: 02/27/25
End Date: 02/27/25
Subject: 67
Experiment: OralFentSA
Group: One
Box: 3
Start Time: 14:00:28
End Time: 17:00:37
MSN: Golden_Liq_SelfAdmin
F:       0.000
G:    2385.000
H:   10800.010
I:       0.000
J:       0.000
K:       0.000
L:       0.000
M:       0.000
N:       0.000
O:       0.000
P:       0.000
Q:       0.000
R:       0.000
S:       0.000
U:       0.000
V:       0.000
W:       0.000
X:       0.000
Y:       0.000
Z:       0.000
A:
     0:        0.000        0.000      180.000        4.000        0.000
     5:        5.000        0.000        5.000        0.000        0.000
    10:        1.000        0.000       10.000 100000000.00       18.000
    15:       14.000      640.000        0.000        0.000        0.000
    20:        0.000
B:
     0:        0.000        0.000        0.000      400.000        0.000
     5:      500.000        0.000      500.000        0.000        0.000
    10:        0.000        0.000     1000.000 10000000000.        0.000
    15:        0.000        0.000        0.000        0.000        0.000
    20:        0.000
C:
     0:       98.000       99.000        0.000      172.000      648.000
     5:    10787.420        8.630       88.000     1059.710       12.042
    10:      172.000      213.000        0.000        0.000        0.000
    15:        0.000        0.000        0.000        0.000        0.000
    20:        0.000
D:
     0:        1.050        8.250       13.880        5.180        0.880
     5:        2.480        9.730        0.610        2.130        1.200
    10:        0.520        3.450       37.050       22.490        8.350
    15:        0.380        0.590      259.200        2.670        0.920
    20:        6.440        2.330        0.760        1.330       12.420
    25:       55.310        0.910        0.770       95.850        0.860
    30:        7.580        0.580       23.850        2.350        0.980
    35:        1.860       82.180        0.750        0.890        0.910
    40:        0.620       50.060       45.800        7.800        0.670
    45:        0.820        1.170        1.140        1.020        0.750
    50:        1.040        4.430        2.210        2.580        2.920
    55:       17.650        0.850        2.970       13.860        4.570
    60:        0.700        5.680        3.180        2.290       35.210
    65:        2.830        6.430       12.570        1.010        6.170
    70:        1.300       30.980        3.340        1.860        4.400
    75:        2.120        6.740        1.060        9.210        6.060
    80:        8.920       20.690        0.980       15.780       11.570
    85:        5.780        1.370        8.630
E:
     0:       19.000       11.000       26.000       27.000        6.000
     5:        6.000        6.000        6.000        6.000        6.000
    10:        6.000        6.000        6.000        6.000        2.000
    15:        4.000       22.000       24.000       12.000       13.000
    20:        8.000        5.000       17.000        6.000       18.000
    25:       14.000       10.000       21.000       22.000        6.000
    30:       19.000       11.000        6.000        6.000        6.000
    35:        2.000        4.000       22.000       24.000       12.000
    40:       13.000        8.000        5.000       17.000       18.000
    45:       14.000       10.000        6.000       19.000       11.000
    50:        6.000        2.000        4.000       22.000       24.000
    55:       12.000       13.000        8.000        5.000       17.000
    60:       18.000       14.000       10.000       19.000       11.000
    65:        6.000        6.000        6.000        6.000        6.000
    70:        2.000        4.000       22.000       24.000       12.000
    75:       13.000        8.000        5.000       17.000       18.000
    80:       14.000       10.000        6.000       21.000       22.000
    85:       19.000       11.000        6.000        2.000        4.000
    90:       22.000       24.000       12.000       13.000        8.000
    95:        5.000       17.000        6.000       18.000       14.000
   100:       10.000       19.000       11.000       23.000       23.000
   105:       23.000        6.000        6.000        6.000        6.000
   110:        6.000        6.000        6.000        2.000        4.000
   115:       22.000       24.000       12.000       13.000        8.000
   120:        5.000       17.000       21.000       22.000        6.000
   125:       18.000       14.000       10.000        6.000       19.000
   130:       11.000        2.000        4.000       22.000       24.000
   135:       12.000       13.000        8.000        5.000       17.000
   140:       21.000       22.000       18.000       14.000       10.000
   145:       21.000       22.000        6.000       19.000       11.000
   150:        6.000        6.000        2.000        4.000       22.000
   155:       24.000       12.000       13.000        8.000        5.000
   160:       17.000        6.000       18.000       14.000       10.000
   165:       19.000       11.000        6.000        6.000        2.000
   170:        4.000       22.000       24.000       12.000       13.000
   175:        8.000        5.000       17.000        6.000       18.000
   180:       14.000       10.000       23.000       19.000       11.000
   185:        6.000        2.000        4.000       22.000       24.000
   190:       12.000       13.000        8.000        5.000       17.000
   195:        6.000        6.000        6.000        6.000       18.000
   200:       14.000       10.000       21.000       22.000        6.000
   205:        6.000        6.000       19.000       11.000        6.000
   210:        6.000        6.000        6.000        6.000        6.000
   215:        6.000        6.000        6.000        6.000        6.000
   220:       23.000       23.000       23.000       23.000        6.000
   225:        6.000        6.000        6.000        2.000        4.000
   230:       22.000       24.000       12.000       13.000        8.000
   235:        5.000       17.000        6.000        6.000       18.000
   240:        6.000       14.000       10.000       19.000       11.000
   245:        6.000        6.000        6.000       23.000        6.000
   250:        2.000        4.000       22.000       24.000       12.000
   255:       13.000        8.000        5.000       17.000       21.000
   260:       22.000        6.000       18.000       14.000       10.000
   265:       19.000       11.000        2.000        4.000       22.000
   270:       24.000       12.000       13.000        8.000        5.000
   275:       17.000       18.000       14.000       10.000       19.000
   280:       11.000        6.000        6.000        6.000        6.000
   285:        6.000        6.000        6.000        2.000        4.000
   290:       22.000       24.000       12.000       13.000        8.000
   295:        5.000       17.000       18.000       14.000       10.000
   300:       19.000       11.000       23.000        6.000        2.000
   305:        4.000       22.000       24.000       12.000       13.000
   310:        8.000        5.000       17.000       18.000       14.000
   315:       10.000        6.000       19.000       11.000        6.000
   320:        6.000        6.000        6.000        6.000        6.000
   325:        6.000        6.000        6.000        6.000        6.000
   330:        2.000        4.000       22.000       24.000       12.000
   335:       13.000        8.000        5.000       17.000        6.000
   340:        6.000       18.000       14.000       10.000        6.000
   345:       19.000       11.000        6.000        6.000        2.000
   350:        4.000       22.000       24.000       12.000       13.000
   355:        8.000        5.000       17.000        6.000        6.000
   360:        6.000        6.000       18.000       14.000       10.000
   365:        6.000       21.000       22.000       19.000       11.000
   370:        6.000        6.000        6.000        6.000        6.000
   375:        6.000        6.000        6.000        6.000        6.000
   380:        6.000        6.000        6.000        6.000        6.000
   385:        6.000        6.000        6.000        6.000        6.000
   390:        6.000        6.000        6.000        6.000        6.000
   395:        6.000        6.000        6.000        6.000        6.000
   400:        6.000        6.000        6.000        6.000        2.000
   405:        4.000       22.000       24.000       12.000       13.000
   410:        8.000        5.000       17.000       18.000       14.000
   415:       10.000       19.000       11.000       23.000        6.000
   420:        6.000        6.000        6.000        6.000        6.000
   425:        6.000        6.000        6.000        2.000        4.000
   430:       22.000       24.000       12.000       13.000        8.000
   435:        5.000       17.000        6.000       18.000       14.000
   440:       10.000       19.000       11.000       23.000        6.000
   445:        6.000        2.000        4.000       22.000       24.000
   450:       12.000       13.000        8.000        5.000       17.000
   455:        6.000        6.000        6.000       18.000       14.000
   460:       10.000        6.000       21.000       22.000       21.000
   465:       22.000       19.000       11.000        2.000        4.000
   470:       22.000       24.000       12.000       13.000        8.000
   475:        5.000       17.000       21.000       22.000       18.000
   480:       21.000       22.000       14.000       10.000        6.000
   485:        6.000        6.000        6.000       19.000       11.000
   490:       23.000        6.000        6.000        6.000       23.000
   495:       23.000       23.000       23.000       23.000        6.000
   500:        6.000       23.000       23.000       23.000        6.000
   505:        6.000        6.000        6.000        6.000        2.000
   510:        4.000       22.000       24.000       12.000       13.000
   515:        8.000        5.000       17.000        6.000        6.000
   520:       18.000       14.000       10.000       19.000       11.000
   525:       23.000       23.000       23.000        6.000       23.000
   530:       23.000       23.000        6.000        2.000        4.000
   535:       22.000       24.000       12.000       13.000        8.000
   540:        5.000       17.000        6.000       18.000       14.000
   545:       10.000       19.000       11.000        6.000        6.000
   550:        2.000        4.000       22.000       24.000       12.000
   555:       13.000        8.000        5.000       17.000        6.000
   560:       18.000       14.000       10.000       19.000       11.000
   565:        6.000        2.000        4.000       22.000       24.000
   570:       12.000       13.000        8.000        5.000       17.000
   575:       18.000       14.000       10.000       19.000       11.000
   580:        6.000        2.000        4.000       22.000       24.000
   585:       12.000       13.000        8.000        5.000       17.000
   590:       18.000       14.000       10.000       19.000       11.000
   595:       23.000       23.000       23.000        6.000        6.000
   600:        6.000        6.000        6.000        6.000        6.000
   605:        6.000        2.000        4.000       22.000       24.000
   610:       12.000       13.000        8.000        5.000       17.000
   615:        6.000       18.000       14.000       10.000        6.000
   620:        6.000        6.000       19.000       11.000        6.000
   625:        6.000        6.000        6.000        6.000        6.000
   630:        6.000        6.000        6.000        6.000        6.000
   635:        6.000        6.000        6.000        6.000        6.000
   640:        6.000        6.000        6.000        6.000        6.000
   645:        6.000        6.000        6.000        6.000        6.000
   650:        6.000        6.000        6.000        6.000        6.000
   655:        6.000        6.000        6.000        6.000        6.000
   660:        6.000        6.000        6.000        6.000        6.000
   665:        6.000        6.000        6.000        6.000        6.000
   670:       23.000        6.000        6.000        6.000        2.000
   675:        4.000       22.000       24.000       12.000       13.000
   680:        8.000        5.000       17.000        6.000       18.000
   685:       14.000       10.000       19.000       11.000        2.000
   690:        4.000       22.000       24.000       12.000       13.000
   695:        8.000        5.000       17.000       21.000       22.000
   700:       18.000       14.000       10.000       23.000       23.000
   705:       19.000       11.000       23.000       23.000       23.000
   710:       23.000       23.000       23.000       23.000       23.000
   715:        6.000        6.000        6.000        6.000        6.000
   720:        6.000        6.000        6.000        6.000        6.000
   725:        6.000        6.000        6.000        2.000        4.000
   730:       22.000       24.000       12.000       13.000        8.000
   735:        5.000       17.000        6.000       18.000       14.000
   740:       10.000       21.000       22.000       21.000       22.000
   745:       19.000       11.000        6.000        6.000        6.000
   750:        6.000        6.000       23.000       23.000        2.000
   755:        4.000       22.000       24.000       12.000       13.000
   760:        8.000        5.000       17.000       21.000       22.000
   765:       18.000       14.000       10.000        6.000        6.000
   770:        6.000       19.000       11.000        6.000        2.000
   775:        4.000       22.000       24.000       12.000       13.000
   780:        8.000        5.000       17.000        6.000        6.000
   785:        6.000       21.000       22.000       18.000       14.000
   790:       10.000       19.000       11.000        6.000        6.000
   795:        6.000        6.000        6.000        6.000        6.000
   800:        6.000        6.000       23.000       23.000        6.000
   805:        2.000        4.000       22.000       24.000       12.000
   810:       13.000        8.000        5.000       17.000       18.000
   815:       14.000       10.000       19.000       11.000        6.000
   820:       23.000       23.000       23.000        6.000        6.000
   825:        6.000        6.000        2.000        4.000       22.000
   830:       24.000       12.000       13.000        8.000        5.000
   835:       17.000        6.000       18.000       14.000       10.000
   840:       19.000       11.000        6.000        2.000        4.000
   845:       22.000       24.000       12.000       13.000        8.000
   850:        5.000       17.000       18.000       14.000       10.000
   855:       19.000       11.000       23.000       23.000       23.000
   860:       23.000       23.000       23.000       23.000       23.000
   865:        2.000        4.000       22.000       24.000       12.000
   870:       13.000        8.000        5.000       17.000        6.000
   875:        6.000        6.000       21.000       22.000       18.000
   880:       14.000       10.000        6.000       19.000       11.000
   885:        6.000        6.000        6.000        6.000       23.000
   890:        6.000        2.000        4.000       22.000       24.000
   895:       12.000       13.000        8.000        5.000       17.000
   900:        6.000       18.000       14.000       10.000       19.000
   905:       11.000        2.000        4.000       22.000       24.000
   910:       12.000       13.000        8.000        5.000       17.000
   915:       18.000       14.000       10.000       19.000       11.000
   920:        2.000        4.000       22.000       24.000       12.000
   925:       13.000        8.000        5.000       17.000       18.000
   930:       14.000       10.000       19.000       11.000        6.000
   935:        6.000       23.000       23.000       23.000       23.000
   940:       23.000       23.000       23.000        6.000        6.000
   945:        2.000        4.000       22.000       24.000       12.000
   950:       13.000        8.000        5.000       17.000        6.000
   955:        6.000        6.000        6.000        6.000       18.000
   960:       14.000       10.000        6.000        6.000        6.000
   965:        6.000        6.000        6.000       19.000       11.000
   970:        6.000        6.000       23.000       23.000       23.000
   975:       23.000       23.000       23.000       23.000       23.000
   980:       23.000        2.000        4.000       22.000       24.000
   985:       12.000       13.000        8.000        5.000       17.000
   990:        6.000       21.000       22.000       21.000       22.000
   995:       18.000       14.000       10.000       21.000       22.000
  1000:       19.000       11.000        6.000        2.000        4.000
  1005:       22.000       24.000       12.000       13.000        8.000
  1010:        5.000       17.000        6.000        6.000       18.000
  1015:        6.000       14.000       10.000        6.000        6.000
  1020:       19.000       11.000        6.000        6.000        6.000
  1025:        6.000        2.000        4.000       22.000       24.000
  1030:       12.000       13.000        8.000        5.000       17.000
  1035:        6.000        6.000        6.000        6.000        6.000
  1040:       21.000       22.000       21.000       22.000       18.000
  1045:       14.000       10.000        6.000       19.000       11.000
  1050:        6.000        6.000        6.000        6.000        6.000
  1055:        6.000        6.000       23.000        6.000        2.000
  1060:        4.000       22.000       24.000       12.000       13.000
  1065:        8.000        5.000       17.000       18.000       14.000
  1070:       10.000       19.000       11.000       23.000       23.000
  1075:        6.000        6.000        6.000        6.000        6.000
  1080:       23.000       23.000       23.000       23.000       23.000
  1085:       23.000       23.000       23.000        6.000       23.000
  1090:       23.000       23.000        6.000        6.000        6.000
  1095:        6.000        6.000        2.000        4.000       22.000
  1100:       24.000       12.000       13.000        8.000        5.000
  1105:       17.000       18.000       21.000       22.000       14.000
  1110:       10.000       21.000       22.000       21.000       22.000
  1115:       21.000       22.000       21.000       22.000       19.000
  1120:       11.000       23.000        2.000        4.000       22.000
  1125:       24.000       12.000       13.000        8.000        5.000
  1130:       17.000       18.000       14.000       10.000       19.000
  1135:       11.000       23.000       23.000       23.000       23.000
  1140:       23.000       23.000       23.000        6.000       23.000
  1145:       23.000       23.000       23.000       23.000       23.000
  1150:       23.000        6.000        6.000       23.000       23.000
  1155:       23.000       23.000       23.000       23.000       23.000
  1160:       23.000       23.000       23.000       23.000       23.000
  1165:       23.000        6.000        2.000        4.000       22.000
  1170:       24.000       12.000       13.000        8.000        5.000
  1175:       17.000       21.000       22.000       21.000       22.000
  1180:       18.000       14.000       10.000       21.000       22.000
  1185:       19.000       11.000        2.000        4.000       22.000
  1190:       24.000       12.000       13.000        8.000        5.000
  1195:       17.000       18.000       14.000       10.000       21.000
  1200:       22.000        6.000        6.000       19.000       11.000
  1205:        6.000        2.000        4.000       22.000       24.000
  1210:       12.000       13.000        8.000        5.000       17.000
  1215:       21.000       22.000        6.000       21.000       22.000
  1220:       18.000       14.000       10.000       21.000       22.000
  1225:       19.000       11.000        6.000        6.000        6.000
  1230:        6.000        6.000        2.000        4.000       22.000
  1235:       24.000       12.000       13.000        8.000        5.000
  1240:       17.000        6.000       18.000       14.000       10.000
  1245:       23.000       19.000       11.000       23.000       23.000
  1250:        6.000       23.000       23.000       23.000       23.000
  1255:       23.000       23.000       23.000        6.000        6.000
  1260:        2.000        4.000       22.000       24.000       12.000
  1265:       13.000        8.000        5.000       17.000        6.000
  1270:       18.000        6.000       14.000       10.000       19.000
  1275:       11.000        6.000        6.000        6.000        6.000
  1280:        6.000       23.000        6.000        6.000        2.000
  1285:        4.000       22.000       24.000       12.000       13.000
  1290:        8.000        5.000       17.000       21.000       22.000
  1295:        6.000        6.000       21.000       22.000       18.000
  1300:        6.000        6.000       14.000       10.000       21.000
  1305:       22.000        6.000        6.000       19.000       11.000
  1310:        6.000        6.000        6.000        6.000        6.000
  1315:        6.000        6.000        6.000        6.000        6.000
  1320:        6.000        6.000        6.000        6.000        6.000
  1325:        6.000        2.000        4.000       22.000       24.000
  1330:       12.000       13.000        8.000        5.000       17.000
  1335:        6.000       21.000       22.000       18.000       14.000
  1340:       10.000       19.000       11.000        6.000       23.000
  1345:       23.000       23.000       23.000       23.000        6.000
  1350:        6.000       23.000       23.000        2.000        4.000
  1355:       22.000       24.000       12.000       13.000        8.000
  1360:        5.000       17.000       18.000       14.000       10.000
  1365:       19.000       11.000       23.000        2.000        4.000
  1370:       22.000       24.000       12.000       13.000        8.000
  1375:        5.000       17.000        6.000       21.000       22.000
  1380:       18.000       14.000       10.000       19.000       11.000
  1385:        2.000        4.000       22.000       24.000       12.000
  1390:       13.000        8.000        5.000       17.000        6.000
  1395:       21.000       22.000       18.000       14.000       10.000
  1400:       21.000       22.000       19.000       11.000       23.000
  1405:        6.000        2.000        4.000       22.000       24.000
  1410:       12.000       13.000        8.000        5.000       17.000
  1415:       18.000        6.000       14.000       10.000        6.000
  1420:       21.000       22.000       19.000       11.000        6.000
  1425:        6.000        2.000        4.000       22.000       24.000
  1430:       12.000       13.000        8.000        5.000       17.000
  1435:       21.000       22.000        6.000       18.000        6.000
  1440:       14.000       10.000       21.000       22.000        6.000
  1445:        6.000        6.000        6.000        6.000       19.000
  1450:       11.000        6.000        6.000        6.000        2.000
  1455:        4.000       22.000       24.000       12.000       13.000
  1460:        8.000        5.000       17.000        6.000       18.000
  1465:       14.000       10.000       19.000       11.000       23.000
  1470:       23.000        6.000        6.000        2.000        4.000
  1475:       22.000       24.000       12.000       13.000        8.000
  1480:        5.000       17.000        6.000       18.000       14.000
  1485:       10.000       19.000       11.000        2.000        4.000
  1490:       22.000       24.000       12.000       13.000        8.000
  1495:        5.000       17.000       21.000       22.000       18.000
  1500:       14.000       10.000       21.000       22.000       19.000
  1505:       11.000        6.000        6.000       23.000       23.000
  1510:       23.000       23.000        6.000        6.000        6.000
  1515:        6.000        6.000        6.000        6.000        6.000
  1520:        6.000        6.000        6.000       23.000       23.000
  1525:       23.000       23.000        6.000        6.000        6.000
  1530:        2.000        4.000       22.000       24.000       12.000
  1535:       13.000        8.000        5.000       17.000       18.000
  1540:       14.000       10.000       19.000       11.000       23.000
  1545:       23.000       23.000       23.000       23.000       23.000
  1550:       23.000       23.000        2.000        4.000       22.000
  1555:       24.000       12.000       13.000        8.000        5.000
  1560:       17.000        6.000        6.000       21.000       22.000
  1565:       18.000       14.000       10.000       19.000       11.000
  1570:        2.000        4.000       22.000       24.000       12.000
  1575:       13.000        8.000        5.000       17.000       21.000
  1580:       22.000        6.000       18.000       14.000       10.000
  1585:       19.000       11.000        6.000        6.000        6.000
  1590:        6.000        6.000        6.000        6.000        6.000
  1595:        6.000        6.000        6.000        6.000       23.000
  1600:       23.000       23.000       23.000       23.000       23.000
  1605:       23.000       23.000       23.000        6.000        6.000
  1610:        6.000        6.000        6.000        6.000        6.000
  1615:        2.000        4.000       22.000       24.000       12.000
  1620:       13.000        8.000        5.000       17.000       18.000
  1625:       14.000       10.000       19.000       11.000        6.000
  1630:        2.000        4.000       22.000       24.000       12.000
  1635:       13.000        8.000        5.000       17.000       18.000
  1640:        6.000       14.000       10.000       19.000       11.000
  1645:        6.000        2.000        4.000       22.000       24.000
  1650:       12.000       13.000        8.000        5.000       17.000
  1655:       21.000       22.000       18.000       14.000       10.000
  1660:       19.000       11.000       23.000       23.000       23.000
  1665:       23.000       23.000       23.000       23.000       23.000
  1670:        2.000        4.000       22.000       24.000       12.000
  1675:       13.000        8.000        5.000       17.000       18.000
  1680:       14.000       10.000       21.000       22.000       21.000
  1685:       22.000       21.000       22.000       19.000       11.000
  1690:        2.000        4.000       22.000       24.000       12.000
  1695:       13.000        8.000        5.000       17.000        6.000
  1700:       18.000       14.000       10.000       19.000       11.000
  1705:        2.000        4.000       22.000       24.000       12.000
  1710:       13.000        8.000        5.000       17.000       18.000
  1715:       14.000       10.000        6.000       19.000       11.000
  1720:        2.000        4.000       22.000       24.000       12.000
  1725:       13.000        8.000        5.000       17.000        6.000
  1730:       18.000       14.000       10.000       21.000       22.000
  1735:        6.000       19.000       11.000        2.000        4.000
  1740:       22.000       24.000       12.000       13.000        8.000
  1745:        5.000       17.000        6.000        6.000        6.000
  1750:       18.000       14.000       10.000        6.000        6.000
  1755:       19.000       11.000        6.000        6.000        6.000
  1760:        6.000        6.000        6.000       23.000        2.000
  1765:        4.000       22.000       24.000       12.000       13.000
  1770:        8.000        5.000       17.000       18.000       14.000
  1775:       10.000       19.000       11.000        6.000        6.000
  1780:        6.000        6.000       23.000       23.000        6.000
  1785:        6.000        2.000        4.000       22.000       24.000
  1790:       12.000       13.000        8.000        5.000       17.000
  1795:        6.000       18.000       21.000       22.000       14.000
  1800:       10.000       21.000       22.000       19.000       11.000
  1805:        6.000        6.000        6.000        6.000        6.000
  1810:        6.000        6.000        6.000        6.000        6.000
  1815:        6.000        6.000        6.000        6.000        6.000
  1820:        6.000        6.000        6.000        6.000        6.000
  1825:        6.000        6.000        6.000        6.000        2.000
  1830:        4.000       22.000       24.000       12.000       13.000
  1835:        8.000        5.000       17.000       21.000       22.000
  1840:       18.000       14.000       10.000        6.000        6.000
  1845:        6.000        6.000       19.000       11.000        6.000
  1850:        6.000        6.000        6.000        6.000        6.000
  1855:        6.000        6.000        6.000       23.000       23.000
  1860:       23.000       23.000        2.000        4.000       22.000
  1865:       24.000       12.000       13.000        8.000        5.000
  1870:       17.000       21.000       22.000       18.000       14.000
  1875:       10.000       21.000       22.000       19.000       11.000
  1880:        6.000        6.000        6.000        6.000        6.000
  1885:        6.000        6.000        6.000        2.000        4.000
  1890:       22.000       24.000       12.000       13.000        8.000
  1895:        5.000       17.000        6.000       18.000       14.000
  1900:       10.000       23.000       19.000       11.000       23.000
  1905:       23.000       23.000       23.000       23.000        6.000
  1910:        6.000        6.000        2.000        4.000       22.000
  1915:       24.000       12.000       13.000        8.000        5.000
  1920:       17.000       18.000       14.000       10.000        6.000
  1925:        6.000        6.000        6.000        6.000       19.000
  1930:       11.000        2.000        4.000       22.000       24.000
  1935:       12.000       13.000        8.000        5.000       17.000
  1940:        6.000        6.000        6.000        6.000        6.000
  1945:        6.000       18.000       14.000       10.000        6.000
  1950:        6.000        6.000        6.000       19.000       11.000
  1955:        6.000        6.000        6.000        6.000        6.000
  1960:        2.000        4.000       22.000       24.000       12.000
  1965:       13.000        8.000        5.000       17.000       21.000
  1970:       22.000       18.000       14.000       10.000       19.000
  1975:       11.000        6.000        6.000        6.000        6.000
  1980:        6.000        6.000       23.000       23.000        6.000
  1985:       23.000       23.000       23.000        2.000        4.000
  1990:       22.000       24.000       12.000       13.000        8.000
  1995:        5.000       17.000        6.000       18.000       14.000
  2000:       10.000       21.000       22.000       19.000       11.000
  2005:        2.000        4.000       22.000       24.000       12.000
  2010:       13.000        8.000        5.000       17.000        6.000
  2015:        6.000        6.000        6.000       18.000       14.000
  2020:       10.000        6.000        6.000       21.000       22.000
  2025:       21.000       22.000       19.000       11.000        2.000
  2030:        4.000       22.000       24.000       12.000       13.000
  2035:        8.000        5.000       17.000       21.000       22.000
  2040:       18.000        6.000        6.000        6.000       14.000
  2045:       10.000       19.000       11.000        6.000        6.000
  2050:        6.000       23.000       23.000       23.000       23.000
  2055:       23.000       23.000       23.000        2.000        4.000
  2060:       22.000       24.000       12.000       13.000        8.000
  2065:        5.000       17.000       21.000       22.000        6.000
  2070:        6.000        6.000        6.000       21.000       22.000
  2075:       18.000       14.000       10.000        6.000        6.000
  2080:        6.000        6.000        6.000        6.000        6.000
  2085:        6.000       19.000       11.000        6.000        6.000
  2090:        6.000        6.000        6.000        6.000        6.000
  2095:       23.000       23.000        6.000        6.000        6.000
  2100:        6.000        2.000        4.000       22.000       24.000
  2105:       12.000       13.000        8.000        5.000       17.000
  2110:       21.000       22.000       18.000       14.000       10.000
  2115:        6.000        6.000       19.000       11.000        6.000
  2120:        6.000        6.000        6.000        6.000        6.000
  2125:        6.000        6.000       23.000       23.000       23.000
  2130:       23.000        2.000        4.000       22.000       24.000
  2135:       12.000       13.000        8.000        5.000       17.000
  2140:        6.000       21.000       22.000        6.000       18.000
  2145:        6.000       14.000       10.000        6.000       19.000
  2150:       11.000        2.000        4.000       22.000       24.000
  2155:       12.000       13.000        8.000        5.000       17.000
  2160:       18.000       14.000       10.000        6.000        6.000
  2165:        6.000        6.000       19.000       11.000        6.000
  2170:        6.000        6.000        6.000        6.000        6.000
  2175:        6.000        6.000        6.000        6.000        6.000
  2180:        6.000        6.000        6.000        6.000        6.000
  2185:       23.000        2.000        4.000       22.000       24.000
  2190:       12.000       13.000        8.000        5.000       17.000
  2195:       18.000       14.000       10.000        6.000       19.000
  2200:       11.000        6.000        2.000        4.000       22.000
  2205:       24.000       12.000       13.000        8.000        5.000
  2210:       17.000       18.000       14.000       10.000        6.000
  2215:        6.000       19.000       11.000        2.000        4.000
  2220:       22.000       24.000       12.000       13.000        8.000
  2225:        5.000       17.000       18.000       14.000       10.000
  2230:       19.000       11.000        2.000        4.000       22.000
  2235:       24.000       12.000       13.000        8.000        5.000
  2240:       17.000       21.000       22.000       18.000       14.000
  2245:       10.000       19.000       11.000       23.000        6.000
  2250:        6.000        2.000        4.000       22.000       24.000
  2255:       12.000       13.000        8.000        5.000       17.000
  2260:        6.000       18.000       14.000       10.000       23.000
  2265:       19.000       11.000       23.000       23.000       23.000
  2270:       23.000        6.000        6.000        6.000        6.000
  2275:        6.000        2.000        4.000       22.000       24.000
  2280:       12.000       13.000        8.000        5.000       17.000
  2285:       21.000       22.000       18.000       14.000       10.000
  2290:       19.000       11.000        6.000        6.000        2.000
  2295:        4.000       22.000       24.000       12.000       13.000
  2300:        8.000        5.000       17.000       18.000       14.000
  2305:       10.000       23.000       19.000       11.000        6.000
  2310:       23.000       23.000        6.000        6.000        6.000
  2315:       23.000        6.000        2.000        4.000       22.000
  2320:       24.000       12.000       13.000        8.000        5.000
  2325:       17.000       18.000       14.000       10.000        6.000
  2330:       19.000       11.000        2.000        4.000       22.000
  2335:       24.000       12.000       13.000        8.000        5.000
  2340:       17.000       21.000       22.000       18.000       14.000
  2345:       10.000       19.000       11.000        2.000        4.000
  2350:       22.000       24.000       12.000       13.000        8.000
  2355:        5.000       17.000        6.000       21.000       22.000
  2360:       18.000       14.000       10.000       23.000       19.000
  2365:       11.000        2.000        4.000       22.000       24.000
  2370:       12.000       13.000        8.000        5.000       17.000
  2375:       21.000       22.000       18.000       21.000       22.000
  2380:       14.000       10.000        6.000       19.000       11.000
  2385:      100.000
T:
     0:        0.000        0.000        0.000        0.000        1.850
     5:        2.060       11.420       11.750       13.340       13.390
    10:       13.450       13.500       14.150       26.380       27.700
    15:       27.700       27.700       27.710       27.710       27.710
    20:       27.710       27.710       27.710       28.760       31.710
    25:       32.710       32.710       34.540       34.540       35.310
    30:       37.700       37.710       40.870       46.930       47.920
    35:       49.850       49.850       49.850       49.860       49.860
    40:       49.860       49.860       49.860       49.860       53.860
    45:       54.860       54.860       58.110       59.850       59.860
    50:       67.240       68.460       68.460       68.460       68.470
    55:       68.470       68.470       68.470       68.470       68.470
    60:       72.470       73.470       73.470       78.460       78.470
    65:       82.350       97.080       97.440      109.720      115.980
    70:      116.870      116.870      116.870      116.880      116.880
    75:      116.880      116.880      116.880      116.880      120.880
    80:      121.880      121.880      122.060      123.730      123.730
    85:      126.870      126.880      137.080      143.810      143.810
    90:      143.810      143.820      143.820      143.820      143.820
    95:      143.820      143.820      144.700      147.820      148.820
   100:      148.820      153.810      153.820      167.860      176.290
   105:      177.410      185.750      189.940      191.010      201.840
   110:      201.950      204.950      212.090      213.130      213.130
   115:      213.130      213.140      213.140      213.140      213.140
   120:      213.140      213.140      214.960      214.960      215.620
   125:      217.140      218.140      218.140      218.440      223.130
   130:      223.140      229.320      229.320      229.320      229.330
   135:      229.330      229.330      229.330      229.330      229.330
   140:      229.450      229.450      233.330      234.330      234.330
   145:      238.360      238.360      239.060      239.320      239.330
   150:      243.120      265.760      270.590      270.590      270.590
   155:      270.600      270.600      270.600      270.600      270.600
   160:      270.600      271.210      274.600      275.600      275.600
   165:      280.590      280.600      288.060      295.230      299.850
   170:      299.850      299.850      299.860      299.860      299.860
   175:      299.860      299.860      299.860      301.990      303.860
   180:      304.860      304.860      307.460      309.850      309.860
   185:      312.930      314.610      314.610      314.610      314.620
   190:      314.620      314.620      314.620      314.620      314.620
   195:      315.820      317.620      318.550      318.610      318.620
   200:      319.620      319.620      322.770      322.770      323.790
   205:      323.830      324.100      324.610      324.620      325.350
   210:      326.780      331.040      335.300      335.830      336.560
   215:      336.650      338.530      355.770      399.070      403.470
   220:      413.410      414.150      422.910      423.850      430.220
   225:      434.110      445.920      448.960      462.190      462.190
   230:      462.190      462.200      462.200      462.200      462.200
   235:      462.200      462.200      462.720      465.800      466.200
   240:      466.470      467.200      467.200      472.190      472.200
   245:      477.750      478.320      483.130      516.240      518.630
   250:      519.570      519.570      519.570      519.580      519.580
   255:      519.580      519.580      519.580      519.580      522.570
   260:      522.570      523.030      523.580      524.580      524.580
   265:      529.570      529.580      529.600      529.600      529.600
   270:      529.610      529.610      529.610      529.610      529.610
   275:      529.610      533.610      534.610      534.610      539.600
   280:      539.610      566.660      570.790      573.200      573.450
   285:      574.160      581.140      583.220      603.280      603.280
   290:      603.280      603.290      603.290      603.290      603.290
   295:      603.290      603.290      607.290      608.290      608.290
   300:      613.280      613.290      623.440      625.780      627.690
   305:      627.690      627.690      627.700      627.700      627.700
   310:      627.700      627.700      627.700      631.700      632.700
   315:      632.700      636.050      637.690      637.700      641.660
   320:      642.170      643.110      648.600      653.450      653.480
   325:      719.520      719.710      764.760      765.510      771.270
   330:      772.180      772.180      772.180      772.190      772.190
   335:      772.190      772.190      772.190      772.190      772.570
   340:      772.670      776.190      777.190      777.190      777.360
   345:      782.180      782.190      788.440      789.270      790.500
   350:      790.500      790.500      790.510      790.510      790.510
   355:      790.510      790.510      790.510      791.100      791.540
   360:      791.880      792.500      794.510      795.510      795.510
   365:      796.820      797.600      797.600      800.500      800.510
   370:      841.540      843.670      848.980      851.250      869.100
   375:      872.410      872.490      873.330      874.240      874.610
   380:      875.250      875.270      875.300      877.340      880.040
   385:      902.220      902.790      909.970      910.040      910.190
   390:      910.280      919.350      920.700      921.640      923.530
   395:      962.990     1023.600     1074.890     1075.160     1083.320
   400:     1143.390     1186.240     1186.950     1189.920     1204.110
   405:     1204.110     1204.110     1204.120     1204.120     1204.120
   410:     1204.120     1204.120     1204.120     1208.120     1209.120
   415:     1209.120     1214.110     1214.120     1446.430     1463.320
   420:     1481.740     1481.990     1507.950     2077.870     2078.230
   425:     2078.860     2079.520     2080.040     2084.820     2084.820
   430:     2084.820     2084.830     2084.830     2084.830     2084.830
   435:     2084.830     2084.830     2087.500     2088.830     2089.830
   440:     2089.830     2094.820     2094.830     2104.860     2133.860
   445:     2134.110     2143.660     2143.660     2143.660     2143.670
   450:     2143.670     2143.670     2143.670     2143.670     2143.670
   455:     2144.590     2144.950     2144.980     2147.670     2148.670
   460:     2148.670     2149.210     2150.150     2150.150     2153.110
   465:     2153.110     2153.660     2153.670     2155.250     2155.250
   470:     2155.250     2155.260     2155.260     2155.260     2155.260
   475:     2155.260     2155.260     2156.950     2156.950     2159.260
   480:     2160.060     2160.060     2160.260     2160.260     2161.700
   485:     2162.180     2162.190     2162.430     2165.250     2165.260
   490:     2168.370     2185.500     2186.420     2186.590     2214.880
   495:     2217.980     2219.610     2222.250     2226.840     2234.170
   500:     2234.460     2238.920     2242.180     2247.890     2277.370
   505:     2296.860     2343.300     2344.070     2369.870     2376.650
   510:     2376.650     2376.650     2376.660     2376.660     2376.660
   515:     2376.660     2376.660     2376.660     2378.990     2379.300
   520:     2380.660     2381.660     2381.660     2386.650     2386.660
   525:     2403.540     2415.100     2419.130     2486.380     2501.460
   530:     2504.090     2505.950     2534.600     2552.600     2552.600
   535:     2552.600     2552.610     2552.610     2552.610     2552.610
   540:     2552.610     2552.610     2553.370     2556.610     2557.610
   545:     2557.610     2562.600     2562.610     2570.670     2575.170
   550:     2578.530     2578.530     2578.530     2578.540     2578.540
   555:     2578.540     2578.540     2578.540     2578.540     2579.870
   560:     2582.540     2583.540     2583.540     2588.530     2588.540
   565:     2637.560     2639.280     2639.280     2639.280     2639.290
   570:     2639.290     2639.290     2639.290     2639.290     2639.290
   575:     2643.290     2644.290     2644.290     2649.280     2649.290
   580:     2651.710     2652.790     2652.790     2652.790     2652.800
   585:     2652.800     2652.800     2652.800     2652.800     2652.800
   590:     2656.800     2657.800     2657.800     2662.790     2662.800
   595:     2687.810     2690.310     2697.650     2708.110     2708.500
   600:     2718.780     2723.460     2723.490     2723.550     2743.560
   605:     2743.580     2750.680     2750.680     2750.680     2750.690
   610:     2750.690     2750.690     2750.690     2750.690     2750.690
   615:     2751.600     2754.690     2755.690     2755.690     2757.680
   620:     2758.220     2758.420     2760.680     2760.690     2761.430
   625:     2796.530     2796.850     2797.220     2800.230     2800.290
   630:     2800.620     2800.710     2803.970     2804.940     2805.020
   635:     2805.430     2805.460     2805.740     2805.840     2808.250
   640:     2808.870     2809.250     2809.670     2813.200     2815.250
   645:     2815.580     2816.010     2816.050     2816.060     2816.100
   650:     2816.240     2816.270     2816.330     2816.350     2816.490
   655:     2816.500     2818.260     2821.170     2830.470     2832.410
   660:     2832.810     2835.110     2835.150     2835.180     2836.060
   665:     2836.340     2836.730     2836.890     2836.900     2877.590
   670:     2918.870     2959.500     2959.880     2978.940     2981.920
   675:     2981.920     2981.920     2981.930     2981.930     2981.930
   680:     2981.930     2981.930     2981.930     2982.700     2985.930
   685:     2986.930     2986.930     2991.920     2991.930     2994.860
   690:     2994.860     2994.860     2994.870     2994.870     2994.870
   695:     2994.870     2994.870     2994.870     2997.640     2997.640
   700:     2998.870     2999.870     2999.870     3002.140     3003.070
   705:     3004.860     3004.870     3006.320     3010.610     3013.890
   710:     3015.610     3017.800     3025.430     3028.580     3030.170
   715:     3090.720     3334.960     3336.040     3339.030     3340.170
   720:     3340.550     3341.650     3575.290     3577.610     3577.980
   725:     3578.530     3598.050     3598.250     3601.170     3601.170
   730:     3601.170     3601.180     3601.180     3601.180     3601.180
   735:     3601.180     3601.180     3602.040     3605.180     3606.180
   740:     3606.180     3609.160     3609.160     3609.840     3609.840
   745:     3611.170     3611.180     3623.190     3678.780     3680.630
   750:     3682.010     3701.260     3715.830     3717.240     3726.720
   755:     3726.720     3726.720     3726.730     3726.730     3726.730
   760:     3726.730     3726.730     3726.730     3728.680     3728.680
   765:     3730.730     3731.730     3731.730     3734.310     3734.750
   770:     3735.400     3736.720     3736.730     3740.550     3741.790
   775:     3741.790     3741.790     3741.800     3741.800     3741.800
   780:     3741.800     3741.800     3741.800     3742.380     3743.570
   785:     3743.880     3745.620     3745.620     3745.800     3746.800
   790:     3746.800     3751.790     3751.800     3762.710     3765.900
   795:     4326.860     4336.440     4343.200     4363.780     4420.590
   800:     4420.930     4421.380     4478.240     4478.760     4501.240
   805:     4502.470     4502.470     4502.470     4502.480     4502.480
   810:     4502.480     4502.480     4502.480     4502.480     4506.480
   815:     4507.480     4507.480     4512.470     4512.480     4526.330
   820:     4587.760     4607.510     4611.010     4613.700     4627.550
   825:     4646.260     4651.060     4651.810     4651.810     4651.810
   830:     4651.820     4651.820     4651.820     4651.820     4651.820
   835:     4651.820     4654.170     4655.820     4656.820     4656.820
   840:     4661.810     4661.820     4688.310     4749.380     4749.380
   845:     4749.380     4749.390     4749.390     4749.390     4749.390
   850:     4749.390     4749.390     4753.390     4754.390     4754.390
   855:     4759.380     4759.390     4771.020     4771.420     4795.630
   860:     4798.730     4801.170     4802.180     4804.340     4807.240
   865:     4908.770     4908.770     4908.770     4908.780     4908.780
   870:     4908.780     4908.780     4908.780     4908.780     4909.760
   875:     4910.120     4910.700     4912.710     4912.710     4912.780
   880:     4913.780     4913.780     4916.060     4918.770     4918.780
   885:     4923.920     4924.280     4940.730     4942.940     4950.100
   890:     4974.150     4975.580     4975.580     4975.580     4975.590
   895:     4975.590     4975.590     4975.590     4975.590     4975.590
   900:     4977.450     4979.590     4980.590     4980.590     4985.580
   905:     4985.590     4993.720     4993.720     4993.720     4993.730
   910:     4993.730     4993.730     4993.730     4993.730     4993.730
   915:     4997.730     4998.730     4998.730     5003.720     5003.730
   920:     5024.370     5024.370     5024.370     5024.380     5024.380
   925:     5024.380     5024.380     5024.380     5024.380     5028.380
   930:     5029.380     5029.380     5034.370     5034.380     5106.560
   935:     5106.800     5113.350     5116.360     5118.870     5121.430
   940:     5138.450     5152.280     5154.670     5177.570     5203.280
   945:     5209.800     5209.800     5209.800     5209.810     5209.810
   950:     5209.810     5209.810     5209.810     5209.810     5210.560
   955:     5210.830     5210.860     5210.930     5210.950     5213.810
   960:     5214.810     5214.810     5216.340     5217.760     5217.900
   965:     5218.010     5218.140     5218.230     5219.800     5219.810
   970:     5220.830     5252.480     5262.070     5267.360     5267.760
   975:     5270.970     5273.540     5277.340     5293.910     5301.630
   980:     5309.050     5315.390     5315.390     5315.390     5315.400
   985:     5315.400     5315.400     5315.400     5315.400     5315.400
   990:     5316.290     5317.220     5317.220     5317.320     5317.320
   995:     5319.400     5320.400     5320.400     5320.820     5320.820
  1000:     5325.390     5325.400     5445.560     5448.710     5448.710
  1005:     5448.710     5448.720     5448.720     5448.720     5448.720
  1010:     5448.720     5448.720     5449.630     5449.840     5452.720
  1015:     5453.610     5453.720     5453.720     5453.970     5455.520
  1020:     5458.710     5458.720     5459.730     5461.270     5466.790
  1025:     5466.880     5472.770     5472.770     5472.770     5472.780
  1030:     5472.780     5472.780     5472.780     5472.780     5472.780
  1035:     5473.400     5473.830     5473.890     5473.910     5474.040
  1040:     5474.960     5474.960     5476.080     5476.080     5476.780
  1045:     5477.780     5477.780     5478.530     5482.770     5482.780
  1050:     5484.200     5488.210     5489.990     5493.240     5493.410
  1055:     5505.240     5513.950     5519.610     5523.740     5543.410
  1060:     5543.410     5543.410     5543.420     5543.420     5543.420
  1065:     5543.420     5543.420     5543.420     5547.420     5548.420
  1070:     5548.420     5553.410     5553.420     5574.970     5575.070
  1075:     5593.480     5619.900     5642.260     5642.370     5643.050
  1080:     5660.840     5665.110     5675.720     5679.360     5690.670
  1085:     5711.490     5721.860     5729.800     5735.750     5743.880
  1090:     5747.790     5752.370     5975.750     5975.920     6399.720
  1095:     6400.010     6405.440     6407.930     6407.930     6407.930
  1100:     6407.940     6407.940     6407.940     6407.940     6407.940
  1105:     6407.940     6411.940     6412.450     6412.450     6412.940
  1110:     6412.940     6413.180     6413.180     6413.950     6413.950
  1115:     6414.920     6414.920     6417.760     6417.760     6417.930
  1120:     6417.940     6420.240     6427.130     6427.130     6427.130
  1125:     6427.140     6427.140     6427.140     6427.140     6427.140
  1130:     6427.140     6431.140     6432.140     6432.140     6437.130
  1135:     6437.140     6438.660     6439.470     6439.840     6440.260
  1140:     6444.370     6448.860     6451.970     6472.940     6554.930
  1145:     6557.540     6560.530     6561.020     6561.760     6571.440
  1150:     6585.440     6587.980     6588.900     6599.910     6600.130
  1155:     6600.450     6607.160     6614.650     6615.910     6616.240
  1160:     6618.160     6619.000     6620.200     6621.400     6624.180
  1165:     6626.930     6637.030     6731.330     6731.330     6731.330
  1170:     6731.340     6731.340     6731.340     6731.340     6731.340
  1175:     6731.340     6732.940     6732.940     6733.550     6733.550
  1180:     6735.340     6736.340     6736.340     6736.450     6736.450
  1185:     6741.330     6741.340     6741.490     6741.490     6741.490
  1190:     6741.500     6741.500     6741.500     6741.500     6741.500
  1195:     6741.500     6745.500     6746.500     6746.500     6747.390
  1200:     6747.390     6749.300     6750.980     6751.490     6751.500
  1205:     6751.530     6754.470     6754.470     6754.470     6754.480
  1210:     6754.480     6754.480     6754.480     6754.480     6754.480
  1215:     6754.590     6754.590     6755.150     6756.370     6756.370
  1220:     6758.480     6759.480     6759.480     6763.880     6763.880
  1225:     6764.470     6764.480     6765.530     6766.810     6767.720
  1230:     6767.930     6770.380     6773.980     6773.980     6773.980
  1235:     6773.990     6773.990     6773.990     6773.990     6773.990
  1240:     6773.990     6774.810     6777.990     6778.990     6778.990
  1245:     6781.580     6783.980     6783.990     6784.000     6795.140
  1250:     6905.450     6917.190     6919.880     6920.450     6930.000
  1255:     6932.110     6940.410     6947.430     6960.990     6966.150
  1260:     6967.630     6967.630     6967.630     6967.640     6967.640
  1265:     6967.640     6967.640     6967.640     6967.640     6968.810
  1270:     6971.640     6972.560     6972.640     6972.640     6977.630
  1275:     6977.640     6980.950     6997.350     6998.610     6998.690
  1280:     6999.100     7025.310     7045.170     7046.690     7048.250
  1285:     7048.250     7048.250     7048.260     7048.260     7048.260
  1290:     7048.260     7048.260     7048.260     7048.350     7048.350
  1295:     7049.400     7049.460     7051.320     7051.320     7052.260
  1300:     7052.270     7052.580     7053.260     7053.260     7054.610
  1305:     7054.610     7055.250     7055.670     7058.250     7058.260
  1310:     7058.470     7059.400     7060.520     7060.540     7060.600
  1315:     7061.350     7061.430     7061.560     7061.620     7061.810
  1320:     7061.850     7062.040     7062.180     7062.200     7062.490
  1325:     7064.030     7092.590     7092.590     7092.590     7092.600
  1330:     7092.600     7092.600     7092.600     7092.600     7092.600
  1335:     7093.620     7094.760     7094.760     7096.600     7097.600
  1340:     7097.600     7102.590     7102.600     7152.120     7166.800
  1345:     7192.940     7196.340     7199.510     7206.670     7219.830
  1350:     7220.230     7222.080     7230.910     7255.660     7255.660
  1355:     7255.660     7255.670     7255.670     7255.670     7255.670
  1360:     7255.670     7255.670     7259.670     7260.670     7260.670
  1365:     7265.660     7265.670     7268.630     7286.650     7286.650
  1370:     7286.650     7286.660     7286.660     7286.660     7286.660
  1375:     7286.660     7286.660     7287.410     7289.260     7289.260
  1380:     7290.660     7291.660     7291.660     7296.650     7296.660
  1385:     7305.400     7305.400     7305.400     7305.410     7305.410
  1390:     7305.410     7305.410     7305.410     7305.410     7306.450
  1395:     7307.440     7307.440     7309.410     7310.410     7310.410
  1400:     7312.420     7312.420     7315.400     7315.410     7352.360
  1405:     7361.380     7364.240     7364.240     7364.240     7364.250
  1410:     7364.250     7364.250     7364.250     7364.250     7364.250
  1415:     7368.250     7368.680     7369.250     7369.250     7369.800
  1420:     7370.800     7370.800     7374.240     7374.250     7374.590
  1425:     7377.950     7386.550     7386.550     7386.550     7386.560
  1430:     7386.560     7386.560     7386.560     7386.560     7386.560
  1435:     7386.710     7386.710     7388.770     7390.560     7390.800
  1440:     7391.560     7391.560     7392.690     7392.690     7393.370
  1445:     7393.880     7394.570     7394.710     7394.900     7396.550
  1450:     7396.560     7406.140     7434.340     7437.710     7449.210
  1455:     7449.210     7449.210     7449.220     7449.220     7449.220
  1460:     7449.220     7449.220     7449.220     7451.800     7453.220
  1465:     7454.220     7454.220     7459.210     7459.220     7468.200
  1470:     7473.870     7479.420     7483.140     7494.070     7494.070
  1475:     7494.070     7494.080     7494.080     7494.080     7494.080
  1480:     7494.080     7494.080     7497.000     7498.080     7499.080
  1485:     7499.080     7504.070     7504.080     7505.400     7505.400
  1490:     7505.400     7505.410     7505.410     7505.410     7505.410
  1495:     7505.410     7505.410     7507.240     7507.240     7509.410
  1500:     7510.410     7510.410     7513.020     7513.020     7515.400
  1505:     7515.410     7523.060     7523.870     7532.200     7533.640
  1510:     7540.960     7545.390     7549.530     7550.360     7574.060
  1515:     7574.580     7575.110     7586.370     7591.120     7591.650
  1520:     7592.030     7625.320     7625.400     7661.860     7679.080
  1525:     7679.200     7691.050     7748.300     7757.760     7807.000
  1530:     7818.920     7818.920     7818.920     7818.930     7818.930
  1535:     7818.930     7818.930     7818.930     7818.930     7822.930
  1540:     7823.930     7823.930     7828.920     7828.930     7841.970
  1545:     7842.150     7846.270     7852.230     7853.450     7855.050
  1550:     7855.960     7861.530     7905.970     7905.970     7905.970
  1555:     7905.980     7905.980     7905.980     7905.980     7905.980
  1560:     7905.980     7906.830     7906.850     7908.100     7908.100
  1565:     7909.980     7910.980     7910.980     7915.970     7915.980
  1570:     7916.230     7916.230     7916.230     7916.240     7916.240
  1575:     7916.240     7916.240     7916.240     7916.240     7918.290
  1580:     7918.290     7919.210     7920.240     7921.240     7921.240
  1585:     7926.230     7926.240     7926.670     7932.740     7932.880
  1590:     7933.370     7936.770     7937.150     7937.780     7952.620
  1595:     7959.220     7972.080     7981.830     7985.410     8008.520
  1600:     8012.660     8015.030     8022.770     8025.400     8029.210
  1605:     8038.490     8038.820     8042.800     8050.840     8050.980
  1610:     8053.060     8053.090     8053.260     8054.150     8066.470
  1615:     8075.220     8075.220     8075.220     8075.230     8075.230
  1620:     8075.230     8075.230     8075.230     8075.230     8079.230
  1625:     8080.230     8080.230     8085.220     8085.230     8089.090
  1630:     8094.240     8094.240     8094.240     8094.250     8094.250
  1635:     8094.250     8094.250     8094.250     8094.250     8098.250
  1640:     8098.820     8099.250     8099.250     8104.240     8104.250
  1645:     8132.760     8135.380     8135.380     8135.380     8135.390
  1650:     8135.390     8135.390     8135.390     8135.390     8135.390
  1655:     8136.000     8136.000     8139.390     8140.390     8140.390
  1660:     8145.380     8145.390     8151.640     8152.000     8152.360
  1665:     8153.430     8165.720     8172.670     8177.910     8185.560
  1670:     8197.930     8197.930     8197.930     8197.940     8197.940
  1675:     8197.940     8197.940     8197.940     8197.940     8201.940
  1680:     8202.940     8202.940     8206.480     8206.480     8206.550
  1685:     8206.550     8207.230     8207.230     8207.930     8207.940
  1690:     8208.970     8208.970     8208.970     8208.980     8208.980
  1695:     8208.980     8208.980     8208.980     8208.980     8209.680
  1700:     8212.980     8213.980     8213.980     8218.970     8218.980
  1705:     8245.000     8245.000     8245.000     8245.010     8245.010
  1710:     8245.010     8245.010     8245.010     8245.010     8249.010
  1715:     8250.010     8250.010     8250.690     8255.000     8255.010
  1720:     8283.400     8283.400     8283.400     8283.410     8283.410
  1725:     8283.410     8283.410     8283.410     8283.410     8286.590
  1730:     8287.410     8288.410     8288.410     8291.660     8291.660
  1735:     8292.170     8293.400     8293.410     8294.210     8294.210
  1740:     8294.210     8294.220     8294.220     8294.220     8294.220
  1745:     8294.220     8294.220     8296.510     8296.650     8298.030
  1750:     8298.220     8299.220     8299.220     8299.930     8301.000
  1755:     8304.210     8304.220     8321.470     8322.310     8323.660
  1760:     8352.510     8357.780     8413.690     8416.610     8421.450
  1765:     8421.450     8421.450     8421.460     8421.460     8421.460
  1770:     8421.460     8421.460     8421.460     8425.460     8426.460
  1775:     8426.460     8431.450     8431.460     8456.670     8456.810
  1780:     8463.950     8481.090     8494.110     8500.180     8508.350
  1785:     8537.300     8543.710     8543.710     8543.710     8543.720
  1790:     8543.720     8543.720     8543.720     8543.720     8543.720
  1795:     8546.550     8547.720     8548.570     8548.570     8548.720
  1800:     8548.720     8551.070     8551.070     8553.710     8553.720
  1805:     8557.670     8557.960     8562.100     8562.480     8600.450
  1810:     8603.860     8604.060     8606.140     8613.460     8613.830
  1815:     8613.840     8617.940     8618.170     8619.710     8630.110
  1820:     8676.040     8676.050     8676.180     8676.200     8676.240
  1825:     8676.980     8677.680     8677.820     8677.830     8679.850
  1830:     8679.850     8679.850     8679.860     8679.860     8679.860
  1835:     8679.860     8679.860     8679.860     8679.980     8679.980
  1840:     8683.860     8684.860     8684.860     8686.290     8686.840
  1845:     8688.620     8688.980     8689.850     8689.860     8690.470
  1850:     8690.490     8690.590     8690.690     8700.750     8700.850
  1855:     8701.300     8701.340     8701.590     8743.820     8747.330
  1860:     8748.680     8768.370     8774.730     8774.730     8774.730
  1865:     8774.740     8774.740     8774.740     8774.740     8774.740
  1870:     8774.740     8777.040     8777.040     8778.740     8779.740
  1875:     8779.740     8783.190     8783.190     8784.730     8784.740
  1880:     8787.310     8787.530     8792.830     8867.050     8933.870
  1885:     8936.560     8936.650     8963.740     9026.940     9026.940
  1890:     9026.940     9026.950     9026.950     9026.950     9026.950
  1895:     9026.950     9026.950     9027.960     9030.950     9031.950
  1900:     9031.950     9034.720     9036.940     9036.950     9045.710
  1905:     9047.540     9054.150     9054.680     9057.530     9078.640
  1910:     9085.100     9085.390     9086.340     9086.340     9086.340
  1915:     9086.350     9086.350     9086.350     9086.350     9086.350
  1920:     9086.350     9090.350     9091.350     9091.350     9092.520
  1925:     9094.250     9094.290     9094.350     9094.890     9096.340
  1930:     9096.350     9096.720     9096.720     9096.720     9096.730
  1935:     9096.730     9096.730     9096.730     9096.730     9096.730
  1940:     9098.030     9098.190     9098.600     9099.330     9099.410
  1945:     9100.140     9100.730     9101.730     9101.730     9103.060
  1950:     9103.090     9106.400     9106.420     9106.720     9106.730
  1955:     9106.950     9121.090     9124.890     9124.940     9126.600
  1960:     9131.350     9131.350     9131.350     9131.360     9131.360
  1965:     9131.360     9131.360     9131.360     9131.360     9134.850
  1970:     9134.850     9135.360     9136.360     9136.360     9141.350
  1975:     9141.360     9162.340     9606.550     9609.010     9729.200
  1980:     9749.240     9758.580     9760.930     9772.360     9808.530
  1985:     9824.630     9828.280     9836.200     9843.530     9843.530
  1990:     9843.530     9843.540     9843.540     9843.540     9843.540
  1995:     9843.540     9843.540     9846.880     9847.540     9848.540
  2000:     9848.540     9851.490     9851.490     9853.530     9853.540
  2005:     9854.220     9854.220     9854.220     9854.230     9854.230
  2010:     9854.230     9854.230     9854.230     9854.230     9856.090
  2015:     9856.430     9856.870     9857.330     9858.230     9859.230
  2020:     9859.230     9859.580     9860.330     9861.180     9861.180
  2025:     9863.300     9863.300     9864.220     9864.230     9867.870
  2030:     9867.870     9867.870     9867.880     9867.880     9867.880
  2035:     9867.880     9867.880     9867.880     9870.940     9870.940
  2040:     9871.880     9872.280     9872.410     9872.460     9872.880
  2045:     9872.880     9877.870     9877.880     9898.570     9899.030
  2050:     9912.640     9917.980     9924.380     9930.460     9931.920
  2055:     9936.330     9937.390     9942.820     9965.030     9965.030
  2060:     9965.030     9965.040     9965.040     9965.040     9965.040
  2065:     9965.040     9965.040     9965.780     9965.780     9967.160
  2070:     9967.350     9967.500     9967.840     9968.470     9968.470
  2075:     9969.040     9970.040     9970.040     9971.060     9971.080
  2080:     9971.100     9971.510     9971.550     9972.730     9972.940
  2085:     9973.490     9975.030     9975.040     9976.080     9977.150
  2090:     9977.990     9990.820     9997.670    10006.410    10022.010
  2095:    10030.370    10031.190    10101.470    10104.600    10104.700
  2100:    10108.390    10161.090    10161.090    10161.090    10161.100
  2105:    10161.100    10161.100    10161.100    10161.100    10161.100
  2110:    10163.210    10163.210    10165.100    10166.100    10166.100
  2115:    10167.840    10168.290    10171.090    10171.100    10181.120
  2120:    10196.900    10197.340    10198.270    10198.920    10210.430
  2125:    10215.790    10217.570    10231.620    10239.710    10239.910
  2130:    10243.110    10298.540    10298.540    10298.540    10298.550
  2135:    10298.550    10298.550    10298.550    10298.550    10298.550
  2140:    10299.610    10301.370    10301.370    10302.460    10302.550
  2145:    10302.850    10303.550    10303.550    10304.170    10308.540
  2150:    10308.550    10310.610    10310.610    10310.610    10310.620
  2155:    10310.620    10310.620    10310.620    10310.620    10310.620
  2160:    10314.620    10315.620    10315.620    10319.830    10319.890
  2165:    10320.020    10320.480    10320.610    10320.620    10321.700
  2170:    10321.970    10322.250    10322.540    10325.110    10326.170
  2175:    10326.450    10326.540    10327.450    10327.510    10328.960
  2180:    10336.670    10337.820    10353.710    10364.920    10378.420
  2185:    10399.650    10403.260    10403.260    10403.260    10403.270
  2190:    10403.270    10403.270    10403.270    10403.270    10403.270
  2195:    10407.270    10408.270    10408.270    10409.330    10413.260
  2200:    10413.270    10414.630    10420.330    10420.330    10420.330
  2205:    10420.340    10420.340    10420.340    10420.340    10420.340
  2210:    10420.340    10424.340    10425.340    10425.340    10429.260
  2215:    10429.590    10430.330    10430.340    10467.810    10467.810
  2220:    10467.810    10467.820    10467.820    10467.820    10467.820
  2225:    10467.820    10467.820    10471.820    10472.820    10472.820
  2230:    10477.810    10477.820    10499.190    10499.190    10499.190
  2235:    10499.200    10499.200    10499.200    10499.200    10499.200
  2240:    10499.200    10499.930    10499.930    10503.200    10504.200
  2245:    10504.200    10509.190    10509.200    10509.270    10519.890
  2250:    10520.020    10520.900    10520.900    10520.900    10520.910
  2255:    10520.910    10520.910    10520.910    10520.910    10520.910
  2260:    10521.890    10524.910    10525.910    10525.910    10527.640
  2265:    10530.900    10530.910    10533.340    10535.150    10537.060
  2270:    10537.140    10539.700    10608.230    10616.640    10619.050
  2275:    10655.780    10656.740    10656.740    10656.740    10656.750
  2280:    10656.750    10656.750    10656.750    10656.750    10656.750
  2285:    10657.060    10657.060    10660.750    10661.750    10661.750
  2290:    10666.740    10666.750    10672.530    10675.270    10676.440
  2295:    10676.440    10676.440    10676.450    10676.450    10676.450
  2300:    10676.450    10676.450    10676.450    10680.450    10681.450
  2305:    10681.450    10684.850    10686.440    10686.450    10688.020
  2310:    10693.550    10694.070    10701.280    10701.860    10702.010
  2315:    10705.510    10729.350    10733.240    10733.240    10733.240
  2320:    10733.250    10733.250    10733.250    10733.250    10733.250
  2325:    10733.250    10737.250    10738.250    10738.250    10739.030
  2330:    10743.240    10743.250    10743.880    10743.880    10743.880
  2335:    10743.890    10743.890    10743.890    10743.890    10743.890
  2340:    10743.890    10745.850    10745.850    10747.890    10748.890
  2345:    10748.890    10753.880    10753.890    10768.790    10768.790
  2350:    10768.790    10768.800    10768.800    10768.800    10768.800
  2355:    10768.800    10768.800    10770.170    10770.880    10770.880
  2360:    10772.800    10773.800    10773.800    10776.350    10778.790
  2365:    10778.800    10787.410    10787.410    10787.410    10787.420
  2370:    10787.420    10787.420    10787.420    10787.420    10787.420
  2375:    10789.620    10789.620    10791.420    10792.040    10792.040
  2380:    10792.420    10792.420    10796.050    10797.410    10797.420
  2385:    10800.010
