File: C:\MED-PC\Data\2025-03-26_10h13m_Subject 81.txt


Start Date: 03/26/25
End Date: 03/26/25
Subject: 81
Experiment: OralFentSA
Group: One
Box: 9
Start Time: 10:13:25
End Time: 13:13:39
MSN: Golden_Liq_SelfAdmin_EXT
F:       0.000
G:      82.000
H:   10800.000
I:       0.000
J:       0.000
K:       0.000
L:       0.000
M:       0.000
N:       0.000
O:       0.000
P:       0.000
Q:       0.000
R:       0.000
S:       0.000
U:       0.000
V:       0.000
W:       0.000
X:       0.000
Y:       0.000
Z:       0.000
A:
     0:        0.000        0.000      180.000        4.000        0.000
     5:        5.000        0.000        5.000        0.000        0.000
    10:        1.000        0.000       10.000   100000.000       25.000
    15:       18.000      600.000        0.000        0.000        0.000
    20:        0.000
B:
     0:        0.000        0.000        0.000        0.000        0.000
     5:        0.000        0.000        0.000        0.000        0.000
    10:        0.000        0.000     1000.000 10000000.000        0.000
    15:        0.000        0.000        0.000        0.000        0.000
    20:        0.000
C:
     0:        0.000        3.000       18.000        2.000       46.000
     5:     9070.620        4.170        2.000      125.500       62.750
    10:        2.000       18.000        0.000        0.000        0.000
    15:        0.000        0.000        0.000        0.000        0.000
    20:        0.000
D:
     0:      121.330        4.170
E:
     0:       19.000       11.000       26.000       27.000        6.000
     5:        6.000        6.000        6.000        6.000        6.000
    10:        6.000        6.000        6.000        6.000        6.000
    15:        6.000        1.000        6.000        1.000        6.000
    20:        6.000        6.000        1.000        1.000        6.000
    25:        6.000        6.000        1.000        1.000        6.000
    30:        6.000        6.000        1.000        6.000        6.000
    35:        6.000        6.000        1.000        2.000        4.000
    40:       22.000       24.000       12.000       19.000       11.000
    45:        6.000        1.000        6.000        6.000        1.000
    50:        6.000        1.000        6.000        6.000        6.000
    55:        1.000        6.000        6.000        6.000        6.000
    60:        6.000        1.000        1.000        1.000        2.000
    65:        4.000       22.000       24.000       12.000        6.000
    70:       19.000       11.000        1.000        6.000        6.000
    75:        6.000        1.000        6.000        6.000        6.000
    80:        6.000        1.000      100.000
T:
     0:        0.000        0.000        0.000        0.000        4.080
     5:        4.270        4.490      513.850      515.050      515.090
    10:      705.400     1233.120     1311.060     1328.700     1329.000
    15:     1384.490     1487.090     1675.530     1835.550     1928.030
    20:     2030.400     2030.470     2514.210     2925.230     3026.710
    25:     3542.960     3543.050     3696.350     3802.080     3838.870
    30:     4106.860     4107.810     4929.300     5034.040     5034.130
    35:     5034.630     5333.260     5507.410     5719.130     5719.130
    40:     5719.130     5719.140     5719.140     5729.130     5729.140
    45:     5840.470     6108.650     6156.690     6266.270     6392.620
    50:     6932.380     6978.110     7304.170     7316.080     7409.300
    55:     7519.860     7634.340     7852.920     8165.190     8419.780
    60:     8419.850     8818.640     9039.940     9040.860     9070.610
    65:     9070.610     9070.610     9070.620     9070.620     9074.790
    70:     9080.610     9080.620     9119.390     9419.990     9455.690
    75:     9588.570    10153.920    10205.060    10542.900    10543.160
    80:    10548.710    10571.820    10800.000
