File: C:\MED-PC IV\DATA\!2025-03-18_12h09m.Subject 69



Start Date: 03/18/25
End Date: 03/18/25
Subject: 69
Experiment: OralFentSA
Group: One
Box: 5
Start Time: 12:09:58
End Time: 15:10:52
MSN: Golden_Liq_SelfAdmin_EXT
F:       0.000
G:     772.000
H:   10800.010
I:       0.000
J:       0.000
K:       0.000
L:       0.000
M:       0.000
N:       0.000
O:       0.000
P:       0.000
Q:       0.000
R:       0.000
S:       0.000
U:       0.000
V:       0.000
W:       0.000
X:       0.000
Y:       0.000
Z:       0.000
A:
     0:        0.000        0.000      180.000        4.000        0.000
     5:        5.000        0.000        5.000        0.000        0.000
    10:        1.000        0.000       10.000 100000000.00       24.000
    15:       27.000      640.000        0.000        0.000        0.000
    20:        0.000
B:
     0:        0.000        0.000        0.000        0.000        0.000
     5:        0.000        0.000        0.000        0.000        0.000
    10:        0.000        0.000     1000.000 10000000000.        0.000
    15:        0.000        0.000        0.000        0.000        0.000
    20:        0.000
C:
     0:        0.000       42.000        0.000       51.000      391.000
     5:     9942.600       52.210       32.000     3024.640       94.520
    10:       51.000      111.000        0.000        0.000        0.000
    15:        0.000        0.000        0.000        0.000        0.000
    20:        0.000
D:
     0:       82.110       35.070       59.450        5.880      310.780
     5:        5.780       20.020       42.570       43.830      133.410
    10:      287.410      268.520        6.580       16.590      174.680
    15:      142.090       46.370       56.390      108.610       35.530
    20:      243.860       47.850      130.180      116.080       40.500
    25:        2.530       85.260      222.150       62.480       49.830
    30:       90.040       52.210
E:
     0:       19.000       11.000       26.000       27.000       23.000
     5:        6.000        6.000       23.000       23.000        6.000
    10:        6.000       23.000        6.000        6.000        6.000
    15:        6.000        2.000        4.000       22.000       24.000
    20:       19.000       11.000       23.000       23.000       23.000
    25:       23.000       23.000        2.000        4.000       22.000
    30:       24.000       19.000       11.000       23.000       23.000
    35:       23.000        6.000        6.000        6.000        6.000
    40:        6.000        6.000        6.000        6.000        6.000
    45:        6.000        6.000        6.000        6.000       23.000
    50:       23.000        6.000        2.000        4.000       22.000
    55:       24.000       23.000       19.000       11.000       23.000
    60:        6.000        6.000        6.000        6.000        6.000
    65:       23.000       23.000       23.000        6.000        2.000
    70:        4.000       22.000       24.000       19.000       11.000
    75:        6.000        6.000        2.000        4.000       22.000
    80:       24.000        6.000        6.000       19.000       11.000
    85:        6.000        6.000        6.000        6.000        6.000
    90:        6.000        6.000        6.000        6.000        6.000
    95:        6.000        6.000        6.000        6.000        6.000
   100:       23.000       23.000        6.000        6.000        6.000
   105:        6.000        6.000        2.000        4.000       22.000
   110:       24.000       21.000       22.000       19.000       11.000
   115:       23.000       23.000       23.000       23.000        6.000
   120:        6.000        2.000        4.000       22.000       24.000
   125:       19.000       11.000        2.000        4.000       22.000
   130:       24.000        6.000        6.000       19.000       11.000
   135:        2.000        4.000       22.000       24.000       21.000
   140:       22.000       19.000       11.000        6.000        6.000
   145:        6.000        6.000        6.000        6.000        6.000
   150:        6.000        6.000        6.000        6.000        6.000
   155:        6.000        6.000        6.000        6.000        6.000
   160:        6.000        6.000        6.000        6.000        6.000
   165:        6.000        2.000        4.000       22.000       24.000
   170:       19.000       11.000        6.000        6.000        6.000
   175:        6.000        6.000        6.000        6.000        6.000
   180:        6.000        2.000        4.000       22.000       24.000
   185:       19.000       11.000        6.000        6.000        6.000
   190:        6.000        2.000        4.000       22.000       24.000
   195:       19.000       11.000        2.000        4.000       22.000
   200:       24.000       19.000       11.000       23.000       23.000
   205:       23.000       23.000        6.000        6.000        2.000
   210:        4.000       22.000       24.000       19.000       11.000
   215:        2.000        4.000       22.000       24.000       21.000
   220:       22.000       19.000       11.000        6.000        6.000
   225:        6.000        6.000       23.000       23.000       23.000
   230:       23.000       23.000        2.000        4.000       22.000
   235:       24.000       21.000       22.000       19.000       11.000
   240:        6.000        6.000        6.000        6.000        6.000
   245:        6.000        6.000        6.000        6.000        2.000
   250:        4.000       22.000       24.000        6.000       21.000
   255:       22.000       19.000       11.000        2.000        4.000
   260:       22.000       24.000       19.000       11.000        6.000
   265:        6.000        6.000        6.000        6.000        6.000
   270:        6.000        6.000        6.000        6.000        6.000
   275:        6.000        6.000        6.000        6.000        6.000
   280:        6.000        6.000        6.000        6.000        6.000
   285:        6.000        6.000        6.000        6.000        6.000
   290:        6.000        6.000        6.000        6.000        6.000
   295:        6.000        6.000        6.000        6.000        6.000
   300:        6.000        6.000        6.000       23.000       23.000
   305:       23.000       23.000        6.000        6.000        6.000
   310:        6.000        6.000        6.000        6.000        6.000
   315:        6.000        6.000        6.000        6.000        6.000
   320:        6.000        6.000        6.000        2.000        4.000
   325:       22.000       24.000       19.000       11.000       23.000
   330:       23.000       23.000       23.000        6.000        6.000
   335:        6.000        6.000        6.000        6.000        2.000
   340:        4.000       22.000       24.000       19.000       11.000
   345:       23.000       23.000       23.000       23.000       23.000
   350:        6.000        6.000        6.000        6.000        6.000
   355:        6.000        6.000        6.000        6.000        2.000
   360:        4.000       22.000       24.000       21.000       22.000
   365:       23.000       19.000       11.000       23.000        6.000
   370:        6.000       23.000       23.000       23.000       23.000
   375:        6.000        6.000        6.000        6.000        6.000
   380:        6.000        2.000        4.000       22.000       24.000
   385:       19.000       11.000        2.000        4.000       22.000
   390:       24.000       19.000       11.000        6.000        6.000
   395:        6.000        6.000        2.000        4.000       22.000
   400:       24.000       19.000       11.000       23.000       23.000
   405:       23.000       23.000        6.000       23.000       23.000
   410:        2.000        4.000       22.000       24.000       23.000
   415:       23.000       19.000       11.000       23.000       23.000
   420:       23.000        6.000        6.000        6.000        6.000
   425:        6.000        6.000        6.000        6.000        6.000
   430:        6.000        6.000        6.000        6.000        6.000
   435:        6.000        6.000        6.000        6.000        6.000
   440:        6.000       23.000        2.000        4.000       22.000
   445:       24.000       19.000       11.000        2.000        4.000
   450:       22.000       24.000       19.000       11.000       23.000
   455:       23.000       23.000        2.000        4.000       22.000
   460:       24.000       19.000       11.000        6.000        2.000
   465:        4.000       22.000       24.000       19.000       11.000
   470:       23.000       23.000       23.000       23.000        6.000
   475:       23.000       23.000       23.000        2.000        4.000
   480:       22.000       24.000       19.000       11.000       23.000
   485:       23.000        6.000        6.000        6.000        6.000
   490:        6.000        6.000        6.000        6.000        6.000
   495:        6.000        6.000        6.000        6.000        6.000
   500:        6.000        2.000        4.000       22.000       24.000
   505:       19.000       11.000        2.000        4.000       22.000
   510:       24.000       19.000       11.000       23.000        6.000
   515:        6.000       23.000       23.000       23.000        6.000
   520:        6.000        6.000        6.000        6.000        6.000
   525:        6.000        6.000        6.000        6.000        2.000
   530:        4.000       22.000       24.000       19.000       11.000
   535:        6.000        6.000        6.000        6.000        6.000
   540:        6.000        6.000        6.000        6.000        6.000
   545:        6.000        6.000        6.000        6.000        6.000
   550:        6.000        6.000        6.000        6.000        6.000
   555:        6.000        6.000        6.000        6.000        6.000
   560:        6.000        6.000        6.000        6.000        6.000
   565:        6.000        6.000        6.000        6.000        6.000
   570:        6.000        6.000       23.000        2.000        4.000
   575:       22.000       24.000        6.000       19.000       11.000
   580:        2.000        4.000       22.000       24.000       21.000
   585:       22.000       21.000       22.000       21.000       22.000
   590:       21.000       22.000       19.000       11.000       23.000
   595:        6.000        6.000        6.000        6.000        6.000
   600:        6.000        6.000        6.000        6.000        6.000
   605:        6.000        2.000        4.000       22.000       24.000
   610:       19.000       11.000       23.000       23.000       23.000
   615:       23.000       23.000       23.000       23.000       23.000
   620:       23.000       23.000        6.000        6.000        6.000
   625:        6.000        6.000        6.000        6.000        6.000
   630:        6.000        6.000        6.000        6.000        6.000
   635:        6.000        6.000        6.000        6.000        6.000
   640:        6.000        6.000        6.000        6.000        6.000
   645:        6.000        6.000        6.000        6.000        6.000
   650:        6.000        6.000        6.000        6.000        6.000
   655:        6.000        6.000        6.000        6.000        6.000
   660:       23.000        6.000        6.000        6.000        6.000
   665:        6.000        6.000        6.000        6.000        6.000
   670:        6.000        6.000        6.000       23.000        6.000
   675:        6.000        6.000        6.000       23.000       23.000
   680:       23.000        2.000        4.000       22.000       24.000
   685:       19.000       11.000        6.000        6.000        6.000
   690:        6.000        6.000        6.000        6.000        6.000
   695:        6.000        2.000        4.000       22.000       24.000
   700:       19.000       11.000       23.000        6.000        6.000
   705:        6.000       23.000        2.000        4.000       22.000
   710:       24.000       19.000       11.000       23.000       23.000
   715:       23.000       23.000       23.000       23.000       23.000
   720:        6.000        2.000        4.000       22.000       24.000
   725:       19.000       11.000        2.000        4.000       22.000
   730:       24.000       19.000       11.000        6.000        6.000
   735:        6.000        6.000        6.000        6.000        6.000
   740:        6.000        6.000        6.000        6.000        6.000
   745:        6.000        6.000        6.000        6.000        6.000
   750:        6.000        6.000        6.000        6.000        6.000
   755:        6.000        6.000        6.000        6.000        6.000
   760:        6.000        6.000        6.000        6.000        6.000
   765:        6.000        6.000        6.000       23.000       23.000
   770:       23.000       23.000      100.000
T:
     0:        0.000        0.000        0.000        0.000        0.030
     5:       52.540       52.680       98.790      109.260      126.670
    10:      127.330      237.020      259.880      261.450      329.380
    15:      329.950      396.990      396.990      396.990      397.000
    20:      406.990      407.000      409.000      417.540      419.450
    25:      419.590      471.040      505.760      505.760      505.760
    30:      505.770      515.760      515.770      517.360      578.010
    35:      578.180      587.880      627.690      627.930      630.010
    40:      631.550      631.920      633.420      636.530      640.210
    45:      641.130      783.470      783.810      785.290      862.010
    50:      862.490      897.830      904.700      904.700      904.700
    55:      904.710      914.500      914.700      914.710      917.120
    60:      939.780     1076.590     1076.920     1081.850     1113.480
    65:     1176.590     1176.730     1176.840     1207.600     1304.950
    70:     1304.950     1304.950     1304.960     1314.950     1314.960
    75:     1364.410     1364.680     1367.730     1367.730     1367.730
    80:     1367.740     1373.620     1373.710     1377.730     1377.740
    85:     1380.180     1380.240     1380.410     1406.080     1406.430
    90:     1407.350     1410.670     1410.900     1411.670     1418.250
    95:     1423.260     1423.800     1424.120     1556.130     1623.070
   100:     1645.900     1646.810     1658.130     1659.740     1664.900
   105:     1665.380     1667.330     1754.650     1754.650     1754.650
   110:     1754.660     1757.240     1757.240     1764.650     1764.660
   115:     1847.540     1850.870     1851.140     1852.850     2065.440
   120:     2065.500     2156.390     2156.390     2156.390     2156.400
   125:     2166.390     2166.400     2168.770     2168.770     2168.770
   130:     2168.780     2174.560     2174.720     2178.770     2178.780
   135:     2179.460     2179.460     2179.460     2179.470     2179.900
   140:     2179.900     2189.460     2189.470     2199.490     2199.500
   145:     2199.540     2199.730     2203.760     2203.800     2203.850
   150:     2207.870     2208.060     2208.270     2212.520     2240.270
   155:     2240.310     2247.730     2248.610     2260.080     2260.980
   160:     2299.550     2300.510     2377.270     2377.460     2377.780
   165:     2377.840     2441.260     2441.260     2441.260     2441.270
   170:     2451.260     2451.270     2483.840     2584.040     2693.370
   175:     2693.390     2693.420     2693.480     2693.510     2693.860
   180:     2693.920     2739.020     2739.020     2739.020     2739.030
   185:     2749.020     2749.030     2782.860     2783.310     2783.340
   190:     2784.320     3045.390     3045.390     3045.390     3045.400
   195:     3055.390     3055.400     3059.250     3059.250     3059.250
   200:     3059.260     3069.250     3069.260     3123.040     3124.990
   205:     3134.520     3138.550     3192.670     3198.070     3237.720
   210:     3237.720     3237.720     3237.730     3247.720     3247.730
   215:     3377.740     3377.740     3377.740     3377.750     3381.440
   220:     3381.440     3387.740     3387.750     3665.160     3665.500
   225:     3665.670     3671.820     3711.620     3716.190     3717.440
   230:     3829.200     3830.550     3839.450     3839.450     3839.450
   235:     3839.460     3839.880     3839.880     3849.450     3849.460
   240:     4107.980     4112.110     4113.090     4158.660     4162.200
   245:     4191.960     4192.390     4198.220     4198.290     4207.640
   250:     4207.640     4207.640     4207.650     4214.230     4216.610
   255:     4216.610     4217.640     4217.650     4234.150     4234.150
   260:     4234.150     4234.160     4244.150     4244.160     4250.750
   265:     4250.860     4252.270     4252.450     4252.590     4268.360
   270:     4283.240     4283.340     4283.770     4283.790     4284.220
   275:     4284.300     4292.300     4295.770     4296.310     4296.530
   280:     4299.910     4299.960     4300.020     4300.140     4300.330
   285:     4301.070     4302.780     4302.830     4320.290     4320.360
   290:     4359.290     4393.730     4394.230     4394.840     4414.910
   295:     4417.900     4432.060     4432.330     4436.910     4437.160
   300:     4437.450     4442.870     4498.700     4519.240     4519.450
   305:     4519.640     4528.610     4551.530     4552.150     4558.270
   310:     4558.320     4558.340     4558.440     4558.870     4558.980
   315:     4560.090     4564.560     4566.060     4566.090     4574.870
   320:     4574.960     4579.520     4594.800     4673.550     4673.550
   325:     4673.550     4673.560     4683.550     4683.560     4778.270
   330:     4791.860     4820.510     4825.210     4848.240     4849.060
   335:     4849.240     4864.540     4865.600     4866.240     4868.930
   340:     4868.930     4868.930     4868.940     4878.930     4878.940
   345:     4888.400     4892.910     4893.770     4899.860     4900.000
   350:     5011.030     5011.180     5011.650     5448.970     5449.050
   355:     5449.080     5449.160     5449.850     5449.930     5469.610
   360:     5469.610     5469.610     5469.620     5469.680     5469.680
   365:     5479.140     5479.610     5479.620     5487.650     5515.990
   370:     5517.980     5534.100     5534.190     5535.130     5541.970
   375:     5553.050     5557.980     5558.420     5558.440     5558.600
   380:     5559.240     5567.480     5567.480     5567.480     5567.490
   385:     5577.480     5577.490     5578.050     5578.050     5578.050
   390:     5578.060     5588.050     5588.060     5634.450     5634.790
   395:     5634.830     5634.960     5717.930     5717.930     5717.930
   400:     5717.940     5727.930     5727.940     5767.000     5773.860
   405:     5805.030     5805.550     5826.550     5917.220     5918.440
   410:     5959.390     5959.390     5959.390     5959.400     5964.440
   415:     5968.660     5969.390     5969.400     5979.070     5979.300
   420:     5979.680     5994.930     5999.660     5999.740     5999.820
   425:     6000.000     6000.040     6000.250     6000.800     6001.020
   430:     6001.840     6003.290     6007.990     6008.080     6009.050
   435:     6020.880     6025.930     6026.170     6026.210     6026.620
   440:     6032.710     6038.490     6074.440     6074.440     6074.440
   445:     6074.450     6084.440     6084.450     6156.380     6156.380
   450:     6156.380     6156.390     6166.380     6166.390     6253.870
   455:     6259.850     6266.810     6288.150     6288.150     6288.150
   460:     6288.160     6298.150     6298.160     6532.020     6550.850
   465:     6550.850     6550.850     6550.860     6560.850     6560.860
   470:     6569.700     6574.020     6580.150     6580.270     6598.710
   475:     6614.520     6615.780     6615.860     6692.530     6692.530
   480:     6692.530     6692.540     6702.530     6702.540     6714.220
   485:     6716.430     6822.720     6823.140     6823.230     6823.280
   490:     6823.500     6918.420     6919.300     6923.690     6924.320
   495:     6924.780     6953.630     6953.750     6954.230     6954.390
   500:     6955.040     6960.500     6960.500     6960.500     6960.510
   505:     6970.500     6970.510     6977.680     6977.680     6977.680
   510:     6977.690     6987.680     6987.690     7073.650     7093.770
   515:     7094.260     7145.280     7168.730     7172.130     7290.010
   520:     7318.000     7318.800     7319.600     7338.550     7338.640
   525:     7340.870     7363.620     7471.740     7510.990     7571.710
   530:     7571.710     7571.710     7571.720     7581.710     7581.720
   535:     7612.220     7616.220     7619.590     7619.620     7620.760
   540:     7623.300     7623.330     7623.460     7625.940     7626.070
   545:     7626.150     7631.110     7631.170     7631.250     7631.270
   550:     7631.620     7633.160     7634.740     7638.990     7639.340
   555:     7639.430     7641.210     7641.380     7645.720     7646.030
   560:     7646.200     7651.000     7652.910     7685.660     7698.460
   565:     7699.270     7699.830     7701.040     7701.220     7708.780
   570:     7803.010     7832.100     7962.870     7993.520     7993.520
   575:     7993.520     7993.530     7996.060     8003.520     8003.530
   580:     8010.340     8010.340     8010.340     8010.350     8010.470
   585:     8010.470     8010.740     8010.740     8011.330     8011.330
   590:     8012.330     8012.330     8020.340     8020.350     8048.530
   595:     8095.610     8113.170     8113.400     8114.030     8121.220
   600:     8146.770     8147.280     8156.690     8166.590     8169.610
   605:     8424.190     8483.660     8483.660     8483.660     8483.670
   610:     8493.660     8493.670     8525.170     8525.330     8546.030
   615:     8592.830     8604.310     8637.720     8644.400     8645.510
   620:     8647.140     8647.750     8705.820     8719.420     8723.350
   625:     8727.520     8727.580     8729.720     8739.870     8741.800
   630:     8742.720     8745.450     8746.340     8837.800     8837.950
   635:     8843.670     8845.390     8846.420     8846.500     8862.820
   640:     8863.710     8884.300     8893.400     8893.510     8907.470
   645:     8911.670     8914.640     8918.830     8918.950     8919.040
   650:     8927.220     8935.720     8935.920     8937.880     8940.990
   655:     8941.320     8961.750     8962.260     8983.660     8983.730
   660:     9022.180     9031.580     9031.690     9031.880     9035.470
   665:     9048.220     9048.260     9055.780     9056.020     9056.130
   670:     9056.480     9086.940     9087.650     9214.510     9310.780
   675:     9310.860     9322.320     9322.360     9357.930     9369.890
   680:     9370.890     9413.590     9413.590     9413.590     9413.600
   685:     9423.590     9423.600     9476.080     9476.320     9476.800
   690:     9480.570     9480.840     9481.570     9483.780     9484.360
   695:     9485.150     9504.080     9504.080     9504.080     9504.090
   700:     9514.080     9514.090     9516.870     9553.920     9554.800
   705:     9555.060     9747.600     9782.000     9782.000     9782.000
   710:     9782.010     9792.000     9792.010     9807.590     9808.560
   715:     9810.760     9832.050     9832.210     9844.870     9847.220
   720:     9872.050     9926.620     9926.620     9926.620     9926.630
   725:     9936.620     9936.630     9942.590     9942.590     9942.590
   730:     9942.600     9952.590     9952.600     9994.810     9995.340
   735:     9996.480     9996.560     9996.680    10320.830    10321.220
   740:    10321.840    10322.070    10322.110    10322.220    10322.280
   745:    10323.640    10323.870    10323.920    10324.030    10324.130
   750:    10329.120    10329.520    10334.170    10334.630    10344.250
   755:    10358.120    10358.380    10375.030    10381.200    10381.250
   760:    10383.490    10383.620    10383.760    10404.690    10404.860
   765:    10405.970    10436.740    10507.660    10553.810    10553.890
   770:    10565.940    10576.140    10800.010
