File: C:\MED-PC\Data\2025-03-21_13h23m_Subject 87.txt


Start Date: 03/21/25
End Date: 03/21/25
Subject: 87
Experiment: OralFentSA
Group: One
Box: 3
Start Time: 13:23:13
End Time: 16:25:23
MSN: 20241014_Golden_Liq_SelfAdmin
F:       0.000
G:    1210.000
H:   10800.000
I:       0.000
J:       0.000
K:       0.000
L:       0.000
M:       0.000
N:       0.000
O:       0.000
P:       0.000
Q:       0.000
R:       0.000
S:       0.000
U:       0.000
V:       0.000
W:       0.000
X:       0.000
Y:       0.000
Z:       0.000
A:
     0:        0.000        0.000      180.000        4.000        0.000
     5:        5.000        0.000        5.000        0.000        0.000
    10:        1.000        0.000       10.000  3000000.000       19.000
    15:       15.000      640.000        0.000        0.000        0.000
    20:        0.000
B:
     0:        0.000        0.000        0.000      400.000        0.000
     5:      500.000        0.000      500.000        0.000        0.000
    10:        0.000        0.000     1000.000 300000000.000        0.000
    15:        0.000        0.000        0.000        0.000        0.000
    20:        0.000
C:
     0:       60.000       61.000       27.000       81.000      297.000
     5:    10261.700       25.930       32.000     1245.630       38.926
    10:       81.000       27.000        0.000        0.000        0.000
    15:        0.000        0.000        0.000        0.000        0.000
    20:        0.000
D:
     0:        8.850       11.820       43.100        8.340       11.880
     5:       14.150       11.170       24.540       33.310        1.540
    10:       53.590       35.880       15.050       43.950        6.010
    15:       29.640       12.710       18.330       36.230       32.580
    20:       33.050       86.420       15.400       53.970       65.300
    25:       12.610       37.700       25.450       32.920      335.420
    30:       68.790       25.930
E:
     0:       19.000       11.000       26.000       27.000        1.000
     5:        1.000        6.000        6.000        6.000        6.000
    10:        2.000        4.000       22.000       24.000       12.000
    15:       13.000        8.000        5.000       17.000       18.000
    20:       14.000       10.000        6.000       19.000       11.000
    25:        6.000        6.000        1.000        1.000        6.000
    30:        6.000        6.000        6.000        6.000        6.000
    35:        6.000        6.000        6.000        6.000        6.000
    40:        6.000        6.000        6.000        6.000        6.000
    45:        6.000        6.000        6.000        6.000        6.000
    50:        6.000        6.000        6.000        6.000        6.000
    55:        2.000        4.000       22.000       24.000       12.000
    60:       13.000        8.000        5.000       17.000       18.000
    65:       14.000       10.000       21.000       22.000       19.000
    70:       11.000        2.000        4.000       22.000       24.000
    75:       12.000       13.000        8.000        5.000       17.000
    80:       18.000       14.000       10.000       20.000       19.000
    85:       11.000        6.000        6.000        6.000        6.000
    90:        2.000        4.000       22.000       24.000       12.000
    95:       13.000        8.000        5.000       17.000       18.000
   100:       14.000       10.000       19.000       11.000        6.000
   105:        6.000        2.000        4.000       22.000       24.000
   110:       12.000       13.000        8.000        5.000       17.000
   115:       21.000       22.000       18.000       14.000       10.000
   120:        6.000       19.000       11.000        1.000        2.000
   125:        4.000       22.000       24.000       12.000       13.000
   130:        8.000        5.000       17.000       18.000       14.000
   135:       10.000       19.000       11.000        6.000        2.000
   140:        4.000       22.000       24.000       12.000       13.000
   145:        8.000        5.000       17.000       18.000       14.000
   150:       10.000       19.000       11.000        2.000        4.000
   155:       22.000       24.000       12.000       13.000        8.000
   160:        5.000       17.000       18.000       14.000       10.000
   165:       21.000       22.000       19.000       11.000        2.000
   170:        4.000       22.000       24.000       12.000       13.000
   175:        8.000        5.000       17.000       18.000       14.000
   180:       10.000       21.000       22.000       19.000       11.000
   185:        2.000        4.000       22.000       24.000       12.000
   190:       13.000        8.000        5.000       17.000       21.000
   195:       22.000       18.000       14.000       10.000       19.000
   200:       11.000        2.000        4.000       22.000       24.000
   205:       12.000       13.000        8.000        5.000       17.000
   210:       18.000       14.000       10.000       21.000       22.000
   215:       19.000       11.000        6.000        6.000        6.000
   220:        6.000        6.000        2.000        4.000       22.000
   225:       24.000       12.000       13.000        8.000        5.000
   230:       17.000       18.000       14.000       10.000       20.000
   235:       20.000       19.000       11.000        2.000        4.000
   240:       22.000       24.000       12.000       13.000        8.000
   245:        5.000       17.000       18.000       14.000       10.000
   250:       19.000       11.000        2.000        4.000       22.000
   255:       24.000       12.000       13.000        8.000        5.000
   260:       17.000       21.000       22.000       18.000       14.000
   265:       10.000       19.000       11.000        6.000        2.000
   270:        4.000       22.000       24.000       12.000       13.000
   275:        8.000        5.000       17.000       18.000       14.000
   280:       10.000       19.000       11.000        2.000        4.000
   285:       22.000       24.000       12.000       13.000        8.000
   290:        5.000       17.000       18.000       14.000       10.000
   295:       19.000       11.000        6.000        6.000        6.000
   300:        6.000        6.000        6.000        6.000        6.000
   305:        6.000        6.000        6.000        6.000        6.000
   310:        6.000        6.000        6.000        6.000        6.000
   315:        6.000        6.000        6.000        6.000        1.000
   320:        1.000        6.000        6.000        6.000        6.000
   325:        6.000        6.000        6.000        6.000        6.000
   330:        6.000        6.000        6.000        6.000        2.000
   335:        4.000       22.000       24.000       12.000       13.000
   340:        8.000        5.000       17.000       18.000       14.000
   345:       10.000       19.000       11.000        2.000        4.000
   350:       22.000       24.000       12.000       13.000        8.000
   355:        5.000       17.000       18.000       14.000       10.000
   360:       21.000       22.000       19.000       11.000        2.000
   365:        4.000       22.000       24.000       12.000       13.000
   370:        8.000        5.000       17.000       18.000       14.000
   375:       10.000       19.000       11.000        1.000        1.000
   380:        1.000        1.000        2.000        4.000       22.000
   385:       24.000       12.000       13.000        8.000        5.000
   390:       17.000       18.000       14.000       10.000       19.000
   395:       11.000        2.000        4.000       22.000       24.000
   400:       12.000       13.000        8.000        5.000       17.000
   405:       18.000       14.000       10.000       19.000       11.000
   410:        6.000        6.000        6.000        6.000        6.000
   415:        6.000        6.000        6.000        6.000        6.000
   420:        6.000        1.000        2.000        4.000       22.000
   425:       24.000       12.000       13.000        8.000        5.000
   430:       17.000       18.000       14.000       10.000       19.000
   435:       11.000        2.000        4.000       22.000       24.000
   440:       12.000       13.000        8.000        5.000       17.000
   445:        6.000        6.000        6.000        6.000        6.000
   450:       18.000       14.000       10.000       19.000       21.000
   455:       22.000       11.000        6.000        6.000        6.000
   460:        6.000        2.000        4.000       22.000       24.000
   465:       12.000       13.000        8.000        5.000       17.000
   470:       18.000       14.000       10.000       19.000       11.000
   475:        6.000        2.000        4.000       22.000       24.000
   480:       12.000       13.000        8.000        5.000       17.000
   485:       18.000       14.000       10.000       19.000       11.000
   490:        2.000        4.000       22.000       24.000       12.000
   495:       13.000        8.000        5.000       17.000       18.000
   500:       14.000       10.000       21.000       22.000       19.000
   505:       11.000        2.000        4.000       22.000       24.000
   510:       12.000       13.000        8.000        5.000       17.000
   515:       18.000       14.000       10.000       19.000       11.000
   520:        2.000        4.000       22.000       24.000       12.000
   525:       13.000        8.000        5.000       17.000       18.000
   530:       14.000       10.000       19.000       11.000        6.000
   535:        6.000        6.000        6.000        6.000        6.000
   540:        1.000        1.000        6.000        6.000        6.000
   545:        6.000        6.000        6.000        6.000        6.000
   550:        6.000        2.000        4.000       22.000       24.000
   555:       12.000       13.000        8.000        5.000       17.000
   560:       18.000       14.000       10.000       19.000       11.000
   565:        2.000        4.000       22.000       24.000       12.000
   570:       13.000        8.000        5.000       17.000       21.000
   575:       22.000       18.000       14.000       10.000       19.000
   580:       11.000        2.000        4.000       22.000       24.000
   585:       12.000       13.000        8.000        5.000       17.000
   590:       18.000       14.000       10.000       19.000       11.000
   595:        2.000        4.000       22.000       24.000       12.000
   600:       13.000        8.000        5.000       17.000       18.000
   605:       14.000       10.000       19.000       11.000        6.000
   610:        1.000        6.000        6.000        6.000        6.000
   615:        2.000        4.000       22.000       24.000       12.000
   620:       13.000        8.000        5.000       17.000       18.000
   625:       14.000       10.000       21.000       22.000       21.000
   630:       22.000       19.000       11.000        2.000        4.000
   635:       22.000       24.000       12.000       13.000        8.000
   640:        5.000       17.000       18.000       14.000       10.000
   645:       19.000       11.000        2.000        4.000       22.000
   650:       24.000       12.000       13.000        8.000        5.000
   655:       17.000       18.000       14.000       10.000       21.000
   660:       22.000       19.000       11.000        6.000        6.000
   665:        6.000        6.000        6.000        6.000        6.000
   670:        6.000        6.000        6.000        6.000        6.000
   675:        6.000        2.000        4.000       22.000       24.000
   680:       12.000       13.000        8.000        5.000       17.000
   685:       18.000       14.000       10.000        6.000       19.000
   690:       11.000        2.000        4.000       22.000       24.000
   695:       12.000       13.000        8.000        5.000       17.000
   700:       18.000       14.000       10.000       19.000       11.000
   705:        6.000        6.000        6.000        6.000        6.000
   710:        2.000        4.000       22.000       24.000       12.000
   715:       13.000        8.000        5.000       17.000       18.000
   720:       14.000       10.000       19.000       11.000        2.000
   725:        4.000       22.000       24.000       12.000       13.000
   730:        8.000        5.000       17.000       18.000       14.000
   735:       10.000       19.000       11.000        2.000        4.000
   740:       22.000       24.000       12.000       13.000        8.000
   745:        5.000       17.000       18.000       14.000       10.000
   750:       19.000       11.000        6.000        6.000        6.000
   755:        6.000        1.000        6.000        6.000        2.000
   760:        4.000       22.000       24.000       12.000       13.000
   765:        8.000        5.000       17.000       18.000       14.000
   770:       10.000       19.000       11.000        2.000        4.000
   775:       22.000       24.000       12.000       13.000        8.000
   780:        5.000       17.000       21.000       22.000       18.000
   785:       14.000       10.000       19.000       11.000        6.000
   790:        2.000        4.000       22.000       24.000       12.000
   795:       13.000        8.000        5.000       17.000       18.000
   800:       14.000       10.000       19.000       11.000        6.000
   805:        2.000        4.000       22.000       24.000       12.000
   810:       13.000        8.000        5.000       17.000       18.000
   815:       14.000       10.000       19.000       11.000        6.000
   820:        2.000        4.000       22.000       24.000       12.000
   825:       13.000        8.000        5.000       17.000       18.000
   830:       14.000       10.000       19.000       11.000        2.000
   835:        4.000       22.000       24.000       12.000       13.000
   840:        8.000        5.000       17.000       21.000       22.000
   845:       18.000       14.000       10.000       19.000       11.000
   850:        6.000        6.000        6.000        6.000        6.000
   855:        6.000        6.000        6.000        6.000        6.000
   860:        1.000        1.000        1.000        6.000        2.000
   865:        4.000       22.000       24.000       12.000       13.000
   870:        8.000        5.000       17.000       18.000       14.000
   875:       10.000       19.000       11.000        6.000        6.000
   880:        6.000        6.000        6.000        6.000        6.000
   885:        6.000        6.000        6.000        6.000        6.000
   890:        6.000        6.000        6.000        6.000        6.000
   895:        6.000        6.000        6.000        6.000        6.000
   900:        6.000        6.000        6.000        6.000        6.000
   905:        6.000        6.000        6.000        6.000        2.000
   910:        4.000       22.000       24.000       12.000       13.000
   915:        8.000        5.000       17.000       18.000       14.000
   920:       10.000       19.000       11.000        2.000        4.000
   925:       22.000       24.000       12.000       13.000        8.000
   930:        5.000       17.000       18.000       14.000       10.000
   935:       19.000       11.000        6.000        6.000        6.000
   940:        6.000        6.000        6.000        6.000        6.000
   945:        6.000        2.000        4.000       22.000       24.000
   950:       12.000       13.000        8.000        5.000       17.000
   955:       18.000       14.000       10.000       19.000       11.000
   960:        6.000        6.000        6.000        1.000        1.000
   965:        6.000        2.000        4.000       22.000       24.000
   970:       12.000       13.000        8.000        5.000       17.000
   975:       18.000       14.000       10.000       21.000       22.000
   980:       19.000       11.000        6.000        6.000        6.000
   985:        6.000        6.000        6.000        1.000        1.000
   990:        1.000        6.000        2.000        4.000       22.000
   995:       24.000       12.000       13.000        8.000        5.000
  1000:       17.000       21.000       22.000       18.000       14.000
  1005:       10.000       19.000       11.000        6.000        2.000
  1010:        4.000       22.000       24.000       12.000       13.000
  1015:        8.000        5.000       17.000       18.000       14.000
  1020:       10.000       19.000       11.000        6.000        6.000
  1025:        6.000        2.000        4.000       22.000       24.000
  1030:       12.000       13.000        8.000        5.000       17.000
  1035:       21.000       22.000       21.000       22.000       21.000
  1040:       22.000       18.000       14.000       10.000       19.000
  1045:       11.000        6.000        6.000        6.000        6.000
  1050:        6.000        6.000        6.000        6.000        6.000
  1055:        6.000        6.000        6.000        6.000        6.000
  1060:        6.000        6.000        6.000        6.000        6.000
  1065:        6.000        2.000        4.000       22.000       24.000
  1070:       12.000       13.000        8.000        5.000       17.000
  1075:       18.000       14.000       10.000       19.000       11.000
  1080:        6.000        6.000        6.000        6.000        6.000
  1085:        6.000        6.000        6.000        6.000        6.000
  1090:        6.000        6.000        6.000        6.000        6.000
  1095:        6.000        6.000        6.000        6.000        6.000
  1100:        6.000        6.000        6.000        6.000        6.000
  1105:        6.000        6.000        6.000        6.000        2.000
  1110:        4.000       22.000       24.000       12.000       13.000
  1115:        8.000        5.000       17.000       18.000       14.000
  1120:       10.000       19.000       11.000        6.000        6.000
  1125:        6.000        6.000        6.000        6.000        2.000
  1130:        4.000       22.000       24.000       12.000       13.000
  1135:        8.000        5.000       17.000       18.000       14.000
  1140:       10.000       19.000       11.000        2.000        4.000
  1145:       22.000       24.000       12.000       13.000        8.000
  1150:        5.000       17.000       18.000       14.000       10.000
  1155:       19.000       11.000        6.000        6.000        6.000
  1160:        6.000        6.000        6.000        6.000        6.000
  1165:        6.000        6.000        6.000        6.000        6.000
  1170:        2.000        4.000       22.000       24.000       12.000
  1175:       13.000        8.000        5.000       17.000       18.000
  1180:       14.000       10.000       19.000       11.000        2.000
  1185:        4.000       22.000       24.000       12.000       13.000
  1190:        8.000        5.000       17.000       18.000       14.000
  1195:       10.000       19.000       11.000        6.000        6.000
  1200:        6.000        6.000        6.000        6.000        6.000
  1205:        6.000        6.000        6.000        6.000        6.000
  1210:      100.000
T:
     0:        0.000        0.000        0.000        0.000      237.960
     5:      242.870      247.880      248.830      249.150      249.330
    10:      263.560      263.560      263.560      263.570      263.570
    15:      263.570      263.570      263.570      263.570      267.570
    20:      268.570      268.570      272.420      273.560      273.570
    25:      278.770      289.270      307.850      307.890      338.130
    30:      340.060      342.290      343.560      345.580      347.240
    35:      350.170      351.900      352.040      352.240      353.490
    40:      355.310      355.430      356.310      356.950      357.000
    45:      357.050      364.400      364.760      381.810      381.850
    50:      382.140      382.760      383.900      384.800      401.840
    55:      443.460      443.460      443.460      443.470      443.470
    60:      443.470      443.470      443.470      443.470      447.470
    65:      448.470      448.470      448.650      448.650      453.460
    70:      453.470      459.180      459.180      459.180      459.190
    75:      459.190      459.190      459.190      459.190      459.190
    80:      463.190      464.190      464.190      467.690      469.180
    85:      469.190      471.010      571.150      572.230      572.250
    90:      574.590      574.590      574.590      574.600      574.600
    95:      574.600      574.600      574.600      574.600      578.600
   100:      579.600      579.600      584.590      584.600      617.700
   105:      618.500      630.260      630.260      630.260      630.270
   110:      630.270      630.270      630.270      630.270      630.270
   115:      630.940      630.940      634.270      635.270      635.270
   120:      638.610      640.260      640.270      651.420      671.570
   125:      671.570      671.570      671.580      671.580      671.580
   130:      671.580      671.580      671.580      675.580      676.580
   135:      676.580      681.570      681.580      683.460      685.070
   140:      685.070      685.070      685.080      685.080      685.080
   145:      685.080      685.080      685.080      689.080      690.080
   150:      690.080      695.070      695.080      708.350      708.350
   155:      708.350      708.360      708.360      708.360      708.360
   160:      708.360      708.360      712.360      713.360      713.360
   165:      713.720      713.720      718.350      718.360      727.720
   170:      727.720      727.720      727.730      727.730      727.730
   175:      727.730      727.730      727.730      731.730      732.730
   180:      732.730      736.250      736.250      737.720      737.730
   185:      739.130      739.130      739.130      739.140      739.140
   190:      739.140      739.140      739.140      739.140      742.290
   195:      742.290      743.140      744.140      744.140      749.130
   200:      749.140      771.400      771.400      771.400      771.410
   205:      771.410      771.410      771.410      771.410      771.410
   210:      775.410      776.410      776.410      776.640      776.640
   215:      781.400      781.410      785.560      791.620      791.900
   220:      794.970      795.370      801.290      801.290      801.290
   225:      801.300      801.300      801.300      801.300      801.300
   230:      801.300      805.300      806.300      806.300      806.780
   235:      806.850      811.290      811.300      825.530      825.530
   240:      825.530      825.540      825.540      825.540      825.540
   245:      825.540      825.540      829.540      830.540      830.540
   250:      835.530      835.540      838.550      838.550      838.550
   255:      838.560      838.560      838.560      838.560      838.560
   260:      838.560      839.560      839.560      842.560      843.560
   265:      843.560      848.550      848.560      849.730      881.680
   270:      881.680      881.680      881.690      881.690      881.690
   275:      881.690      881.690      881.690      885.690      886.690
   280:      886.690      891.680      891.690      900.780      900.780
   285:      900.780      900.790      900.790      900.790      900.790
   290:      900.790      900.790      904.790      905.790      905.790
   295:      910.780      910.790      925.330      927.620      931.350
   300:      941.860      942.060      943.590      944.310      945.260
   305:      946.440      947.160      950.050      950.210      951.020
   310:      952.640      952.880      953.210      955.720      957.170
   315:     1071.370     1072.620     1077.020     1078.580     1084.560
   320:     1085.080     1093.890     1114.560     1155.900     1648.270
   325:     1733.580     1734.850     1735.510     1739.470     1744.000
   330:     1744.260     1747.280     1747.430     1762.560     1767.510
   335:     1767.510     1767.510     1767.520     1767.520     1767.520
   340:     1767.520     1767.520     1767.520     1771.520     1772.520
   345:     1772.520     1777.510     1777.520     1785.300     1785.300
   350:     1785.300     1785.310     1785.310     1785.310     1785.310
   355:     1785.310     1785.310     1789.310     1790.310     1790.310
   360:     1793.040     1793.040     1795.300     1795.310     1800.080
   365:     1800.080     1800.080     1800.090     1800.090     1800.090
   370:     1800.090     1800.090     1800.090     1804.090     1805.090
   375:     1805.090     1810.080     1810.090     1964.470     1970.840
   380:     1970.900     1971.270     1990.800     1990.800     1990.800
   385:     1990.810     1990.810     1990.810     1990.810     1990.810
   390:     1990.810     1994.810     1995.810     1995.810     2000.800
   395:     2000.810     2076.450     2076.450     2076.450     2076.460
   400:     2076.460     2076.460     2076.460     2076.460     2076.460
   405:     2080.460     2081.460     2081.460     2086.450     2086.460
   410:     2109.770     2111.480     2112.640     2112.680     2150.030
   415:     2191.740     2218.600     2218.940     2236.160     2240.800
   420:     2260.720     2427.600     2477.930     2477.930     2477.930
   425:     2477.940     2477.940     2477.940     2477.940     2477.940
   430:     2477.940     2481.940     2482.940     2482.940     2487.930
   435:     2487.940     2488.170     2488.170     2488.170     2488.180
   440:     2488.180     2488.180     2488.180     2488.180     2488.180
   445:     2489.720     2489.870     2489.960     2490.650     2490.810
   450:     2492.180     2493.180     2493.180     2498.170     2498.170
   455:     2498.170     2498.180     2537.770     2541.580     2544.950
   460:     2545.900     2556.580     2556.580     2556.580     2556.590
   465:     2556.590     2556.590     2556.590     2556.590     2556.590
   470:     2560.590     2561.590     2561.590     2566.580     2566.590
   475:     2610.180     2668.000     2668.000     2668.000     2668.010
   480:     2668.010     2668.010     2668.010     2668.010     2668.010
   485:     2672.010     2673.010     2673.010     2678.000     2678.010
   490:     2678.680     2678.680     2678.680     2678.690     2678.690
   495:     2678.690     2678.690     2678.690     2678.690     2682.690
   500:     2683.690     2683.690     2683.750     2683.750     2688.680
   505:     2688.690     2690.180     2690.180     2690.180     2690.190
   510:     2690.190     2690.190     2690.190     2690.190     2690.190
   515:     2694.190     2695.190     2695.190     2700.180     2700.190
   520:     2706.820     2706.820     2706.820     2706.830     2706.830
   525:     2706.830     2706.830     2706.830     2706.830     2710.830
   530:     2711.830     2711.830     2716.820     2716.830     2742.710
   535:     2743.760     2744.410     2769.890     2770.250     2816.240
   540:     3837.980     3838.020     3839.500     3846.330     3847.310
   545:     3848.890     3875.450     3915.430     3962.610     4041.980
   550:     4072.360     4082.080     4082.080     4082.080     4082.090
   555:     4082.090     4082.090     4082.090     4082.090     4082.090
   560:     4086.090     4087.090     4087.090     4092.080     4092.090
   565:     4094.880     4094.880     4094.880     4094.890     4094.890
   570:     4094.890     4094.890     4094.890     4094.890     4097.690
   575:     4097.690     4098.890     4099.890     4099.890     4104.880
   580:     4104.890     4119.130     4119.130     4119.130     4119.140
   585:     4119.140     4119.140     4119.140     4119.140     4119.140
   590:     4123.140     4124.140     4124.140     4129.130     4129.140
   595:     4142.800     4142.800     4142.800     4142.810     4142.810
   600:     4142.810     4142.810     4142.810     4142.810     4146.810
   605:     4147.810     4147.810     4152.800     4152.810     4157.860
   610:     4272.440     4318.100     4324.400     4324.810     4324.950
   615:     4328.260     4328.260     4328.260     4328.270     4328.270
   620:     4328.270     4328.270     4328.270     4328.270     4332.270
   625:     4333.270     4333.270     4333.660     4333.660     4335.230
   630:     4335.230     4338.260     4338.270     4384.130     4384.130
   635:     4384.130     4384.140     4384.140     4384.140     4384.140
   640:     4384.140     4384.140     4388.140     4389.140     4389.140
   645:     4394.130     4394.140     4398.560     4398.560     4398.560
   650:     4398.570     4398.570     4398.570     4398.570     4398.570
   655:     4398.570     4402.570     4403.570     4403.570     4407.650
   660:     4407.650     4408.560     4408.570     4442.520     4476.900
   665:     4477.730     4479.460     4482.810     4484.160     4484.500
   670:     4485.360     4486.640     4530.350     4531.460     4532.420
   675:     4554.210     4559.670     4559.670     4559.670     4559.680
   680:     4559.680     4559.680     4559.680     4559.680     4559.680
   685:     4563.680     4564.680     4564.680     4565.690     4569.670
   690:     4569.680     4570.650     4570.650     4570.650     4570.660
   695:     4570.660     4570.660     4570.660     4570.660     4570.660
   700:     4574.660     4575.660     4575.660     4580.650     4580.660
   705:     4600.300     4605.790     4605.860     4606.310     4606.770
   710:     4650.530     4650.530     4650.530     4650.540     4650.540
   715:     4650.540     4650.540     4650.540     4650.540     4654.540
   720:     4655.540     4655.540     4660.530     4660.540     4662.730
   725:     4662.730     4662.730     4662.740     4662.740     4662.740
   730:     4662.740     4662.740     4662.740     4666.740     4667.740
   735:     4667.740     4672.730     4672.740     4676.790     4676.790
   740:     4676.790     4676.800     4676.800     4676.800     4676.800
   745:     4676.800     4676.800     4680.800     4681.800     4681.800
   750:     4686.790     4686.800     4689.510     4689.990     4690.010
   755:     4695.890     4908.490     5387.740     5387.780     5395.790
   760:     5395.790     5395.790     5395.800     5395.800     5395.800
   765:     5395.800     5395.800     5395.800     5399.800     5400.800
   770:     5400.800     5405.790     5405.800     5481.090     5481.090
   775:     5481.090     5481.100     5481.100     5481.100     5481.100
   780:     5481.100     5481.100     5481.360     5481.360     5485.100
   785:     5486.100     5486.100     5491.090     5491.100     5499.430
   790:     5505.380     5505.380     5505.380     5505.390     5505.390
   795:     5505.390     5505.390     5505.390     5505.390     5509.390
   800:     5510.390     5510.390     5515.380     5515.390     5541.620
   805:     5556.830     5556.830     5556.830     5556.840     5556.840
   810:     5556.840     5556.840     5556.840     5556.840     5560.840
   815:     5561.840     5561.840     5566.830     5566.840     5589.420
   820:     5658.720     5658.720     5658.720     5658.730     5658.730
   825:     5658.730     5658.730     5658.730     5658.730     5662.730
   830:     5663.730     5663.730     5668.720     5668.730     5673.440
   835:     5673.440     5673.440     5673.450     5673.450     5673.450
   840:     5673.450     5673.450     5673.450     5675.410     5675.410
   845:     5677.450     5678.450     5678.450     5683.440     5683.450
   850:     5706.500     5738.310     5738.350     5739.160     5739.260
   855:     5739.430     5739.570     5739.850     5740.070     5899.750
   860:     5903.300     5903.730     5914.520     6031.960     6140.570
   865:     6140.570     6140.570     6140.580     6140.580     6140.580
   870:     6140.580     6140.580     6140.580     6144.580     6145.580
   875:     6145.580     6150.570     6150.580     6227.000     6228.300
   880:     6228.980     6230.260     6230.930     6237.200     6351.370
   885:     6352.270     6353.860     6354.320     6413.480     6413.650
   890:     6414.660     6415.040     6416.110     6416.320     6416.430
   895:     6416.920     6417.040     6417.860     6417.970     6421.220
   900:     6440.190     6440.310     6442.270     6443.000     6444.680
   905:     6444.750     6446.030     6446.080     6449.120     6930.590
   910:     6930.590     6930.590     6930.600     6930.600     6930.600
   915:     6930.600     6930.600     6930.600     6934.600     6935.600
   920:     6935.600     6940.590     6940.600     6944.140     6944.140
   925:     6944.140     6944.150     6944.150     6944.150     6944.150
   930:     6944.150     6944.150     6948.150     6949.150     6949.150
   935:     6954.140     6954.150     6959.550     7082.390     7097.220
   940:     7099.950     7139.580     7139.780     7141.730     7152.260
   945:     7258.720     7282.060     7282.060     7282.060     7282.070
   950:     7282.070     7282.070     7282.070     7282.070     7282.070
   955:     7286.070     7287.070     7287.070     7292.060     7292.070
   960:     7336.040     7336.150     7336.480     7351.580     7352.310
   965:     7399.980     7403.240     7403.240     7403.240     7403.250
   970:     7403.250     7403.250     7403.250     7403.250     7403.250
   975:     7407.250     7408.250     7408.250     7412.830     7412.830
   980:     7413.240     7413.250     7468.550     7469.030     7469.050
   985:     7469.220     7469.380     7472.070     7526.690     7527.850
   990:     7527.920     7551.500     7598.240     7598.240     7598.240
   995:     7598.250     7598.250     7598.250     7598.250     7598.250
  1000:     7598.250     7598.350     7598.350     7602.250     7603.250
  1005:     7603.250     7608.240     7608.250     7610.860     7614.080
  1010:     7614.080     7614.080     7614.090     7614.090     7614.090
  1015:     7614.090     7614.090     7614.090     7618.090     7619.090
  1020:     7619.090     7624.080     7624.090     7651.790     7740.650
  1025:     7740.960     7744.790     7744.790     7744.790     7744.800
  1030:     7744.800     7744.800     7744.800     7744.800     7744.800
  1035:     7744.890     7744.890     7745.150     7745.150     7745.350
  1040:     7745.350     7748.800     7749.800     7749.800     7754.790
  1045:     7754.800     7770.250     7770.660     7771.030     7772.700
  1050:     7773.420     7774.350     7780.320     7785.170     7786.830
  1055:     7843.190     7843.770     7882.470     7890.440     7903.780
  1060:     7905.160     7908.970     7909.260     7910.140     7910.200
  1065:     7911.810     7961.980     7961.980     7961.980     7961.990
  1070:     7961.990     7961.990     7961.990     7961.990     7961.990
  1075:     7965.990     7966.990     7966.990     7971.980     7971.990
  1080:     7994.910     8013.740     8022.820     8066.110     8110.610
  1085:     8111.540     8111.920     8114.950     8122.570     8122.650
  1090:     8206.200     8209.660     8211.860     8212.670     8217.410
  1095:     8218.640     8218.690     8219.210     8219.360     8221.440
  1100:     8226.720     8227.840     8238.070     8239.590     8239.750
  1105:     8242.590     8243.220     8246.540     8353.430     8951.490
  1110:     8951.490     8951.490     8951.500     8951.500     8951.500
  1115:     8951.500     8951.500     8951.500     8955.500     8956.500
  1120:     8956.500     8961.490     8961.500     9286.920     9288.140
  1125:     9289.580     9331.420     9598.120     9630.990     9632.970
  1130:     9632.970     9632.970     9632.980     9632.980     9632.980
  1135:     9632.980     9632.980     9632.980     9636.980     9637.980
  1140:     9637.980     9642.970     9642.980     9695.510     9695.510
  1145:     9695.510     9695.520     9695.520     9695.520     9695.520
  1150:     9695.520     9695.520     9699.520     9700.520     9700.520
  1155:     9705.510     9705.520     9764.310     9771.540     9771.610
  1160:     9772.120     9772.680     9773.720     9895.610    10181.430
  1165:    10220.350    10223.220    10224.400    10227.820    10231.520
  1170:    10249.260    10249.260    10249.260    10249.270    10249.270
  1175:    10249.270    10249.270    10249.270    10249.270    10253.270
  1180:    10254.270    10254.270    10259.260    10259.270    10261.690
  1185:    10261.690    10261.690    10261.700    10261.700    10261.700
  1190:    10261.700    10261.700    10261.700    10265.700    10266.700
  1195:    10266.700    10271.690    10271.700    10287.630    10287.950
  1200:    10457.670    10459.600    10461.160    10468.680    10468.910
  1205:    10487.980    10489.880    10492.380    10494.490    10497.060
  1210:    10800.000
