File: C:\MED-PC IV\DATA\!2025-03-20_13h18m.Subject 65



Start Date: 03/20/25
End Date: 03/20/25
Subject: 65
Experiment: OralFentSA
Group: One
Box: 1
Start Time: 13:18:55
End Time: 16:19:29
MSN: Golden_Liq_SelfAdmin_EXT
F:       0.000
G:     710.000
H:   10800.010
I:       0.000
J:       0.000
K:       0.000
L:       0.000
M:       0.000
N:       0.000
O:       0.000
P:       0.000
Q:       0.000
R:       0.000
S:       0.000
U:       0.000
V:       0.000
W:       0.000
X:       0.000
Y:       0.000
Z:       0.000
A:
     0:        0.000        0.000      180.000        4.000        0.000
     5:        5.000        0.000        5.000        0.000        0.000
    10:        1.000        0.000       10.000 100000000.00       24.000
    15:       29.000      640.000        0.000        0.000        0.000
    20:        0.000
B:
     0:        0.000        0.000        0.000        0.000        0.000
     5:        0.000        0.000        0.000        0.000        0.000
    10:        0.000        0.000     1000.000 10000000000.        0.000
    15:        0.000        0.000        0.000        0.000        0.000
    20:        0.000
C:
     0:        0.000       33.000        0.000       39.000      367.000
     5:    10335.310      167.920       23.000     2421.940      105.302
    10:       39.000      133.000        0.000        0.000        0.000
    15:        0.000        0.000        0.000        0.000        0.000
    20:        0.000
D:
     0:      140.370       98.970      169.500        4.490      700.110
     5:        1.360        3.750       27.780        2.540        1.140
    10:       99.460      354.670       40.730       44.900       10.100
    15:        1.470      171.180      197.340       29.380      122.110
    20:        7.340       25.330      167.920
E:
     0:       19.000       11.000       26.000       27.000       23.000
     5:        6.000        6.000        6.000        6.000        6.000
    10:        2.000        4.000       22.000       24.000       19.000
    15:       11.000       23.000       23.000       23.000       23.000
    20:        6.000        6.000        6.000        6.000        6.000
    25:        6.000        6.000        6.000        6.000        6.000
    30:       23.000        2.000        4.000       22.000       24.000
    35:       21.000       22.000       19.000       11.000        2.000
    40:        4.000       22.000       24.000       19.000       11.000
    45:       23.000        6.000        6.000        6.000        6.000
    50:        6.000        6.000        6.000        6.000        6.000
    55:        6.000        6.000        6.000        6.000       23.000
    60:        2.000        4.000       22.000       24.000       19.000
    65:       11.000       23.000       23.000       23.000        6.000
    70:        6.000        6.000        6.000        6.000        6.000
    75:        6.000        6.000        6.000        6.000        6.000
    80:        6.000        6.000        6.000        6.000        6.000
    85:        6.000        6.000        6.000        6.000        6.000
    90:        6.000        6.000        6.000        6.000        6.000
    95:        6.000        6.000        6.000        6.000        6.000
   100:        6.000       23.000       23.000        2.000        4.000
   105:       22.000       24.000        6.000        6.000        6.000
   110:        6.000        6.000        6.000       19.000       11.000
   115:        6.000        2.000        4.000       22.000       24.000
   120:       19.000       11.000       23.000        6.000        6.000
   125:       23.000        6.000       23.000       23.000       23.000
   130:       23.000       23.000        6.000        6.000        6.000
   135:        6.000        6.000        6.000        6.000        2.000
   140:        4.000       22.000       24.000       19.000       11.000
   145:        2.000        4.000       22.000       24.000       19.000
   150:       11.000        2.000        4.000       22.000       24.000
   155:       21.000       22.000       19.000       11.000        2.000
   160:        4.000       22.000       24.000        6.000        6.000
   165:        6.000        6.000        6.000        6.000        6.000
   170:        6.000        6.000        6.000        6.000       19.000
   175:       11.000       23.000        2.000        4.000       22.000
   180:       24.000        6.000        6.000        6.000        6.000
   185:        6.000        6.000        6.000        6.000        6.000
   190:       19.000       11.000        6.000        6.000        6.000
   195:       23.000       23.000       23.000       23.000       23.000
   200:       23.000       23.000       23.000       23.000       23.000
   205:       23.000       23.000       23.000       23.000       23.000
   210:       23.000       23.000       23.000        6.000        6.000
   215:        6.000        6.000       23.000        6.000        6.000
   220:        6.000        6.000        2.000        4.000       22.000
   225:       24.000       21.000       22.000       19.000       11.000
   230:       23.000       23.000        6.000        6.000        6.000
   235:        6.000        6.000        6.000        6.000        6.000
   240:        6.000        6.000        6.000        6.000       23.000
   245:       23.000       23.000        2.000        4.000       22.000
   250:       24.000        6.000        6.000       19.000       11.000
   255:        2.000        4.000       22.000       24.000       19.000
   260:       11.000        2.000        4.000       22.000       24.000
   265:        6.000        6.000        6.000        6.000        6.000
   270:        6.000        6.000        6.000        6.000        6.000
   275:        6.000        6.000        6.000        6.000        6.000
   280:        6.000        6.000        6.000        6.000       19.000
   285:       11.000        6.000        6.000        6.000        6.000
   290:        6.000        6.000        6.000        6.000        6.000
   295:        6.000       23.000        6.000        6.000        6.000
   300:        6.000        6.000        6.000        2.000        4.000
   305:       22.000       24.000       19.000       11.000        6.000
   310:        2.000        4.000       22.000       24.000       21.000
   315:       22.000       21.000       22.000       19.000       11.000
   320:        6.000        6.000        6.000        6.000        6.000
   325:        6.000        6.000        6.000        6.000        6.000
   330:        6.000        6.000        6.000        6.000        6.000
   335:        6.000        6.000        6.000        6.000        6.000
   340:        6.000        6.000        6.000        6.000        6.000
   345:        6.000        6.000        6.000        6.000        6.000
   350:        6.000        6.000        6.000        6.000        6.000
   355:        6.000        6.000        6.000        6.000        6.000
   360:        6.000        6.000        6.000        6.000        6.000
   365:        6.000        6.000        6.000        6.000        6.000
   370:        6.000        6.000        6.000        6.000        6.000
   375:        6.000        6.000        6.000        6.000        6.000
   380:       23.000        2.000        4.000       22.000       24.000
   385:       19.000       11.000        6.000        6.000        6.000
   390:        6.000        6.000        6.000        6.000        6.000
   395:        6.000        6.000        6.000        6.000        6.000
   400:        6.000        6.000        6.000        6.000        2.000
   405:        4.000       22.000       24.000       19.000       11.000
   410:        6.000        6.000        6.000        6.000        2.000
   415:        4.000       22.000       24.000       19.000       11.000
   420:        6.000        6.000        6.000        6.000        6.000
   425:        6.000        2.000        4.000       22.000       24.000
   430:        6.000        6.000        6.000        6.000       19.000
   435:       11.000        6.000        6.000        6.000       23.000
   440:       23.000       23.000        6.000        6.000        6.000
   445:        6.000        6.000       23.000        6.000        6.000
   450:        6.000        6.000        6.000        6.000        6.000
   455:        6.000        2.000        4.000       22.000       24.000
   460:       19.000       11.000        6.000        6.000        6.000
   465:        6.000        2.000        4.000       22.000       24.000
   470:       19.000       11.000       23.000        6.000        6.000
   475:        6.000        6.000        6.000        2.000        4.000
   480:       22.000       24.000       19.000       11.000        2.000
   485:        4.000       22.000       24.000       21.000       22.000
   490:       19.000       11.000        2.000        4.000       22.000
   495:       24.000       19.000       11.000        6.000        6.000
   500:        6.000        6.000        6.000        2.000        4.000
   505:       22.000       24.000       21.000       22.000       19.000
   510:       11.000        2.000        4.000       22.000       24.000
   515:       19.000       11.000       23.000       23.000        6.000
   520:        6.000        6.000        6.000        6.000        6.000
   525:        6.000        6.000        6.000        6.000        6.000
   530:        6.000        6.000        6.000        6.000        6.000
   535:        6.000        6.000        6.000        2.000        4.000
   540:       22.000       24.000        6.000        6.000        6.000
   545:        6.000        6.000       19.000       11.000        6.000
   550:        6.000        6.000        6.000        6.000        6.000
   555:        6.000        6.000        6.000        6.000        6.000
   560:        6.000        6.000        6.000        6.000        6.000
   565:        6.000        6.000        6.000        6.000        6.000
   570:        6.000        2.000        4.000       22.000       24.000
   575:       19.000       11.000       23.000       23.000        6.000
   580:        6.000        6.000        6.000        6.000        6.000
   585:        6.000        6.000        6.000       23.000       23.000
   590:       23.000       23.000       23.000       23.000       23.000
   595:       23.000       23.000       23.000       23.000       23.000
   600:       23.000       23.000       23.000       23.000       23.000
   605:       23.000       23.000       23.000       23.000       23.000
   610:       23.000       23.000       23.000       23.000       23.000
   615:       23.000       23.000       23.000       23.000       23.000
   620:       23.000       23.000       23.000       23.000       23.000
   625:       23.000       23.000       23.000       23.000       23.000
   630:       23.000       23.000       23.000       23.000       23.000
   635:       23.000       23.000       23.000       23.000       23.000
   640:       23.000       23.000       23.000       23.000       23.000
   645:       23.000       23.000       23.000       23.000       23.000
   650:       23.000       23.000       23.000       23.000       23.000
   655:       23.000       23.000       23.000       23.000       23.000
   660:       23.000        6.000        6.000        6.000        6.000
   665:        6.000        6.000        6.000        6.000        6.000
   670:        6.000        6.000        6.000        6.000        6.000
   675:        6.000        6.000        6.000        6.000        6.000
   680:        6.000        6.000        6.000        6.000        6.000
   685:       23.000        6.000        6.000        6.000        6.000
   690:        6.000        2.000        4.000       22.000       24.000
   695:       19.000       11.000        6.000        6.000        6.000
   700:        6.000        2.000        4.000       22.000       24.000
   705:       19.000       11.000       23.000       23.000       23.000
   710:      100.000
T:
     0:        0.000        0.000        0.000        0.000        7.470
     5:       11.660       11.990       12.030       12.160       12.930
    10:       72.870       72.870       72.870       72.880       82.870
    15:       82.880       97.150      100.480      109.120      138.440
    20:      213.250      215.300      216.260      220.080      224.360
    25:      224.760      225.000      225.080      226.280      226.640
    30:      401.330      415.550      415.550      415.550      415.560
    35:      417.530      417.530      425.550      425.560      577.180
    40:      577.180      577.180      577.190      587.180      587.190
    45:      650.100      676.160      677.150      677.260      680.160
    50:      680.470      681.390      681.510      682.210      682.270
    55:      682.950      687.400      782.450      784.590     1036.330
    60:     1047.470     1047.470     1047.470     1047.480     1057.470
    65:     1057.480     1067.820     1211.530     1212.330     1216.980
    70:     1217.110     1217.550     1218.070     1223.180     1223.220
    75:     1223.300     1226.810     1231.280     1231.390     1235.390
    80:     1236.610     1236.680     1236.890     1237.250     1238.510
    85:     1238.690     1239.220     1240.200     1240.930     1241.040
    90:     1241.140     1241.180     1241.270     1242.430     1251.370
    95:     1251.460     1251.740     1293.960     1304.460     1309.500
   100:     1309.600     1539.100     1964.140     1978.840     1978.840
   105:     1978.840     1978.850     1983.340     1983.820     1984.360
   110:     1985.110     1986.450     1986.470     1988.840     1988.850
   115:     1988.930     2074.720     2074.720     2074.720     2074.730
   120:     2084.720     2084.730     2199.280     2774.840     2775.990
   125:     2837.350     2977.100     2992.450     2992.620     2994.200
   130:     3003.600     3088.520     3116.000     3116.020     3116.040
   135:     3116.120     3116.140     3116.900     3117.520     3167.720
   140:     3167.720     3167.720     3167.730     3177.720     3177.730
   145:     3185.430     3185.430     3185.430     3185.440     3195.430
   150:     3195.440     3304.350     3304.350     3304.350     3304.360
   155:     3305.820     3305.820     3314.350     3314.360     3359.920
   160:     3359.920     3359.920     3359.930     3361.290     3361.350
   165:     3361.380     3363.100     3363.130     3363.290     3363.690
   170:     3363.750     3363.800     3363.970     3364.010     3369.920
   175:     3369.930     3392.660     3495.750     3495.750     3495.750
   180:     3495.760     3499.510     3499.530     3499.650     3499.680
   185:     3500.250     3500.620     3500.720     3500.830     3500.940
   190:     3505.750     3505.760     3539.320     3539.450     3540.610
   195:     3744.870     3751.350     3752.950     3753.410     3753.870
   200:     3755.240     3755.700     3756.070     3756.400     3759.210
   205:     3759.330     3759.640     3761.970     3762.220     3764.240
   210:     3764.970     3765.060     3765.710     3775.140     3775.160
   215:     3776.830     3777.700     3855.990     3860.710     3860.800
   220:     3860.830     3863.430     3922.410     3922.410     3922.410
   225:     3922.420     3923.790     3923.790     3932.410     3932.420
   230:     3940.830     3941.310     3950.200     3951.120     3951.150
   235:     3951.190     3951.240     3951.300     3951.330     3951.400
   240:     3951.430     3951.480     3951.500     3951.900     3957.300
   245:     3959.750     3960.280     4052.980     4052.980     4052.980
   250:     4052.990     4055.530     4056.980     4062.980     4062.990
   255:     4105.840     4105.840     4105.840     4105.850     4115.840
   260:     4115.850     4127.040     4127.040     4127.040     4127.050
   265:     4128.190     4130.020     4132.650     4132.930     4133.110
   270:     4133.230     4133.460     4133.540     4133.740     4133.810
   275:     4133.830     4133.910     4133.940     4134.000     4134.040
   280:     4134.330     4135.170     4135.410     4135.650     4137.040
   285:     4137.050     4137.070     4137.100     4137.480     4137.520
   290:     4138.190     4160.790     4162.810     4163.890     4164.180
   295:     4166.930     4218.980     4311.690     4311.730     4311.830
   300:     4311.950     4409.980     4410.410     4412.380     4412.380
   305:     4412.380     4412.390     4422.380     4422.390     4511.850
   310:     4656.960     4656.960     4656.960     4656.970     4658.720
   315:     4658.720     4663.170     4663.170     4666.960     4666.970
   320:     5011.640     5011.740     5015.310     5015.400     5015.490
   325:     5027.920     5028.160     5028.170     5028.420     5028.470
   330:     5028.490     5029.190     5029.790     5029.830     5029.910
   335:     5030.020     5030.110     5030.210     5030.310     5030.420
   340:     5030.620     5058.840     5058.860     5059.090     5059.300
   345:     5059.320     5059.410     5059.560     5059.600     5060.160
   350:     5060.230     5060.330     5060.420     5060.620     5060.650
   355:     5060.870     5060.930     5060.960     5061.190     5061.260
   360:     5061.400     5061.460     5061.490     5061.550     5061.750
   365:     5061.780     5062.050     5062.090     5062.150     5062.260
   370:     5062.380     5062.470     5062.520     5062.590     5062.620
   375:     5062.860     5062.890     5063.220     5063.350     5063.560
   380:     5165.990     5279.540     5279.540     5279.540     5279.550
   385:     5289.540     5289.550     5320.280     5320.290     5320.440
   390:     5320.550     5320.610     5321.280     5322.010     5322.060
   395:     5322.190     5322.250     5322.330     5322.900     5322.990
   400:     5323.140     5323.200     5323.250     5323.670     5325.520
   405:     5325.520     5325.520     5325.530     5335.520     5335.530
   410:     5370.430     5654.250     5654.280     5657.200     5679.830
   415:     5679.830     5679.830     5679.840     5689.830     5689.840
   420:     5689.940     5693.290     5694.640     5694.830     5694.870
   425:     5695.090     5698.650     5698.650     5698.650     5698.660
   430:     5700.130     5700.330     5705.010     5705.120     5708.650
   435:     5708.660     6032.310     6032.390     6033.420     6055.100
   440:     6056.480     6069.560     6125.760     6126.790     6160.620
   445:     6160.780     6161.310     6318.980     6360.760     6360.790
   450:     6360.840     6361.160     6361.200     6361.910     6361.940
   455:     6363.140     6382.370     6382.370     6382.370     6382.380
   460:     6392.370     6392.380     6553.560     6553.980     6554.010
   465:     6554.560     6562.510     6562.510     6562.510     6562.520
   470:     6572.510     6572.520     6754.100     6759.860     6759.920
   475:     6759.950     6759.990     6760.910     6830.230     6830.230
   480:     6830.230     6830.240     6840.230     6840.240     6843.760
   485:     6843.760     6843.760     6843.770     6847.830     6847.830
   490:     6853.760     6853.770     6857.790     6857.790     6857.790
   495:     6857.800     6867.790     6867.800     6887.180     6887.780
   500:     6888.490     7044.400     7044.690     7105.170     7105.170
   505:     7105.170     7105.180     7105.880     7105.880     7115.170
   510:     7115.180     7123.420     7123.420     7123.420     7123.430
   515:     7133.420     7133.430     7239.270     7241.340     7245.540
   520:     7245.560     7245.790     7245.800     7246.840     7573.950
   525:     7574.320     7574.340     7574.700     7575.440     7575.580
   530:     7981.820     7981.840     7982.150     7983.260     8016.770
   535:     8017.170     8017.280     8017.330     8427.350     8427.350
   540:     8427.350     8427.360     8434.700     8434.830     8435.530
   545:     8435.810     8436.320     8437.350     8437.360     8437.650
   550:     8438.020     8446.320     8446.520     8447.810     8448.220
   555:     8451.530     8451.740     8451.760     8451.800     8452.190
   560:     8453.480     8453.660     8453.720     8453.800     8454.060
   565:     8744.480     8744.500     8744.810     8744.820     8744.990
   570:     8745.080     8766.540     8766.540     8766.540     8766.550
   575:     8776.540     8776.550     8779.100     8785.520     8791.880
   580:     8793.890     8793.920     9001.120     9001.130     9001.220
   585:     9001.620     9001.810     9002.020     9098.330     9098.400
   590:     9099.500     9099.590     9099.870     9101.190     9101.510
   595:     9102.690     9102.750     9103.660     9104.200     9104.320
   600:     9105.880     9106.510     9110.650     9117.150     9118.140
   605:     9121.470     9130.300     9131.540     9134.050     9138.180
   610:     9138.520     9140.570     9144.290     9144.340     9144.500
   615:     9144.670     9169.330     9169.390     9170.350     9170.550
   620:     9173.760     9174.220     9174.540     9174.740     9176.590
   625:     9177.110     9177.280     9177.570     9180.180     9181.060
   630:     9181.650     9182.990     9183.060     9183.450     9184.630
   635:     9187.970     9192.660     9193.000     9193.430     9193.630
   640:     9194.080     9194.500     9196.460     9198.850     9199.720
   645:     9200.160     9202.080     9202.430     9205.060     9205.870
   650:     9208.950     9209.080     9209.920     9210.010     9212.310
   655:     9213.680     9215.040     9216.410     9216.680     9216.730
   660:     9253.140     9270.880     9271.000     9271.030     9271.640
   665:     9271.730     9272.270     9272.340     9272.440     9272.550
   670:     9272.570     9272.730     9272.840     9272.910     9272.960
   675:     9273.050     9273.160     9273.280     9273.550     9273.590
   680:     9273.750     9273.850     9273.880     9273.990     9274.250
   685:     9671.900     9690.300     9690.360     9691.220     9692.470
   690:     9692.670    10022.910    10022.910    10022.910    10022.920
   695:    10032.910    10032.920    10190.840    10192.450    10192.640
   700:    10193.340    10335.300    10335.300    10335.300    10335.310
   705:    10345.300    10345.310    10616.130    10686.470    10687.050
   710:    10800.010
