File: C:\MED-PC\Data\2025-03-31_12h55m_Subject 90.txt


Start Date: 03/31/25
End Date: 03/31/25
Subject: 90
Experiment: OralFentSA
Group: One
Box: 7
Start Time: 12:55:04
End Time: 15:55:30
MSN: Golden_Liq_SelfAdmin_EXT
F:       0.000
G:     831.000
H:   10800.000
I:       0.000
J:       0.000
K:       0.000
L:       0.000
M:       0.000
N:       0.000
O:       0.000
P:       0.000
Q:       0.000
R:       0.000
S:       0.000
U:       0.000
V:       0.000
W:       0.000
X:       0.000
Y:       0.000
Z:       0.000
A:
     0:        0.000        0.000      180.000        4.000        0.000
     5:        5.000        0.000        5.000        0.000        0.000
    10:        1.000        0.000       10.000   100000.000       22.000
    15:       21.000      600.000        0.000        0.000        0.000
    20:        0.000
B:
     0:        0.000        0.000        0.000        0.000        0.000
     5:        0.000        0.000        0.000        0.000        0.000
    10:        0.000        0.000     1000.000 10000000.000        0.000
    15:        0.000        0.000        0.000        0.000        0.000
    20:        0.000
C:
     0:        0.000       41.000       30.000       50.000      497.000
     5:    10749.070       21.380       35.000     1781.470       50.899
    10:       50.000       30.000        0.000        0.000        0.000
    15:        0.000        0.000        0.000        0.000        0.000
    20:        0.000
D:
     0:        3.940        4.130       42.730       12.640       28.220
     5:      272.450        2.790        4.110        1.230       91.230
    10:        1.160        1.300        8.450       57.940        1.740
    15:       49.300      165.680        0.950      239.800      183.350
    20:        8.100       61.110        1.270        6.320        6.540
    25:       20.250        1.690       38.700        2.390       54.750
    30:      132.810       28.140      219.950        4.930       21.380
E:
     0:       19.000       11.000       26.000       27.000        6.000
     5:        6.000        6.000        6.000        6.000        6.000
    10:        6.000        6.000        6.000        6.000        6.000
    15:        6.000        6.000        6.000        6.000        6.000
    20:        6.000        6.000        6.000        6.000        1.000
    25:        6.000        6.000        2.000        4.000       22.000
    30:       24.000       12.000        6.000        6.000        6.000
    35:       19.000       11.000        6.000        6.000        6.000
    40:        6.000        6.000        6.000        6.000        6.000
    45:        6.000        6.000        6.000        6.000        6.000
    50:        6.000        6.000        6.000        6.000        6.000
    55:        6.000        2.000        4.000       22.000       24.000
    60:       12.000       21.000       22.000        6.000        6.000
    65:       21.000       22.000       19.000       11.000        6.000
    70:        6.000        6.000        6.000        6.000        6.000
    75:        6.000        6.000        6.000        6.000        6.000
    80:        6.000        6.000        6.000        6.000        6.000
    85:        1.000        6.000        6.000        6.000        6.000
    90:        2.000        4.000       22.000       24.000       12.000
    95:       19.000       11.000        6.000        6.000        6.000
   100:        6.000        6.000        6.000        6.000        6.000
   105:        6.000        6.000        6.000        6.000        1.000
   110:        2.000        4.000       22.000       24.000       12.000
   115:       19.000       11.000        2.000        4.000       22.000
   120:       24.000       12.000       19.000       11.000        6.000
   125:        6.000        6.000        2.000        4.000       22.000
   130:       24.000       12.000       21.000       22.000       19.000
   135:       11.000        6.000        6.000        6.000        6.000
   140:        6.000        6.000        6.000        6.000        6.000
   145:        6.000        6.000        6.000        6.000        6.000
   150:        6.000        6.000        1.000        6.000        6.000
   155:        6.000        6.000        2.000        4.000       22.000
   160:       24.000       12.000       19.000       11.000        6.000
   165:        6.000        1.000        1.000        2.000        4.000
   170:       22.000       24.000       12.000       19.000       11.000
   175:        2.000        4.000       22.000       24.000       12.000
   180:        6.000        6.000        6.000        6.000        6.000
   185:       19.000       11.000        6.000        6.000        6.000
   190:        2.000        4.000       22.000       24.000       12.000
   195:        6.000        6.000       19.000       11.000        6.000
   200:        6.000        6.000        2.000        4.000       22.000
   205:       24.000       12.000        6.000        6.000        6.000
   210:        6.000        6.000        6.000        6.000        6.000
   215:        6.000        6.000       19.000       11.000        6.000
   220:        6.000        6.000        2.000        4.000       22.000
   225:       24.000       12.000       19.000       11.000        6.000
   230:        6.000        6.000        6.000        2.000        4.000
   235:       22.000       24.000       12.000        6.000        6.000
   240:        6.000        6.000        6.000        6.000        6.000
   245:        6.000        6.000        6.000       19.000       11.000
   250:        6.000        2.000        4.000       22.000       24.000
   255:       12.000        6.000        6.000        6.000        6.000
   260:        6.000        6.000        6.000       19.000       11.000
   265:        6.000        6.000        6.000        6.000        1.000
   270:        6.000        2.000        4.000       22.000       24.000
   275:       12.000        6.000        6.000       19.000       11.000
   280:        6.000        6.000        6.000        6.000        6.000
   285:        6.000        6.000        6.000        6.000        6.000
   290:        6.000        6.000        6.000        6.000        6.000
   295:        6.000        6.000        6.000        6.000        6.000
   300:        6.000        6.000        6.000        6.000        6.000
   305:        6.000        6.000        1.000        1.000        6.000
   310:        6.000        1.000        6.000        2.000        4.000
   315:       22.000       24.000       12.000       19.000       11.000
   320:        2.000        4.000       22.000       24.000       12.000
   325:       19.000       11.000        6.000        6.000        6.000
   330:        6.000        6.000        6.000        6.000        2.000
   335:        4.000       22.000       24.000       12.000        6.000
   340:        6.000        6.000       19.000       11.000        2.000
   345:        4.000       22.000       24.000       12.000       19.000
   350:       11.000        1.000        6.000        6.000        6.000
   355:        6.000        6.000        6.000        6.000        6.000
   360:        6.000        6.000        6.000        6.000        6.000
   365:        2.000        4.000       22.000       24.000       12.000
   370:       19.000       11.000        6.000        6.000        6.000
   375:        6.000        1.000        6.000        6.000        6.000
   380:        6.000        6.000        6.000        6.000        6.000
   385:        6.000        6.000        6.000        6.000        6.000
   390:        6.000        6.000        6.000        6.000        6.000
   395:        6.000        6.000        2.000        4.000       22.000
   400:       24.000       12.000        6.000        6.000       19.000
   405:       11.000        1.000        6.000        1.000        1.000
   410:        6.000        6.000        6.000        6.000        6.000
   415:        6.000        6.000        6.000        6.000        2.000
   420:        4.000       22.000       24.000       12.000       19.000
   425:       11.000        1.000        6.000        2.000        4.000
   430:       22.000       24.000       12.000       19.000       11.000
   435:        6.000        2.000        4.000       22.000       24.000
   440:       12.000       21.000       22.000       21.000       22.000
   445:        6.000       19.000       11.000        6.000        6.000
   450:        6.000        6.000        6.000        6.000        6.000
   455:        6.000        6.000        6.000        6.000        6.000
   460:        6.000        6.000        6.000        6.000        6.000
   465:        6.000        6.000        6.000        6.000        6.000
   470:        1.000        2.000        4.000       22.000       24.000
   475:       12.000       21.000       22.000       21.000       22.000
   480:       19.000       11.000        6.000        6.000        6.000
   485:        6.000        6.000        6.000        6.000        6.000
   490:        6.000        6.000        6.000        6.000        6.000
   495:        6.000        6.000        6.000        6.000        2.000
   500:        4.000       22.000       24.000       12.000        6.000
   505:        6.000       19.000       11.000        6.000        6.000
   510:        6.000        6.000        6.000        6.000        6.000
   515:        6.000        6.000        6.000        6.000        6.000
   520:        6.000        6.000        6.000        6.000        6.000
   525:        6.000        2.000        4.000       22.000       24.000
   530:       12.000        6.000       19.000       11.000        1.000
   535:        6.000        6.000        6.000        6.000        2.000
   540:        4.000       22.000       24.000       12.000        6.000
   545:        6.000        6.000        6.000        6.000        6.000
   550:       19.000       11.000        6.000        6.000        6.000
   555:        6.000        6.000        6.000        6.000        6.000
   560:        6.000        6.000        6.000        6.000        6.000
   565:        6.000        2.000        4.000       22.000       24.000
   570:       12.000       19.000       11.000        6.000        6.000
   575:        6.000        6.000        6.000        6.000        6.000
   580:        6.000        6.000        6.000        6.000        6.000
   585:        6.000        6.000        6.000        6.000        6.000
   590:        6.000        6.000        6.000        6.000        1.000
   595:        6.000        6.000        6.000        6.000        6.000
   600:        6.000        6.000        2.000        4.000       22.000
   605:       24.000       12.000        6.000        6.000        6.000
   610:       19.000       11.000        1.000        6.000        6.000
   615:        6.000        6.000        6.000        6.000        6.000
   620:        6.000        6.000        6.000        2.000        4.000
   625:       22.000       24.000       12.000       19.000       11.000
   630:        6.000        1.000        6.000        6.000        6.000
   635:        6.000        6.000        6.000        6.000        6.000
   640:        6.000        6.000        6.000        6.000        6.000
   645:        6.000        6.000        1.000        6.000        6.000
   650:        6.000        6.000        6.000        6.000        6.000
   655:        6.000        6.000        6.000        6.000        2.000
   660:        4.000       22.000       24.000       12.000       21.000
   665:       22.000        6.000       19.000       11.000        6.000
   670:        6.000        1.000        6.000        6.000        6.000
   675:        1.000        1.000        1.000        6.000        2.000
   680:        4.000       22.000       24.000       12.000       19.000
   685:       11.000        1.000        6.000        6.000        6.000
   690:        6.000        6.000        6.000        2.000        4.000
   695:       22.000       24.000       12.000       19.000       11.000
   700:        2.000        4.000       22.000       24.000       12.000
   705:       19.000       11.000        1.000        1.000        6.000
   710:        2.000        4.000       22.000       24.000       12.000
   715:       19.000       11.000        6.000        6.000        6.000
   720:        6.000        6.000        6.000        6.000        6.000
   725:        6.000        6.000        6.000        6.000        6.000
   730:        6.000        6.000        6.000        6.000        6.000
   735:        6.000        6.000        6.000        6.000        6.000
   740:        6.000        6.000        6.000        6.000        6.000
   745:        6.000        6.000        6.000        6.000        6.000
   750:        6.000        6.000        6.000        6.000        6.000
   755:        6.000        6.000        6.000        6.000        6.000
   760:        6.000        6.000        6.000        6.000        6.000
   765:        6.000        6.000        6.000        2.000        4.000
   770:       22.000       24.000       12.000       21.000       22.000
   775:       19.000       11.000        6.000        6.000        6.000
   780:        6.000        6.000        6.000        6.000        6.000
   785:        6.000        6.000        6.000        6.000        6.000
   790:        6.000        6.000        6.000        6.000        2.000
   795:        4.000       22.000       24.000       12.000        6.000
   800:       21.000       22.000       19.000       11.000        6.000
   805:        6.000        6.000        6.000        6.000        6.000
   810:        6.000        6.000        6.000        6.000        6.000
   815:        2.000        4.000       22.000       24.000       12.000
   820:       19.000       11.000        1.000        6.000        2.000
   825:        4.000       22.000       24.000       12.000       19.000
   830:       11.000      100.000
T:
     0:        0.000        0.000        0.000        0.000       29.020
     5:       31.200       31.720       45.720       45.920       47.140
    10:       47.870       48.840      122.060      177.950      193.370
    15:      248.900      254.400      256.230      256.290      257.020
    20:      257.930      258.390      258.460      259.510      266.960
    25:      270.660      271.240      350.200      350.200      350.200
    30:      350.210      350.210      354.150      354.520      355.620
    35:      360.200      360.210      362.150      390.010      523.720
    40:      539.440      566.410      566.920      567.140      568.080
    45:      581.120      581.610      584.550      584.870      584.960
    50:      585.380      587.880      651.140      793.980      794.300
    55:      798.930      802.850      802.850      802.850      802.860
    60:      802.860      803.370      803.370      806.990      808.160
    65:      811.840      811.840      812.850      812.860      814.040
    70:      814.420      817.680      821.560      824.830      824.900
    75:      825.330      825.430      826.330      829.500      829.640
    80:      829.770      859.090      950.410      950.730      978.500
    85:     1002.480     1080.530     1081.530     1081.680     1082.590
    90:     1129.270     1129.270     1129.270     1129.280     1129.280
    95:     1139.270     1139.280     1172.010     1193.150     1193.500
   100:     1193.570     1298.550     1431.350     1433.410     1433.890
   105:     1434.520     1434.590     1434.660     1434.890     1458.390
   110:     1465.890     1465.890     1465.890     1465.900     1465.900
   115:     1475.890     1475.900     1528.270     1528.270     1528.270
   120:     1528.280     1528.280     1538.270     1538.280     1540.920
   125:     1554.340     1554.900     1561.680     1561.680     1561.680
   130:     1561.690     1561.690     1562.290     1562.290     1571.680
   135:     1571.690     1589.910     1694.320     1695.590     1700.920
   140:     1701.430     1704.630     1704.700     1724.540     1725.120
   145:     1725.360     1725.450     1726.260     1726.390     1726.750
   150:     1726.870     1726.920     1863.240     1885.780     1885.940
   155:     1887.630     1887.920     1967.620     1967.620     1967.620
   160:     1967.630     1967.630     1977.620     1977.630     2240.080
   165:     2240.350     2312.520     2314.390     2327.210     2327.210
   170:     2327.210     2327.220     2327.220     2337.210     2337.220
   175:     2338.750     2338.750     2338.750     2338.760     2338.760
   180:     2341.550     2341.710     2342.710     2343.530     2344.640
   185:     2348.750     2348.760     2367.880     2405.870     2405.930
   190:     2410.250     2410.250     2410.250     2410.260     2410.260
   195:     2414.370     2414.480     2420.250     2420.260     2428.960
   200:     2520.150     2520.520     2535.350     2535.350     2535.350
   205:     2535.360     2535.360     2536.590     2537.120     2538.910
   210:     2539.060     2539.090     2539.160     2539.400     2540.390
   215:     2542.790     2542.860     2545.350     2545.360     2545.740
   220:     2608.340     2608.820     2617.980     2617.980     2617.980
   225:     2617.990     2617.990     2627.980     2627.990     2709.220
   230:     2709.470     2744.630     2744.980     2745.880     2745.880
   235:     2745.880     2745.890     2745.890     2747.050     2748.960
   240:     2751.620     2751.650     2752.260     2752.890     2752.910
   245:     2752.980     2753.040     2754.440     2755.880     2755.890
   250:     2757.080     2758.060     2758.060     2758.060     2758.070
   255:     2758.070     2759.370     2763.540     2763.660     2763.820
   260:     2765.570     2765.880     2767.910     2768.060     2768.070
   265:     2789.610     2841.600     2841.750     2843.410     2872.160
   270:     2982.340     3011.390     3011.390     3011.390     3011.400
   275:     3011.400     3019.850     3020.010     3021.390     3021.400
   280:     3025.180     3029.610     3029.790     3030.340     3035.810
   285:     3146.260     3147.160     3148.310     3148.630     3152.800
   290:     3152.880     3153.820     3154.220     3154.450     3154.510
   295:     3154.700     3155.010     3155.160     3155.640     3155.850
   300:     3160.280     3160.840     3161.780     3162.100     3268.650
   305:     3269.030     3270.000     3369.910     3423.490     3525.600
   310:     3526.230     3532.360     3673.630     3692.790     3692.790
   315:     3692.790     3692.800     3692.800     3702.790     3702.800
   320:     3712.760     3712.760     3712.760     3712.770     3712.770
   325:     3722.760     3722.770     3770.710     3771.840     3796.560
   330:     3797.930     3799.600     3804.220     3804.610     3863.270
   335:     3863.270     3863.270     3863.280     3863.280     3865.020
   340:     3865.210     3868.860     3873.270     3873.280     3946.710
   345:     3946.710     3946.710     3946.720     3946.720     3956.710
   350:     3956.720     3983.300     3996.020     4265.220     4329.000
   355:     4330.770     4330.940     4331.750     4332.880     4332.940
   360:     4333.090     4395.870     4396.700     4396.810     4402.310
   365:     4439.980     4439.980     4439.980     4439.990     4439.990
   370:     4449.980     4449.990     4605.670     4606.070     4606.360
   375:     4620.660     4700.290     4710.280     4710.440     4714.290
   380:     4714.530     4714.700     4714.760     4718.180     4718.250
   385:     4721.820     4721.870     4721.990     4722.210     4722.500
   390:     4722.720     4723.060     4725.160     4835.390     4836.090
   395:     4836.580     4837.810     4842.560     4842.560     4842.560
   400:     4842.570     4842.570     4843.520     4843.650     4852.560
   405:     4852.570     4882.790     4969.110     4996.770     5005.520
   410:     5020.260     5024.950     5024.990     5027.700     5027.750
   415:     5120.730     5122.060     5122.130     5171.260     5223.880
   420:     5223.880     5223.880     5223.890     5223.890     5233.880
   425:     5233.890     5398.450     5463.690     5486.360     5486.360
   430:     5486.360     5486.370     5486.370     5496.360     5496.370
   435:     5669.720     5715.550     5715.550     5715.550     5715.560
   440:     5715.560     5716.670     5716.670     5720.150     5720.150
   445:     5723.660     5725.550     5725.560     5727.600     5727.820
   450:     5728.410     5728.480     5735.720     5736.370     5736.790
   455:     5736.870     5737.130     5737.260     5737.540     5740.990
   460:     5741.200     5744.730     5744.950     5745.020     5745.660
   465:     5749.530     5756.530     5756.670     5757.560     5759.700
   470:     5778.090     5797.050     5797.050     5797.050     5797.060
   475:     5797.060     5797.730     5797.730     5804.440     5804.440
   480:     5807.050     5807.060     5858.170     5858.610     5872.850
   485:     5873.050     5885.550     5885.760     5885.860     5940.260
   490:     5940.310     5940.670     5943.130     5944.280     5992.960
   495:     5993.260     5999.120     6020.610     6021.160     6062.160
   500:     6062.160     6062.160     6062.170     6062.170     6063.440
   505:     6066.730     6072.160     6072.170     6072.370     6072.500
   510:     6075.670     6077.920     6078.110     6078.610     6078.740
   515:     6078.830     6079.000     6079.080     6082.370     6082.430
   520:     6085.370     6085.760     6089.040     6089.480     6090.650
   525:     6091.120     6299.130     6299.130     6299.130     6299.140
   530:     6299.140     6305.460     6309.130     6309.140     6318.420
   535:     6369.230     6369.820     6374.960     6379.360     6435.370
   540:     6435.370     6435.370     6435.380     6435.380     6441.920
   545:     6441.980     6442.130     6442.230     6442.880     6443.350
   550:     6445.370     6445.380     6447.170     6451.450     6451.540
   555:     6509.900     6663.990     6694.740     6694.930     6698.020
   560:     6698.380     6704.010     6705.090     6709.010     6709.130
   565:     6709.350     6772.790     6772.790     6772.790     6772.800
   570:     6772.800     6782.790     6782.800     6793.050     6793.150
   575:     6793.170     6793.670     6794.940     6795.060     6874.980
   580:     7014.940     7018.680     7018.800     7021.010     7022.670
   585:     7022.940     7028.950     7029.050     7029.170     7032.760
   590:     7034.310     7034.930     7035.120     7037.040     7074.670
   595:     7110.290     7114.650     7114.990     7115.050     7120.500
   600:     7183.260     7509.570     7518.010     7518.010     7518.010
   605:     7518.020     7518.020     7519.710     7520.320     7521.760
   610:     7528.010     7528.020     7610.690     7683.360     7695.530
   615:     7696.700     7700.410     7944.610     7992.280     7993.160
   620:     8063.130     8063.940     8064.050     8093.290     8093.290
   625:     8093.290     8093.300     8093.300     8103.290     8103.300
   630:     8132.000     8153.830     8214.800     8330.440     8332.120
   635:     8384.140     8385.890     8386.050     8388.770     8388.900
   640:     8389.050     8391.250     8391.730     8391.810     8392.090
   645:     8392.220     8392.340     8497.750     8511.880     8512.200
   650:     8517.200     8517.280     8517.320     8517.340     8524.960
   655:     8525.050     8525.740     8534.580     8536.020     8595.440
   660:     8595.440     8595.440     8595.450     8595.450     8595.930
   665:     8595.930     8597.840     8605.440     8605.450     8614.510
   670:     8618.010     8937.280     8949.090     8949.240     8950.260
   675:     9024.730     9062.080     9077.970     9085.770     9098.440
   680:     9098.440     9098.440     9098.450     9098.450     9108.440
   685:     9108.450     9148.820     9153.200     9153.860     9154.150
   690:     9154.540     9154.650     9170.010     9172.690     9172.690
   695:     9172.690     9172.700     9172.700     9182.690     9182.700
   700:     9184.750     9184.750     9184.750     9184.760     9184.760
   705:     9194.750     9194.760     9298.580     9304.180     9317.570
   710:     9371.370     9371.370     9371.370     9371.380     9371.380
   715:     9381.370     9381.380     9399.520     9427.940     9488.940
   720:     9489.480     9489.540     9489.630     9492.030     9492.330
   725:     9576.680     9579.500     9579.550     9579.610     9579.720
   730:     9579.740     9589.340     9591.920     9593.600     9619.310
   735:     9622.880     9622.970     9623.030     9624.030     9624.420
   740:     9624.530     9625.340     9625.560     9625.650     9625.730
   745:     9628.320     9628.520     9628.590     9632.780     9636.000
   750:     9636.680     9687.480     9688.040     9689.790     9689.960
   755:     9690.220     9695.500     9695.580     9695.910     9696.150
   760:     9696.270     9696.370     9696.580     9696.680     9696.780
   765:     9818.560     9822.680     9823.330     9841.100     9841.100
   770:     9841.100     9841.110     9841.110     9841.460     9841.460
   775:     9851.100     9851.110    10061.060    10061.260    10061.530
   780:    10127.610    10127.870    10133.540    10134.360    10136.000
   785:    10136.020    10136.060    10136.110    10136.150    10140.610
   790:    10143.420    10143.450    10143.560    10144.010    10162.420
   795:    10162.420    10162.420    10162.430    10162.430    10167.360
   800:    10168.580    10168.580    10172.420    10172.430    10175.400
   805:    10371.720    10371.770    10393.860    10393.980    10412.730
   810:    10687.130    10704.350    10704.700    10705.570    10705.750
   815:    10723.450    10723.450    10723.450    10723.460    10723.460
   820:    10733.450    10733.460    10738.840    10744.840    10749.060
   825:    10749.060    10749.060    10749.070    10749.070    10759.060
   830:    10759.070    10800.000
