File: C:\MED-PC\Data\2025-03-27_08h40m_Subject 73.txt


Start Date: 03/27/25
End Date: 03/27/25
Subject: 73
Experiment: OralFentSA
Group: One
Box: 1
Start Time: 08:40:45
End Time: 11:41:45
MSN: Golden_Liq_SelfAdmin_EXT
F:       0.000
G:     487.000
H:   10800.000
I:       0.000
J:       0.000
K:       0.000
L:       0.000
M:       0.000
N:       0.000
O:       0.000
P:       0.000
Q:       0.000
R:       0.000
S:       0.000
U:       0.000
V:       0.000
W:       0.000
X:       0.000
Y:       0.000
Z:       0.000
A:
     0:        0.000        0.000      180.000        4.000        0.000
     5:        5.000        0.000        5.000        0.000        0.000
    10:        1.000        0.000       10.000   100000.000       25.000
    15:       19.000      600.000        0.000        0.000        0.000
    20:        0.000
B:
     0:        0.000        0.000        0.000        0.000        0.000
     5:        0.000        0.000        0.000        0.000        0.000
    10:        0.000        0.000     1000.000 10000000.000        0.000
    15:        0.000        0.000        0.000        0.000        0.000
    20:        0.000
C:
     0:        0.000       57.000        3.000       74.000       52.000
     5:    10743.470       30.700        7.000      651.890       93.127
    10:       74.000        3.000        0.000        0.000        0.000
    15:        0.000        0.000        0.000        0.000        0.000
    20:        0.000
D:
     0:      208.380       44.420       35.350      221.630       86.600
     5:       24.810       30.700
E:
     0:       19.000       11.000       26.000       27.000        6.000
     5:        6.000        6.000        6.000        6.000        6.000
    10:        1.000        6.000        6.000        6.000        2.000
    15:        4.000       22.000       24.000       12.000       21.000
    20:       22.000       21.000       22.000       19.000       11.000
    25:        2.000        4.000       22.000       24.000       12.000
    30:       19.000       11.000        2.000        4.000       22.000
    35:       24.000       12.000       19.000       11.000        2.000
    40:        4.000       22.000       24.000       12.000       19.000
    45:       11.000        6.000        1.000        6.000        6.000
    50:        6.000        6.000        6.000        6.000        6.000
    55:        6.000        6.000        2.000        4.000       22.000
    60:       24.000       12.000       21.000       22.000       19.000
    65:       11.000        6.000        6.000        6.000        6.000
    70:        6.000        6.000        6.000        2.000        4.000
    75:       22.000       24.000       12.000       19.000       11.000
    80:        6.000        6.000        6.000        6.000        6.000
    85:        6.000        6.000        6.000        6.000        6.000
    90:        6.000        6.000        6.000        6.000        2.000
    95:        4.000       22.000       24.000       12.000       19.000
   100:       11.000        2.000        4.000       22.000       24.000
   105:       12.000       19.000       11.000        2.000        4.000
   110:       22.000       24.000       12.000       21.000       22.000
   115:       21.000       22.000       19.000       11.000        2.000
   120:        4.000       22.000       24.000       12.000       19.000
   125:       11.000        2.000        4.000       22.000       24.000
   130:       12.000       19.000       11.000        2.000        4.000
   135:       22.000       24.000       12.000       19.000       11.000
   140:        2.000        4.000       22.000       24.000       12.000
   145:       21.000       22.000       21.000       22.000       19.000
   150:       11.000        2.000        4.000       22.000       24.000
   155:       12.000       21.000       22.000       19.000       11.000
   160:        2.000        4.000       22.000       24.000       12.000
   165:       21.000       22.000       21.000       22.000       19.000
   170:       11.000        2.000        4.000       22.000       24.000
   175:       12.000       19.000       11.000        2.000        4.000
   180:       22.000       24.000       12.000       19.000       11.000
   185:        2.000        4.000       22.000       24.000       12.000
   190:       19.000       11.000        2.000        4.000       22.000
   195:       24.000       12.000       19.000       11.000        2.000
   200:        4.000       22.000       24.000       12.000       19.000
   205:       11.000        2.000        4.000       22.000       24.000
   210:       12.000       19.000       11.000        2.000        4.000
   215:       22.000       24.000       12.000       19.000       11.000
   220:        2.000        4.000       22.000       24.000       12.000
   225:       21.000       22.000       19.000       11.000        2.000
   230:        4.000       22.000       24.000       12.000       19.000
   235:       11.000        2.000        4.000       22.000       24.000
   240:       12.000       19.000       11.000        2.000        4.000
   245:       22.000       24.000       12.000       19.000       11.000
   250:        2.000        4.000       22.000       24.000       12.000
   255:       19.000       11.000        2.000        4.000       22.000
   260:       24.000       12.000       19.000       11.000        2.000
   265:        4.000       22.000       24.000       12.000       19.000
   270:       11.000        2.000        4.000       22.000       24.000
   275:       12.000       19.000       11.000        2.000        4.000
   280:       22.000       24.000       12.000       19.000       11.000
   285:        2.000        4.000       22.000       24.000       12.000
   290:       19.000       11.000        2.000        4.000       22.000
   295:       24.000       12.000       19.000       11.000        2.000
   300:        4.000       22.000       24.000       12.000       19.000
   305:       11.000        2.000        4.000       22.000       24.000
   310:       12.000       19.000       11.000        2.000        4.000
   315:       22.000       24.000       12.000       21.000       22.000
   320:       19.000       11.000        2.000        4.000       22.000
   325:       24.000       12.000       19.000       11.000        2.000
   330:        4.000       22.000       24.000       12.000       19.000
   335:       11.000        1.000        6.000        2.000        4.000
   340:       22.000       24.000       12.000       19.000       11.000
   345:        6.000        6.000        2.000        4.000       22.000
   350:       24.000       12.000       19.000       11.000        2.000
   355:        4.000       22.000       24.000       12.000       19.000
   360:       11.000        6.000        6.000        6.000        6.000
   365:        6.000        6.000        6.000        2.000        4.000
   370:       22.000       24.000       12.000       21.000       22.000
   375:       19.000       11.000        6.000        6.000        2.000
   380:        4.000       22.000       24.000       12.000       19.000
   385:       11.000        2.000        4.000       22.000       24.000
   390:       12.000       19.000       11.000        2.000        4.000
   395:       22.000       24.000       12.000       21.000       22.000
   400:       19.000       11.000        2.000        4.000       22.000
   405:       24.000       12.000       19.000       11.000        2.000
   410:        4.000       22.000       24.000       12.000       19.000
   415:       11.000        2.000        4.000       22.000       24.000
   420:       12.000       21.000       22.000       19.000       11.000
   425:        2.000        4.000       22.000       24.000       12.000
   430:       19.000       11.000        2.000        4.000       22.000
   435:       24.000       12.000       19.000       11.000        2.000
   440:        4.000       22.000       24.000       12.000       19.000
   445:       11.000        2.000        4.000       22.000       24.000
   450:       12.000       21.000       22.000       19.000       11.000
   455:        2.000        4.000       22.000       24.000       12.000
   460:       21.000       22.000       19.000       11.000        2.000
   465:        4.000       22.000       24.000       12.000       19.000
   470:       11.000        2.000        4.000       22.000       24.000
   475:       12.000       21.000       22.000       19.000       11.000
   480:        2.000        4.000       22.000       24.000       12.000
   485:       19.000       11.000      100.000
T:
     0:        0.000        0.000        0.000        0.000        9.820
     5:       23.770       81.740       85.140       85.330      261.520
    10:      271.190      283.090      283.160      303.500      322.150
    15:      322.150      322.150      322.160      322.160      326.440
    20:      326.440      331.520      331.520      332.150      332.160
    25:      341.880      341.880      341.880      341.890      341.890
    30:      351.880      351.890      370.300      370.300      370.300
    35:      370.310      370.310      380.300      380.310      385.590
    40:      385.590      385.590      385.600      385.600      395.590
    45:      395.600      593.980      630.010      708.110      738.330
    50:      738.440      740.980      753.860      754.020      754.270
    55:      754.380      757.830      934.440      934.440      934.440
    60:      934.450      934.450      939.300      939.300      944.440
    65:      944.450      978.870      981.060      983.660      992.080
    70:      992.340      992.500      993.720     1009.770     1009.770
    75:     1009.770     1009.780     1009.780     1019.770     1019.780
    80:     1045.130     1050.380     1050.960     1140.720     1143.730
    85:     1144.000     1144.250     1146.470     1176.850     1176.910
    90:     1222.500     1228.070     1236.220     1236.590     1707.630
    95:     1707.630     1707.630     1707.640     1707.640     1717.630
   100:     1717.640     1757.040     1757.040     1757.040     1757.050
   105:     1757.050     1767.040     1767.050     1815.540     1815.540
   110:     1815.540     1815.550     1815.550     1822.580     1822.580
   115:     1823.470     1823.470     1825.540     1825.550     1865.790
   120:     1865.790     1865.790     1865.800     1865.800     1875.790
   125:     1875.800     1910.390     1910.390     1910.390     1910.400
   130:     1910.400     1920.390     1920.400     1925.330     1925.330
   135:     1925.330     1925.340     1925.340     1935.330     1935.340
   140:     1978.390     1978.390     1978.390     1978.400     1978.400
   145:     1979.380     1979.380     1987.480     1987.480     1988.390
   150:     1988.400     2001.990     2001.990     2001.990     2002.000
   155:     2002.000     2010.520     2010.520     2011.990     2012.000
   160:     2019.150     2019.150     2019.150     2019.160     2019.160
   165:     2019.460     2019.460     2020.980     2020.980     2029.150
   170:     2029.160     2036.190     2036.190     2036.190     2036.200
   175:     2036.200     2046.190     2046.200     2090.910     2090.910
   180:     2090.910     2090.920     2090.920     2100.910     2100.920
   185:     2719.470     2719.470     2719.470     2719.480     2719.480
   190:     2729.470     2729.480     3434.110     3434.110     3434.110
   195:     3434.120     3434.120     3444.110     3444.120     3453.100
   200:     3453.100     3453.100     3453.110     3453.110     3463.100
   205:     3463.110     3507.060     3507.060     3507.060     3507.070
   210:     3507.070     3517.060     3517.070     3525.630     3525.630
   215:     3525.630     3525.640     3525.640     3535.630     3535.640
   220:     4732.590     4732.590     4732.590     4732.600     4732.600
   225:     4737.800     4737.800     4742.590     4742.600     4750.880
   230:     4750.880     4750.880     4750.890     4750.890     4760.880
   235:     4760.890     5073.230     5073.230     5073.230     5073.240
   240:     5073.240     5083.230     5083.240     5223.530     5223.530
   245:     5223.530     5223.540     5223.540     5233.530     5233.540
   250:     5310.460     5310.460     5310.460     5310.470     5310.470
   255:     5320.460     5320.470     5435.570     5435.570     5435.570
   260:     5435.580     5435.580     5445.570     5445.580     5790.120
   265:     5790.120     5790.120     5790.130     5790.130     5800.120
   270:     5800.130     6200.760     6200.760     6200.760     6200.770
   275:     6200.770     6210.760     6210.770     6220.640     6220.640
   280:     6220.640     6220.650     6220.650     6230.640     6230.650
   285:     6304.620     6304.620     6304.620     6304.630     6304.630
   290:     6314.620     6314.630     6461.560     6461.560     6461.560
   295:     6461.570     6461.570     6471.560     6471.570     6515.950
   300:     6515.950     6515.950     6515.960     6515.960     6525.950
   305:     6525.960     6616.300     6616.300     6616.300     6616.310
   310:     6616.310     6626.300     6626.310     6752.880     6752.880
   315:     6752.880     6752.890     6752.890     6759.220     6759.220
   320:     6762.880     6762.890     6782.010     6782.010     6782.010
   325:     6782.020     6782.020     6792.010     6792.020     6971.510
   330:     6971.510     6971.510     6971.520     6971.520     6981.510
   335:     6981.520     7156.920     7193.150     7245.540     7245.540
   340:     7245.540     7245.550     7245.550     7255.540     7255.550
   345:     7332.150     7374.720     7384.120     7384.120     7384.120
   350:     7384.130     7384.130     7394.120     7394.130     7847.160
   355:     7847.160     7847.160     7847.170     7847.170     7857.160
   360:     7857.170     7871.980     7872.100     7884.070     7887.480
   365:     7888.130     7894.520     7896.540     7913.150     7913.150
   370:     7913.150     7913.160     7913.160     7913.860     7913.860
   375:     7923.150     7923.160     7943.860     7945.130     8142.400
   380:     8142.400     8142.400     8142.410     8142.410     8152.400
   385:     8152.410     8180.380     8180.380     8180.380     8180.390
   390:     8180.390     8190.380     8190.390     8230.250     8230.250
   395:     8230.250     8230.260     8230.260     8230.720     8230.720
   400:     8240.250     8240.260     8247.800     8247.800     8247.800
   405:     8247.810     8247.810     8257.800     8257.810     8285.550
   410:     8285.550     8285.550     8285.560     8285.560     8295.550
   415:     8295.560     8551.500     8551.500     8551.500     8551.510
   420:     8551.510     8558.030     8558.030     8561.500     8561.510
   425:     9991.250     9991.250     9991.250     9991.260     9991.260
   430:    10001.250    10001.260    10037.130    10037.130    10037.130
   435:    10037.140    10037.140    10047.130    10047.140    10089.210
   440:    10089.210    10089.210    10089.220    10089.220    10099.210
   445:    10099.220    10294.870    10294.870    10294.870    10294.880
   450:    10294.880    10295.110    10295.110    10304.870    10304.880
   455:    10344.350    10344.350    10344.350    10344.360    10344.360
   460:    10347.680    10347.680    10354.350    10354.360    10379.810
   465:    10379.810    10379.810    10379.820    10379.820    10389.810
   470:    10389.820    10456.130    10456.130    10456.130    10456.140
   475:    10456.140    10461.360    10461.360    10466.130    10466.140
   480:    10743.460    10743.460    10743.460    10743.470    10743.470
   485:    10753.460    10753.470    10800.000
