File: C:\MED-PC\Data\2025-03-25_12h17m_Subject 94.txt


Start Date: 03/25/25
End Date: 03/25/25
Subject: 94
Experiment: OralFentSA
Group: One
Box: 11
Start Time: 12:17:30
End Time: 15:17:42
MSN: Golden_Liq_SelfAdmin_EXT
F:       0.000
G:     517.000
H:   10800.000
I:       0.000
J:       0.000
K:       0.000
L:       0.000
M:       0.000
N:       0.000
O:       0.000
P:       0.000
Q:       0.000
R:       0.000
S:       0.000
U:       0.000
V:       0.000
W:       0.000
X:       0.000
Y:       0.000
Z:       0.000
A:
     0:        0.000        0.000      180.000        4.000        0.000
     5:        5.000        0.000        5.000        0.000        0.000
    10:        1.000        0.000       10.000   100000.000       22.000
    15:       17.000      600.000        0.000        0.000        0.000
    20:        0.000
B:
     0:        0.000        0.000        0.000        0.000        0.000
     5:        0.000        0.000        0.000        0.000        0.000
    10:        0.000        0.000     1000.000 10000000.000        0.000
    15:        0.000        0.000        0.000        0.000        0.000
    20:        0.000
C:
     0:        0.000       18.000       14.000       31.000      352.000
     5:     9927.000       15.070       16.000     1539.830       96.239
    10:       31.000       14.000        0.000        0.000        0.000
    15:        0.000        0.000        0.000        0.000        0.000
    20:        0.000
D:
     0:      348.380       21.400       10.050        4.410       69.600
     5:       70.740       14.470        1.940      131.150      106.560
    10:        4.620       14.070      282.170      379.930       65.270
    15:       15.070
E:
     0:       19.000       11.000       26.000       27.000        6.000
     5:        6.000        6.000        6.000        6.000        6.000
    10:        6.000        6.000        6.000        6.000        1.000
    15:        1.000        6.000        6.000        6.000        6.000
    20:        6.000        6.000        6.000        6.000        6.000
    25:        2.000        4.000       22.000       24.000       12.000
    30:       19.000       11.000        2.000        4.000       22.000
    35:       24.000       12.000       21.000       22.000       19.000
    40:       11.000        6.000        6.000        6.000        6.000
    45:        6.000        6.000        6.000        6.000        6.000
    50:        6.000        6.000        6.000        1.000        6.000
    55:        6.000        6.000        6.000        6.000        6.000
    60:        6.000        6.000        6.000        6.000        1.000
    65:        6.000        6.000        6.000        6.000        6.000
    70:        6.000        6.000        6.000        6.000        2.000
    75:        4.000       22.000       24.000       12.000       21.000
    80:       22.000       21.000       22.000       19.000       11.000
    85:        6.000        6.000        6.000        6.000        6.000
    90:        6.000        6.000        6.000        6.000        6.000
    95:        6.000        6.000        6.000        6.000        6.000
   100:        6.000        6.000        6.000        6.000        6.000
   105:        6.000        6.000        6.000        6.000        6.000
   110:        6.000        6.000        6.000        6.000        6.000
   115:        6.000        6.000        6.000        6.000        6.000
   120:        6.000        6.000        6.000        6.000        6.000
   125:        2.000        4.000       22.000       24.000       12.000
   130:       19.000       11.000        6.000        6.000        6.000
   135:        6.000        6.000        6.000        6.000        2.000
   140:        4.000       22.000       24.000       12.000        6.000
   145:        6.000        6.000        6.000        6.000       19.000
   150:       11.000        6.000        6.000        6.000        6.000
   155:        6.000        6.000        6.000        6.000        6.000
   160:        6.000        6.000        1.000        6.000        6.000
   165:        6.000        2.000        4.000       22.000       24.000
   170:       12.000       21.000       22.000       19.000       11.000
   175:        6.000        6.000        2.000        4.000       22.000
   180:       24.000       12.000       19.000       11.000        1.000
   185:        6.000        6.000        6.000        6.000        6.000
   190:        6.000        6.000        6.000        6.000        6.000
   195:        6.000        6.000        6.000        1.000        6.000
   200:        6.000        6.000        6.000        6.000        6.000
   205:        6.000        6.000        6.000        6.000        6.000
   210:        1.000        6.000        6.000        6.000        6.000
   215:        6.000        6.000        6.000        6.000        6.000
   220:        6.000        6.000        6.000        2.000        4.000
   225:       22.000       24.000       12.000       21.000       22.000
   230:       21.000       22.000       21.000       22.000       21.000
   235:       22.000       21.000       22.000       21.000       22.000
   240:       19.000       11.000        6.000        6.000        6.000
   245:        6.000        6.000        6.000        2.000        4.000
   250:       22.000       24.000       12.000        6.000       19.000
   255:       11.000        2.000        4.000       22.000       24.000
   260:       12.000       21.000       22.000       19.000       11.000
   265:        6.000        6.000        6.000        6.000        6.000
   270:        6.000        6.000        6.000        6.000        6.000
   275:        6.000        6.000        6.000        2.000        4.000
   280:       22.000       24.000       12.000       19.000       11.000
   285:        6.000        6.000        6.000        6.000        6.000
   290:        6.000        6.000        6.000        6.000        6.000
   295:        2.000        4.000       22.000       24.000       12.000
   300:        6.000       19.000       11.000        2.000        4.000
   305:       22.000       24.000       12.000       21.000       22.000
   310:       21.000       22.000       21.000       22.000       19.000
   315:       11.000        6.000        6.000        6.000        6.000
   320:        6.000        6.000        6.000        6.000        6.000
   325:        6.000        6.000        6.000        6.000        6.000
   330:        6.000        6.000        6.000        6.000        6.000
   335:        6.000        6.000        6.000        6.000        6.000
   340:        6.000        6.000        1.000        6.000        6.000
   345:        6.000        6.000        6.000        6.000        6.000
   350:        6.000        6.000        6.000        6.000        6.000
   355:        6.000        6.000        6.000        6.000        2.000
   360:        4.000       22.000       24.000       12.000       19.000
   365:       11.000        6.000        6.000        6.000        6.000
   370:        6.000        6.000        6.000        6.000        6.000
   375:        6.000        6.000        6.000        6.000        6.000
   380:        6.000        6.000        6.000        6.000        6.000
   385:        6.000        6.000        6.000        6.000        6.000
   390:        6.000        6.000        6.000        6.000        6.000
   395:        6.000        6.000        6.000        6.000        6.000
   400:        6.000        6.000        6.000        6.000        6.000
   405:        6.000        6.000        6.000        6.000        6.000
   410:        6.000        6.000        6.000        6.000        6.000
   415:        6.000        6.000        2.000        4.000       22.000
   420:       24.000       12.000       19.000       11.000        1.000
   425:        1.000        1.000        1.000        6.000        6.000
   430:        6.000        6.000        6.000        6.000        6.000
   435:        6.000        6.000        6.000        6.000        6.000
   440:        6.000        6.000        2.000        4.000       22.000
   445:       24.000       12.000       19.000       11.000        6.000
   450:        6.000        6.000        6.000        6.000        6.000
   455:        6.000        6.000        6.000        6.000        6.000
   460:        6.000        6.000        6.000        6.000        6.000
   465:        6.000        6.000        6.000        6.000        6.000
   470:        6.000        6.000        6.000        6.000        6.000
   475:        6.000        6.000        6.000        6.000        6.000
   480:        6.000        6.000        6.000        6.000        2.000
   485:        4.000       22.000       24.000       12.000       19.000
   490:       11.000        6.000        6.000        6.000        6.000
   495:        6.000        6.000        6.000        6.000        6.000
   500:        6.000        6.000        6.000        1.000        6.000
   505:        6.000        6.000        6.000        6.000        6.000
   510:        6.000        6.000        6.000        6.000        6.000
   515:        6.000        6.000      100.000
T:
     0:        0.000        0.000        0.000        0.000      156.830
     5:      157.310      157.910      158.030      158.080      158.130
    10:      160.550      161.140      162.970      214.570      337.480
    15:      365.950      380.350      425.100      548.050      551.840
    20:      552.120      552.370      598.200      633.270      750.850
    25:      783.420      783.420      783.420      783.430      783.430
    30:      793.420      793.430      883.510      883.510      883.510
    35:      883.520      883.520      891.410      891.410      893.510
    40:      893.520     1231.900     1234.500     1234.610     1234.740
    45:     1234.960     1235.100     1321.860     1322.250     1322.280
    50:     1322.750     1322.790     1323.580     1345.810     1388.910
    55:     1452.360     1472.860     1474.850     1598.900     1663.430
    60:     1816.520     1842.600     1846.090     1846.460     2020.420
    65:     2140.760     2141.660     2142.190     2194.570     2197.260
    70:     2197.300     2223.100     2223.450     2223.580     2230.730
    75:     2230.730     2230.730     2230.740     2230.740     2231.640
    80:     2231.640     2232.380     2232.380     2240.730     2240.740
    85:     2252.140     2260.670     2262.600     2262.790     2262.820
    90:     2400.120     2407.300     2407.350     2418.250     2419.300
    95:     2420.020     2489.860     2493.650     2493.760     2494.000
   100:     2717.160     2979.650     2981.410     2982.440     2982.810
   105:     2995.130     3002.200     3002.380     3003.640     3006.790
   110:     3007.000     3007.300     3008.950     3009.100     3009.530
   115:     3010.190     3010.930     3011.570     3011.630     3014.250
   120:     3014.330     3015.210     3035.450     3035.540     3039.330
   125:     3056.420     3056.420     3056.420     3056.430     3056.430
   130:     3066.420     3066.430     3066.480     3066.800     3067.490
   135:     3067.570     3067.670     3067.880     3067.970     3069.770
   140:     3069.770     3069.770     3069.780     3069.780     3074.190
   145:     3074.320     3074.370     3074.760     3076.670     3079.770
   150:     3079.780     3082.590     3083.050     3083.620     3083.730
   155:     3087.730     3089.070     3089.540     3160.880     3164.350
   160:     3214.690     3415.210     3426.370     3474.380     3488.380
   165:     3488.540     3767.470     3767.470     3767.470     3767.480
   170:     3767.480     3767.640     3767.640     3777.470     3777.480
   175:     3837.080     3837.150     3840.900     3840.900     3840.900
   180:     3840.910     3840.910     3850.900     3850.910     3902.010
   185:     3911.650     3912.520     3913.360     3955.100     3955.160
   190:     4127.320     4128.100     4165.020     4165.510     4165.640
   195:     4167.650     4167.820     4167.900     4173.550     4337.150
   200:     4337.790     4337.960     4338.080     4338.350     4339.100
   205:     4340.120     4340.180     4340.400     4358.490     4377.510
   210:     4428.740     4611.930     4612.680     4613.020     4613.520
   215:     4615.360     4616.230     4616.360     4616.400     4617.410
   220:     4888.560     4889.400     4889.520     4891.280     4891.280
   225:     4891.280     4891.290     4891.290     4891.460     4891.460
   230:     4894.000     4894.000     4894.130     4894.130     4895.070
   235:     4895.070     4895.140     4895.140     4895.440     4895.440
   240:     4901.280     4901.290     4905.760     4906.670     4906.720
   245:     4907.920     4913.820     5039.600     5247.160     5247.160
   250:     5247.160     5247.170     5247.170     5249.110     5257.160
   255:     5257.170     5259.180     5259.180     5259.180     5259.190
   260:     5259.190     5259.650     5259.650     5269.180     5269.190
   265:     5390.340     5632.910     5633.330     5634.470     5658.280
   270:     5658.840     5659.880     5687.100     5687.730     5689.200
   275:     5689.280     5689.830     5695.340     5700.940     5700.940
   280:     5700.940     5700.950     5700.950     5710.940     5710.950
   285:     5807.510     5825.070     5917.240     6170.320     6171.120
   290:     6171.210     6171.470     6265.900     6293.720     6297.090
   295:     6372.400     6372.400     6372.400     6372.410     6372.410
   300:     6377.030     6382.400     6382.410     6383.570     6383.570
   305:     6383.570     6383.580     6383.580     6383.970     6383.970
   310:     6385.930     6385.930     6386.460     6386.460     6393.570
   315:     6393.580     6397.650     6538.890     6546.380     6547.110
   320:     6549.580     6549.750     6550.060     6552.000     6552.400
   325:     6552.530     6552.820     6552.860     6552.980     6553.930
   330:     6559.110     6559.910     6560.080     6560.510     6560.670
   335:     6560.840     6560.940     6561.040     6561.280     6637.940
   340:     6638.360     6639.450     6839.140     6850.420     6850.610
   345:     6855.480     6855.870     6856.460     6856.510     6856.590
   350:     6960.600     6960.660     6960.810     6962.420     6962.630
   355:     6963.010     6963.590     6967.750     6968.120     6972.730
   360:     6972.730     6972.730     6972.740     6972.740     6982.730
   365:     6982.740     7254.910     7255.800     7274.170     7275.620
   370:     7275.680     7278.660     7283.710     7289.240     7289.440
   375:     7290.150     7290.250     7291.460     7291.620     7292.680
   380:     7292.750     7292.890     7293.090     7293.110     7476.030
   385:     7476.480     7476.910     7476.970     7477.070     7564.690
   390:     7564.710     7568.820     7573.130     7584.060     7587.580
   395:     7592.300     7595.210     7595.560     7595.880     7595.950
   400:     7596.050     7596.420     7596.780     7662.980     7674.150
   405:     7674.250     7674.340     7800.950     7802.860     7912.190
   410:     7914.230     7920.260     7920.480     7921.010     7922.120
   415:     7970.600     7972.800     7986.640     7986.640     7986.640
   420:     7986.650     7986.650     7996.640     7996.650     8003.240
   425:     8308.300     8308.740     8309.010     8366.580     8367.250
   430:     8486.830     8486.860     8487.040     8487.850     8577.780
   435:     8717.100     8717.730     8718.040     8718.180     8719.060
   440:     8719.120     8719.220     8723.300     8723.300     8723.300
   445:     8723.310     8723.310     8733.300     8733.310     8788.580
   450:     8793.030     8878.060     9179.730     9289.050     9289.800
   455:     9290.560     9290.770     9293.080     9293.600     9293.730
   460:     9395.370     9396.470     9396.770     9397.450     9397.530
   465:     9398.540     9398.700     9601.160     9605.010     9605.150
   470:     9606.010     9609.010     9609.720     9610.010     9610.040
   475:     9610.280     9775.350     9775.760     9852.520     9852.590
   480:     9875.250     9875.370     9918.240     9919.400     9926.990
   485:     9926.990     9926.990     9927.000     9927.000     9936.990
   490:     9937.000     9942.070     9942.130     9987.210    10148.360
   495:    10148.680    10149.000    10158.200    10158.430    10258.150
   500:    10260.280    10267.790    10267.860    10429.960    10562.560
   505:    10682.110    10682.380    10682.460    10683.360    10683.500
   510:    10683.740    10683.840    10684.040    10684.470    10684.640
   515:    10685.260    10685.560    10800.000
