File: C:\MED-PC\Data\2025-03-13_09h06m_Subject 82.txt


Start Date: 03/13/25
End Date: 03/13/25
Subject: 82
Experiment: OralFentSA
Group: One
Box: 10
Start Time: 09:06:56
End Time: 12:07:05
MSN: 20241014_Golden_Liq_SelfAdmin
F:       0.000
G:     453.000
H:   10800.000
I:       0.000
J:       0.000
K:       0.000
L:       0.000
M:       0.000
N:       0.000
O:       0.000
P:       0.000
Q:       0.000
R:       0.000
S:       0.000
U:       0.000
V:       0.000
W:       0.000
X:       0.000
Y:       0.000
Z:       0.000
A:
     0:        0.000        0.000      180.000        4.000        0.000
     5:        5.000        0.000        5.000        0.000        0.000
    10:        1.000        0.000       10.000 30000000.000       20.000
    15:        9.000      640.000        0.000        0.000        0.000
    20:        0.000
B:
     0:        0.000        0.000        0.000      400.000        0.000
     5:      500.000        0.000      500.000        0.000        0.000
    10:        0.000        0.000     1000.000 3000000000.000        0.000
    15:        0.000        0.000        0.000        0.000        0.000
    20:        0.000
C:
     0:       13.000       14.000       15.000       22.000      234.000
     5:    10109.300        3.050       11.000       91.810        8.346
    10:       22.000       15.000        0.000        0.000        0.000
    15:        0.000        0.000        0.000        0.000        0.000
    20:        0.000
D:
     0:       53.370        4.500        1.600        3.040        3.280
     5:        1.570        2.520        7.420        7.050        4.410
    10:        3.050
E:
     0:       19.000       11.000       26.000       27.000        1.000
     5:        2.000        4.000       22.000       24.000       12.000
    10:       13.000        8.000        5.000       17.000       21.000
    15:       22.000       18.000       14.000       10.000       19.000
    20:       11.000        6.000        6.000        2.000        4.000
    25:       22.000       24.000       12.000       13.000        8.000
    30:        5.000       17.000       18.000       14.000       10.000
    35:       19.000       11.000        2.000        4.000       22.000
    40:       24.000       12.000       13.000        8.000        5.000
    45:       17.000       21.000       22.000       18.000        6.000
    50:        6.000       14.000       10.000        6.000        6.000
    55:       19.000       11.000        6.000        6.000        6.000
    60:        6.000        6.000        6.000        6.000        6.000
    65:        6.000        6.000        6.000        6.000        6.000
    70:        6.000        1.000        6.000        6.000        6.000
    75:        6.000        6.000        6.000        2.000        4.000
    80:       22.000       24.000       12.000       13.000        8.000
    85:        5.000       17.000        6.000        6.000       18.000
    90:       14.000       10.000       19.000       11.000        6.000
    95:        6.000        6.000        6.000        6.000        6.000
   100:        1.000        1.000        1.000        6.000        6.000
   105:        2.000        4.000       22.000       24.000       12.000
   110:       13.000        8.000        5.000       17.000        6.000
   115:        6.000        6.000       18.000       14.000       10.000
   120:       19.000       11.000        2.000        4.000       22.000
   125:       24.000       12.000       13.000        8.000        5.000
   130:       17.000       21.000       22.000       21.000       22.000
   135:        6.000       18.000       14.000       10.000       19.000
   140:       11.000        6.000        6.000        6.000        6.000
   145:        6.000        6.000        6.000        6.000        6.000
   150:        6.000        6.000        6.000        6.000        6.000
   155:        6.000        6.000        6.000        6.000        6.000
   160:        6.000        6.000        6.000        6.000        2.000
   165:        4.000       22.000       24.000       12.000       13.000
   170:        8.000        5.000       17.000       18.000       14.000
   175:       10.000       21.000       22.000       19.000       11.000
   180:        2.000        4.000       22.000       24.000       12.000
   185:       13.000        8.000        5.000       17.000        6.000
   190:       18.000       14.000       10.000       19.000       11.000
   195:        6.000        6.000        6.000        6.000        6.000
   200:        6.000        6.000        6.000        6.000        1.000
   205:        6.000        6.000        6.000        6.000        6.000
   210:        6.000        6.000        6.000        6.000        6.000
   215:        6.000        6.000        6.000        6.000        6.000
   220:        6.000        6.000        6.000        1.000        1.000
   225:        1.000        1.000        1.000        1.000        1.000
   230:        1.000        2.000        4.000       22.000       24.000
   235:       12.000       13.000        8.000        5.000       17.000
   240:       21.000       22.000        6.000       18.000       14.000
   245:       10.000       21.000       22.000       19.000       11.000
   250:        6.000        6.000        6.000        6.000        6.000
   255:        6.000        6.000        6.000        6.000        6.000
   260:        6.000        6.000        6.000        6.000        6.000
   265:        6.000        6.000        6.000        6.000        6.000
   270:        6.000        6.000        6.000        2.000        4.000
   275:       22.000       24.000       12.000       13.000        8.000
   280:        5.000       17.000       18.000       14.000       10.000
   285:        6.000        6.000        6.000       19.000       11.000
   290:        2.000        4.000       22.000       24.000       12.000
   295:       13.000        8.000        5.000       17.000       18.000
   300:       14.000       10.000        6.000       19.000       11.000
   305:        6.000        6.000        6.000        6.000        6.000
   310:        6.000        1.000        6.000        6.000        6.000
   315:        6.000        6.000        6.000        6.000        6.000
   320:        6.000        6.000        6.000        6.000        6.000
   325:        6.000        6.000        6.000        6.000        6.000
   330:        6.000        6.000        2.000        4.000       22.000
   335:       24.000       12.000       13.000        8.000        5.000
   340:       17.000       21.000       22.000       18.000        6.000
   345:       14.000       10.000        6.000       19.000       11.000
   350:        6.000        6.000        6.000        6.000        6.000
   355:        6.000        6.000        6.000        6.000        6.000
   360:        6.000        6.000        6.000        6.000        6.000
   365:        6.000        6.000        6.000        6.000        6.000
   370:        6.000        6.000        6.000        6.000        6.000
   375:        6.000        6.000        6.000        6.000        6.000
   380:        6.000        6.000        6.000        6.000        6.000
   385:        6.000        6.000        6.000        6.000        6.000
   390:        6.000        6.000        6.000        6.000        6.000
   395:        6.000        6.000        6.000        6.000        6.000
   400:        6.000        6.000        6.000        6.000        6.000
   405:        6.000        6.000        6.000        6.000        6.000
   410:        6.000        6.000        6.000        6.000        6.000
   415:        6.000        6.000        6.000        6.000        6.000
   420:        6.000        6.000        6.000        6.000        6.000
   425:        6.000        6.000        6.000        6.000        6.000
   430:        6.000        6.000        6.000        6.000        2.000
   435:        4.000       22.000       24.000       12.000       13.000
   440:        8.000        5.000       17.000       21.000       22.000
   445:        6.000       18.000       14.000       10.000        6.000
   450:        6.000       19.000       11.000      100.000
T:
     0:        0.000        0.000        0.000        0.000       67.790
     5:       80.360       80.360       80.360       80.370       80.370
    10:       80.370       80.370       80.370       80.370       80.500
    15:       80.500       84.370       85.370       85.370       90.360
    20:       90.370      133.740      134.730      162.510      162.510
    25:      162.510      162.520      162.520      162.520      162.520
    30:      162.520      162.520      166.520      167.520      167.520
    35:      172.510      172.520      231.680      231.680      231.680
    40:      231.690      231.690      231.690      231.690      231.690
    45:      231.690      232.210      232.210      235.690      236.190
    50:      236.350      236.690      236.690      239.570      240.360
    55:      241.680      241.690      245.870      246.370      253.890
    60:      254.020      254.630      255.700      261.170      307.710
    65:      308.070      313.000      319.450      319.850      319.870
    70:      319.960      346.850      381.380      381.490      381.640
    75:      381.780      381.940      382.270      386.020      386.020
    80:      386.020      386.030      386.030      386.030      386.030
    85:      386.030      386.030      387.630      388.090      390.030
    90:      391.030      391.030      396.020      396.030      396.630
    95:      401.240      401.420      431.100      491.760      492.550
   100:      498.600      499.030      503.280      645.590      657.980
   105:      673.380      673.380      673.380      673.390      673.390
   110:      673.390      673.390      673.390      673.390      676.430
   115:      676.810      677.190      677.390      678.390      678.390
   120:      683.380      683.390      687.420      687.420      687.420
   125:      687.430      687.430      687.430      687.430      687.430
   130:      687.430      688.780      688.780      689.350      689.350
   135:      690.710      691.430      692.430      692.430      697.420
   140:      697.430      700.360      700.600      703.320      706.430
   145:      723.730      726.500      726.710      729.380      729.520
   150:      731.250      731.360      732.270      732.670     1006.480
   155:     1042.470     1043.170     1160.870     1160.910     1160.990
   160:     1172.870     1172.950     1173.080     1173.970     1181.770
   165:     1181.770     1181.770     1181.780     1181.780     1181.780
   170:     1181.780     1181.780     1181.780     1185.780     1186.780
   175:     1186.780     1190.280     1190.280     1191.770     1191.780
   180:     1193.560     1193.560     1193.560     1193.570     1193.570
   185:     1193.570     1193.570     1193.570     1193.570     1195.140
   190:     1197.570     1198.570     1198.570     1203.560     1203.570
   195:     1253.920     1282.720     1336.750     1425.980     1660.280
   200:     1660.460     1710.420     1721.240     1721.360     1836.620
   205:     1841.700     1841.780     1926.180     1926.750     1930.200
   210:     2041.480     2041.620     2045.060     2047.440     2049.280
   215:     2049.400     2051.680     2055.410     2055.560     2056.130
   220:     2057.560     2217.690     2218.720     2235.080     2236.510
   225:     2238.280     2240.460     2242.300     2243.960     2246.890
   230:     2248.790     2269.110     2269.110     2269.110     2269.120
   235:     2269.120     2269.120     2269.120     2269.120     2269.120
   240:     2270.340     2270.340     2271.640     2273.120     2274.120
   245:     2274.120     2274.900     2274.900     2279.110     2279.120
   250:     2280.050     2280.290     2876.410     2878.260     3563.310
   255:     3565.230     3566.690     3567.050     3567.450     3567.560
   260:     3567.820     3567.880     3568.470     3571.530     3836.280
   265:     3837.960     3838.500     4161.160     4161.890     4163.330
   270:     4163.470     4274.460     4433.100     4621.600     4621.600
   275:     4621.600     4621.610     4621.610     4621.610     4621.610
   280:     4621.610     4621.610     4625.610     4626.610     4626.610
   285:     4629.030     4629.670     4630.580     4631.600     4631.610
   290:     4649.420     4649.420     4649.420     4649.430     4649.430
   295:     4649.430     4649.430     4649.430     4649.430     4653.430
   300:     4654.430     4654.430     4656.480     4659.420     4659.430
   305:     5156.980     5163.070     5163.300     5172.450     5172.530
   310:     5172.600     5191.590     5220.690     5220.840     5222.740
   315:     5232.280     6373.520     6374.290     6384.070     6384.480
   320:     6385.260     6387.590     6388.870     6389.580     6450.450
   325:     6450.810     6450.930     6451.170     6456.740     6457.190
   330:     6461.120     6466.690     6501.480     6501.480     6501.480
   335:     6501.490     6501.490     6501.490     6501.490     6501.490
   340:     6501.490     6503.410     6503.410     6505.490     6505.900
   345:     6506.490     6506.490     6507.240     6511.480     6511.490
   350:     7959.920     7960.280     7961.220     7961.460     7967.330
   355:     7967.500     8169.990     8170.150     8258.870     8258.970
   360:     8261.600     8262.300     8265.690     8266.780     8268.640
   365:     8269.220     8272.360     8273.420     8276.620     8277.160
   370:     8277.580     8277.970     8289.200     8289.550     8363.230
   375:     8363.530     8409.160     8412.480     8412.870     8412.960
   380:     8418.350     8418.800     8419.770     8425.900     8428.610
   385:     8429.140     8429.750     8432.270     8433.490     8437.730
   390:     8440.060     8441.660     8442.640     8446.390     8447.250
   395:     8448.630     8450.760     8453.610     8454.520     8454.650
   400:     8458.400     8458.530     8459.200     8490.520     8490.760
   405:     8492.880     8494.300     8519.610     8521.480     8522.090
   410:     8526.190     8553.090     8755.290     8756.710     8758.040
   415:     8760.410     8761.140     8761.750     8904.730     8904.990
   420:     8905.100     8905.160     9310.040     9310.070     9352.300
   425:     9459.980     9472.910     9473.870     9474.510     9476.940
   430:    10050.120    10058.450    10059.590    10077.370    10109.290
   435:    10109.290    10109.290    10109.300    10109.300    10109.300
   440:    10109.300    10109.300    10109.300    10111.100    10111.100
   445:    10112.350    10113.300    10114.300    10114.300    10116.400
   450:    10116.850    10119.290    10119.300    10800.000
