File: C:\MED-PC\Data\2025-03-20_13h39m_Subject 93.txt


Start Date: 03/20/25
End Date: 03/20/25
Subject: 93
Experiment: OralFentSA
Group: One
Box: 10
Start Time: 13:39:29
End Time: 16:39:56
MSN: 20241014_Golden_Liq_SelfAdmin
F:       0.000
G:     803.000
H:   10800.000
I:       0.000
J:       0.000
K:       0.000
L:       0.000
M:       0.000
N:       0.000
O:       0.000
P:       0.000
Q:       0.000
R:       0.000
S:       0.000
U:       0.000
V:       0.000
W:       0.000
X:       0.000
Y:       0.000
Z:       0.000
A:
     0:        0.000        0.000      180.000        4.000        0.000
     5:        5.000        0.000        5.000        0.000        0.000
    10:        1.000        0.000       10.000  3000000.000       17.000
    15:       14.000      640.000        0.000        0.000        0.000
    20:        0.000
B:
     0:        0.000        0.000        0.000      400.000        0.000
     5:      500.000        0.000      500.000        0.000        0.000
    10:        0.000        0.000     1000.000 300000000.000        0.000
    15:        0.000        0.000        0.000        0.000        0.000
    20:        0.000
C:
     0:       24.000       25.000        9.000       33.000      436.000
     5:    10734.280       14.630       22.000      106.240        4.829
    10:       33.000        9.000        0.000        0.000        0.000
    15:        0.000        0.000        0.000        0.000        0.000
    20:        0.000
D:
     0:        6.800       15.620        0.810        1.390        3.170
     5:        0.790        0.650        1.340        0.540        1.130
    10:        2.510        0.730        1.490        3.490        2.020
    15:       23.360        0.590        2.710       12.300        0.990
    20:        9.180       14.630
E:
     0:       19.000       11.000       26.000       27.000        6.000
     5:        6.000        6.000        6.000        2.000        4.000
    10:       22.000       24.000       12.000       13.000        8.000
    15:        5.000       17.000       18.000       14.000       10.000
    20:        6.000        6.000       19.000       11.000        6.000
    25:        6.000        6.000        6.000        6.000        6.000
    30:        6.000        6.000        6.000        6.000        2.000
    35:        4.000       22.000       24.000       12.000       13.000
    40:        8.000        5.000       17.000       21.000       22.000
    45:       18.000       14.000       10.000       19.000       11.000
    50:        2.000        4.000       22.000       24.000       12.000
    55:       13.000        8.000        5.000       17.000       21.000
    60:       22.000       18.000       14.000       10.000       21.000
    65:       22.000       19.000       11.000        6.000        6.000
    70:        6.000        6.000        6.000        6.000        6.000
    75:        6.000        6.000        6.000        6.000        6.000
    80:        6.000        1.000        1.000        6.000        6.000
    85:        6.000        6.000        6.000        6.000        6.000
    90:        6.000        6.000        1.000        6.000        2.000
    95:        4.000       22.000       24.000       12.000       13.000
   100:        8.000        5.000       17.000        6.000        6.000
   105:       18.000       14.000       10.000       19.000       11.000
   110:        6.000        6.000        6.000        6.000        6.000
   115:        6.000        6.000        6.000        6.000        6.000
   120:        6.000        6.000        6.000        6.000        6.000
   125:        6.000        6.000        6.000        6.000        6.000
   130:        6.000        6.000        6.000        6.000        6.000
   135:        6.000        6.000        6.000        6.000        6.000
   140:        6.000        6.000        6.000        6.000        6.000
   145:        6.000        6.000        6.000        6.000        6.000
   150:        6.000        6.000        6.000        6.000        6.000
   155:        6.000        6.000        6.000        6.000        6.000
   160:        6.000        6.000        1.000        6.000        6.000
   165:        6.000        6.000        6.000        6.000        6.000
   170:        6.000        6.000        6.000        6.000        6.000
   175:        6.000        6.000        6.000        6.000        6.000
   180:        6.000        6.000        6.000        6.000        6.000
   185:        6.000        6.000        6.000        6.000        6.000
   190:        6.000        6.000        6.000        6.000        6.000
   195:        6.000        6.000        6.000        6.000        6.000
   200:        6.000        6.000        6.000        6.000        6.000
   205:        6.000        6.000        6.000        6.000        6.000
   210:        6.000        6.000        6.000        6.000        6.000
   215:        6.000        6.000        6.000        6.000        6.000
   220:        6.000        6.000        6.000        6.000        6.000
   225:        6.000        6.000        6.000        6.000        6.000
   230:        6.000        6.000        6.000        6.000        6.000
   235:        6.000        6.000        6.000        6.000        6.000
   240:        6.000        6.000        6.000        6.000        6.000
   245:        6.000        6.000        6.000        6.000        6.000
   250:        6.000        6.000        6.000        6.000        6.000
   255:        6.000        6.000        6.000        6.000        6.000
   260:        6.000        6.000        6.000        6.000        6.000
   265:        6.000        6.000        6.000        6.000        6.000
   270:        6.000        6.000        6.000        6.000        6.000
   275:        6.000        6.000        6.000        6.000        6.000
   280:        6.000        6.000        6.000        6.000        6.000
   285:        6.000        6.000        6.000        6.000        6.000
   290:        6.000        6.000        6.000        6.000        6.000
   295:        6.000        6.000        6.000        6.000        6.000
   300:        1.000        1.000        6.000        6.000        2.000
   305:        4.000       22.000       24.000       12.000       13.000
   310:        8.000        5.000       17.000        6.000        6.000
   315:        6.000       18.000       14.000       10.000        6.000
   320:        6.000       19.000       11.000        6.000        2.000
   325:        4.000       22.000       24.000       12.000       13.000
   330:        8.000        5.000       17.000       21.000       22.000
   335:        6.000       18.000       14.000       10.000        6.000
   340:        6.000        6.000        6.000       19.000       11.000
   345:        6.000        6.000        6.000        1.000        6.000
   350:        2.000        4.000       22.000       24.000       12.000
   355:       13.000        8.000        5.000       17.000        6.000
   360:       18.000       14.000       10.000        6.000        6.000
   365:       19.000       11.000        6.000        2.000        4.000
   370:       22.000       24.000       12.000       13.000        8.000
   375:        5.000       17.000        6.000        6.000        6.000
   380:       18.000       14.000       10.000        6.000        6.000
   385:        6.000        6.000       19.000       11.000        6.000
   390:        6.000        6.000        6.000        6.000        6.000
   395:        6.000        6.000        6.000        6.000        6.000
   400:        6.000        2.000        4.000       22.000       24.000
   405:       12.000       13.000        8.000        5.000       17.000
   410:        6.000       18.000       14.000       10.000       19.000
   415:       11.000        6.000        6.000        6.000        6.000
   420:        2.000        4.000       22.000       24.000       12.000
   425:       13.000        8.000        5.000       17.000        6.000
   430:        6.000        6.000        6.000       18.000        6.000
   435:       14.000       10.000       19.000       11.000        6.000
   440:        6.000        6.000        6.000        6.000        6.000
   445:        6.000        6.000        6.000        6.000        2.000
   450:        4.000       22.000       24.000       12.000       13.000
   455:        8.000        5.000       17.000       18.000       14.000
   460:       10.000       19.000       11.000        2.000        4.000
   465:       22.000       24.000       12.000       13.000        8.000
   470:        5.000       17.000        6.000       18.000       14.000
   475:       10.000        6.000       19.000       11.000        6.000
   480:        2.000        4.000       22.000       24.000       12.000
   485:       13.000        8.000        5.000       17.000        6.000
   490:       18.000       14.000       10.000       21.000       22.000
   495:       19.000       11.000        6.000        6.000        2.000
   500:        4.000       22.000       24.000       12.000       13.000
   505:        8.000        5.000       17.000        6.000       18.000
   510:       21.000       22.000       14.000       10.000       19.000
   515:       11.000        6.000        6.000        6.000        6.000
   520:        6.000        6.000        6.000        6.000        6.000
   525:        6.000        6.000        6.000        6.000        6.000
   530:        6.000        2.000        4.000       22.000       24.000
   535:       12.000       13.000        8.000        5.000       17.000
   540:        6.000        6.000       18.000       14.000       10.000
   545:        6.000        6.000        6.000       19.000       11.000
   550:        6.000        6.000        6.000        6.000        6.000
   555:        6.000        6.000        6.000        6.000        6.000
   560:        6.000        6.000        6.000        6.000        6.000
   565:        6.000        6.000        2.000        4.000       22.000
   570:       24.000       12.000       13.000        8.000        5.000
   575:       17.000        6.000       18.000       14.000       10.000
   580:        6.000       19.000       11.000        6.000        6.000
   585:        6.000        6.000        6.000        6.000        6.000
   590:        6.000        6.000        6.000        6.000        6.000
   595:        6.000        6.000        6.000        6.000        6.000
   600:        6.000        6.000        6.000        6.000        6.000
   605:        6.000        6.000        6.000        6.000        2.000
   610:        4.000       22.000       24.000       12.000       13.000
   615:        8.000        5.000       17.000        6.000       18.000
   620:       14.000       10.000       19.000       11.000        6.000
   625:        2.000        4.000       22.000       24.000       12.000
   630:       13.000        8.000        5.000       17.000       18.000
   635:       14.000       10.000       19.000       11.000        6.000
   640:        6.000        6.000        6.000        6.000        6.000
   645:        6.000        6.000        6.000        6.000        2.000
   650:        4.000       22.000       24.000       12.000       13.000
   655:        8.000        5.000       17.000        6.000        6.000
   660:        6.000       18.000        6.000        6.000       14.000
   665:       10.000       19.000       11.000        6.000        6.000
   670:        6.000        6.000        6.000        1.000        6.000
   675:        6.000        6.000        6.000        6.000        6.000
   680:        2.000        4.000       22.000       24.000       12.000
   685:       13.000        8.000        5.000       17.000       21.000
   690:       22.000        6.000        6.000       18.000       14.000
   695:       10.000        6.000        6.000       19.000       11.000
   700:        6.000        6.000        6.000        6.000        6.000
   705:        6.000        6.000        6.000        6.000        6.000
   710:        6.000        6.000        6.000        6.000        6.000
   715:        2.000        4.000       22.000       24.000       12.000
   720:       13.000        8.000        5.000       17.000       21.000
   725:       22.000       18.000       14.000       10.000       19.000
   730:       11.000        6.000        6.000        6.000        6.000
   735:        6.000        2.000        4.000       22.000       24.000
   740:       12.000       13.000        8.000        5.000       17.000
   745:        6.000       18.000       14.000       10.000        6.000
   750:        6.000        6.000       19.000       11.000        1.000
   755:        6.000        2.000        4.000       22.000       24.000
   760:       12.000       13.000        8.000        5.000       17.000
   765:       21.000       22.000       18.000       14.000       10.000
   770:        6.000       19.000       11.000        6.000        6.000
   775:        6.000        6.000        6.000        6.000        6.000
   780:        6.000        2.000        4.000       22.000       24.000
   785:       12.000       13.000        8.000        5.000       17.000
   790:       18.000       14.000       10.000       19.000       11.000
   795:        6.000        6.000        6.000        6.000        6.000
   800:        6.000        6.000        6.000      100.000
T:
     0:        0.000        0.000        0.000        0.000       64.630
     5:       64.860       65.210       72.260       73.800       73.800
    10:       73.800       73.810       73.810       73.810       73.810
    15:       73.810       73.810       77.810       78.810       78.810
    20:       80.610       80.840       83.800       83.810       83.980
    25:       93.380      128.600      145.360      147.060      147.340
    30:      147.610      149.500      150.990      154.750      167.980
    35:      167.980      167.980      167.990      167.990      167.990
    40:      167.990      167.990      167.990      168.240      168.240
    45:      171.990      172.990      172.990      177.980      177.990
    50:      178.690      178.690      178.690      178.700      178.700
    55:      178.700      178.700      178.700      178.700      179.040
    60:      179.040      182.700      183.700      183.700      187.910
    65:      187.910      188.690      188.700      194.320      194.840
    70:      195.680      200.190      200.540      204.630      204.700
    75:      204.870      208.740      209.850      210.100      211.920
    80:      225.190      232.570      234.090      247.810      248.510
    85:      248.910      253.940      254.260      254.740      255.560
    90:      257.930      258.580      272.500      277.230      291.100
    95:      291.100      291.100      291.110      291.110      291.110
   100:      291.110      291.110      291.110      291.920      292.170
   105:      295.110      296.110      296.110      301.100      301.110
   110:      336.470      376.460      376.700      377.030      379.470
   115:      389.930      395.540      395.690      395.980      408.140
   120:      413.020      413.390      414.580      414.750      414.780
   125:      415.770      424.050      425.450      431.190      438.570
   130:      440.670      441.200      441.790      453.690      457.130
   135:      457.850      465.140      470.650      481.870      482.440
   140:      482.480      509.120      509.550      514.700      515.730
   145:      517.110      517.750      520.590      520.860      529.770
   150:      530.230      558.370      559.850      560.120      570.800
   155:      571.170      571.500      573.630      574.270      574.990
   160:      575.240      580.080      594.620      596.750      596.830
   165:      630.940      639.010      647.150      647.260      653.020
   170:      665.080      688.070      727.790      728.010      728.800
   175:      729.930      730.330      731.120      743.460      767.850
   180:      768.480      768.540      790.180      790.640      801.460
   185:      811.630      900.070      900.270      907.280      907.430
   190:      978.860      979.000      996.410     1015.070     1015.380
   195:     1016.260     1021.720     1022.290     1032.460     1032.710
   200:     1032.920     1055.940     1056.090     1128.620     1182.950
   205:     1197.910     1218.110     1225.460     1247.880     1268.780
   210:     1268.870     1269.480     1269.980     1274.950     1277.320
   215:     1278.030     1286.860     1288.100     1288.520     1288.630
   220:     1296.550     1297.020     1307.820     1307.920     1345.610
   225:     1346.050     1348.230     1348.830     1349.740     1350.300
   230:     1372.190     1375.260     1375.450     1382.390     1387.860
   235:     1388.110     1417.420     1438.190     1439.200     1440.230
   240:     1466.230     1484.420     1499.150     1518.180     1522.650
   245:     1522.890     1529.360     1939.560     1967.470     1967.630
   250:     1973.470     2022.370     2049.030     2049.210     2051.210
   255:     2056.240     2065.930     2088.670     2145.980     2146.070
   260:     2147.310     2148.030     2149.840     2168.060     2168.550
   265:     2168.770     2171.240     2198.350     2205.370     2233.950
   270:     2248.250     2254.220     2254.410     2256.850     2257.030
   275:     2257.420     2258.060     2259.270     2259.950     2266.090
   280:     2270.050     2271.810     2276.700     2299.490     2320.560
   285:     2340.620     2523.270     2523.880     2551.040     2554.750
   290:     2559.240     2569.060     2573.600     2575.850     2586.320
   295:     2602.810     2603.180     2603.910     2605.180     2624.180
   300:     2643.210     2647.950     2654.440     2669.040     2669.860
   305:     2669.860     2669.860     2669.870     2669.870     2669.870
   310:     2669.870     2669.870     2669.870     2671.260     2673.380
   315:     2673.860     2673.870     2674.870     2674.870     2675.110
   320:     2675.850     2679.860     2679.870     2682.610     2683.670
   325:     2683.670     2683.670     2683.680     2683.680     2683.680
   330:     2683.680     2683.680     2683.680     2683.880     2683.880
   335:     2686.850     2687.680     2688.680     2688.680     2689.850
   340:     2690.810     2692.220     2693.550     2693.670     2693.680
   345:     2694.760     2701.870     2702.670     2742.190     2767.080
   350:     2780.240     2780.240     2780.240     2780.250     2780.250
   355:     2780.250     2780.250     2780.250     2780.250     2781.040
   360:     2784.250     2785.250     2785.250     2785.550     2786.360
   365:     2790.240     2790.250     2799.130     2815.640     2815.640
   370:     2815.640     2815.650     2815.650     2815.650     2815.650
   375:     2815.650     2815.650     2816.300     2816.600     2817.890
   380:     2819.650     2820.650     2820.650     2822.080     2822.670
   385:     2823.900     2824.420     2825.640     2825.650     2833.210
   390:     2833.620     2834.950     2841.380     2898.180     3683.610
   395:     3684.000     3684.140     3844.690     3845.010     3845.240
   400:     3924.310     3928.130     3928.130     3928.130     3928.140
   405:     3928.140     3928.140     3928.140     3928.140     3928.140
   410:     3929.480     3932.140     3933.140     3933.140     3938.130
   415:     3938.140     3942.730     3945.510     3945.900     3946.110
   420:     3947.760     3947.760     3947.760     3947.770     3947.770
   425:     3947.770     3947.770     3947.770     3947.770     3948.310
   430:     3948.580     3948.790     3951.370     3951.770     3951.860
   435:     3952.770     3952.770     3957.760     3957.770     3972.260
   440:     3974.890     3976.560     3976.800     3980.010     4726.330
   445:     4812.610     4861.400     4861.490     4868.460     4923.450
   450:     4923.450     4923.450     4923.460     4923.460     4923.460
   455:     4923.460     4923.460     4923.460     4927.460     4928.460
   460:     4928.460     4933.450     4933.460     4937.730     4937.730
   465:     4937.730     4937.740     4937.740     4937.740     4937.740
   470:     4937.740     4937.740     4938.870     4941.740     4942.740
   475:     4942.740     4946.910     4947.730     4947.740     4961.620
   480:     4962.500     4962.500     4962.500     4962.510     4962.510
   485:     4962.510     4962.510     4962.510     4962.510     4965.020
   490:     4966.510     4967.510     4967.510     4971.490     4971.490
   495:     4972.500     4972.510     4972.920     4973.400     5004.570
   500:     5004.570     5004.570     5004.580     5004.580     5004.580
   505:     5004.580     5004.580     5004.580     5005.310     5008.580
   510:     5009.520     5009.520     5009.580     5009.580     5014.570
   515:     5014.580     5015.780     5016.120     5020.190     5020.560
   520:     5023.890     5024.980     5025.900     5026.450     5031.100
   525:     5031.600     5033.460     5035.280     5092.730     5093.130
   530:     5093.350     5101.170     5101.170     5101.170     5101.180
   535:     5101.180     5101.180     5101.180     5101.180     5101.180
   540:     5102.670     5103.030     5105.180     5106.180     5106.180
   545:     5108.340     5108.900     5110.020     5111.170     5111.180
   550:     5116.960     5117.600     5128.830     5129.980     5135.960
   555:     5136.170     5136.200     5136.440     5137.770     5138.120
   560:     5139.700     6195.560     6554.790     6562.000     6562.460
   565:     6761.920     6798.150     6827.510     6827.510     6827.510
   570:     6827.520     6827.520     6827.520     6827.520     6827.520
   575:     6827.520     6831.010     6831.520     6832.520     6832.520
   580:     6833.440     6837.510     6837.520     6837.640     6838.070
   585:     6838.280     6842.390     6844.680     6845.710     6869.710
   590:     6873.000     6876.950     6879.140     6879.630     6883.000
   595:     6886.080     6919.300     6920.030     6996.100     6996.400
   600:     6996.640     7001.420     7002.100     7046.830     7662.670
   605:     8230.180     8246.200     8246.620     8276.580     8359.700
   610:     8359.700     8359.700     8359.710     8359.710     8359.710
   615:     8359.710     8359.710     8359.710     8361.730     8363.710
   620:     8364.710     8364.710     8369.700     8369.710     8374.150
   625:     8378.440     8378.440     8378.440     8378.450     8378.450
   630:     8378.450     8378.450     8378.450     8378.450     8382.450
   635:     8383.450     8383.450     8388.440     8388.450     8401.810
   640:     8403.220     8408.320     8409.010     8414.750     8415.880
   645:     8416.550     8417.450     8418.080     8418.100     8419.250
   650:     8419.250     8419.250     8419.260     8419.260     8419.260
   655:     8419.260     8419.260     8419.260     8419.850     8422.500
   660:     8423.100     8423.260     8423.840     8423.960     8424.260
   665:     8424.260     8429.250     8429.260     8429.820     8430.610
   670:     8431.980     8432.960     8454.000     8460.150     8482.240
   675:     8488.420     8496.420     8496.740     8497.390     8502.870
   680:     8505.580     8505.580     8505.580     8505.590     8505.590
   685:     8505.590     8505.590     8505.590     8505.590     8505.810
   690:     8505.810     8508.300     8509.550     8509.590     8510.590
   695:     8510.590     8512.760     8513.410     8515.580     8515.590
   700:     8515.840     8526.940     8528.460     8529.160     8536.800
   705:     8542.120     8560.690     8620.560     9707.640     9708.060
   710:     9709.130     9709.310     9914.110     9953.450    10347.790
   715:    10399.160    10399.160    10399.160    10399.170    10399.170
   720:    10399.170    10399.170    10399.170    10399.170    10399.990
   725:    10399.990    10403.170    10404.170    10404.170    10409.160
   730:    10409.170    10411.470    10443.390    10448.460    10448.720
   735:    10449.460    10457.830    10457.830    10457.830    10457.840
   740:    10457.840    10457.840    10457.840    10457.840    10457.840
   745:    10458.830    10461.840    10462.840    10462.840    10463.410
   750:    10464.200    10466.170    10467.830    10467.840    10492.220
   755:    10538.670    10546.190    10546.190    10546.190    10546.200
   760:    10546.200    10546.200    10546.200    10546.200    10546.200
   765:    10548.390    10548.390    10550.200    10551.200    10551.200
   770:    10555.380    10556.190    10556.200    10556.550    10556.770
   775:    10556.830    10557.090    10675.120    10685.630    10719.100
   780:    10726.160    10734.270    10734.270    10734.270    10734.280
   785:    10734.280    10734.280    10734.280    10734.280    10734.280
   790:    10738.280    10739.280    10739.280    10744.270    10744.280
   795:    10748.910    10754.150    10766.440    10766.730    10766.820
   800:    10783.210    10783.950    10784.810    10800.000
