File: C:\MED-PC\Data\2025-03-12_09h11m_Subject 75.txt


Start Date: 03/12/25
End Date: 03/12/25
Subject: 75
Experiment: OralFentSA
Group: One
Box: 3
Start Time: 09:11:55
End Time: 12:13:28
MSN: 20241014_Golden_Liq_SelfAdmin
F:       0.000
G:     490.000
H:   10800.000
I:       0.000
J:       0.000
K:       0.000
L:       0.000
M:       0.000
N:       0.000
O:       0.000
P:       0.000
Q:       0.000
R:       0.000
S:       0.000
U:       0.000
V:       0.000
W:       0.000
X:       0.000
Y:       0.000
Z:       0.000
A:
     0:        0.000        0.000      180.000        4.000        0.000
     5:        5.000        0.000        5.000        0.000        0.000
    10:        1.000        0.000       10.000  3000000.000       21.000
    15:        8.000      640.000        0.000        0.000        0.000
    20:        0.000
B:
     0:        0.000        0.000        0.000      400.000        0.000
     5:      500.000        0.000      500.000        0.000        0.000
    10:        0.000        0.000     1000.000 300000000.000        0.000
    15:        0.000        0.000        0.000        0.000        0.000
    20:        0.000
C:
     0:       14.000       15.000        1.000       17.000      283.000
     5:     7850.000        3.160       13.000       88.430        6.802
    10:       17.000        1.000        0.000        0.000        0.000
    15:        0.000        0.000        0.000        0.000        0.000
    20:        0.000
D:
     0:       19.100        2.040        5.160        2.030        4.520
     5:       38.300        1.510        0.840        0.900        7.780
    10:        1.740        1.350        3.160
E:
     0:       19.000       11.000       26.000       27.000        2.000
     5:        4.000       22.000       24.000       12.000       13.000
    10:        8.000        5.000       17.000       18.000       14.000
    15:       10.000       19.000       11.000        6.000        6.000
    20:        6.000        6.000        1.000        6.000        6.000
    25:        6.000        6.000        6.000        6.000        6.000
    30:        2.000        4.000       22.000       24.000       12.000
    35:       13.000        8.000        5.000       17.000       18.000
    40:       14.000       10.000       19.000       11.000        2.000
    45:        4.000       22.000       24.000       12.000       13.000
    50:        8.000        5.000       17.000        6.000        6.000
    55:       18.000       14.000       10.000        6.000        6.000
    60:       19.000       11.000        2.000        4.000       22.000
    65:       24.000       12.000       13.000        8.000        5.000
    70:       17.000       18.000       14.000       10.000        6.000
    75:       19.000       11.000        6.000        6.000        6.000
    80:        6.000        6.000        6.000        6.000        6.000
    85:        6.000        6.000        6.000        6.000        6.000
    90:        6.000        6.000        6.000        6.000        6.000
    95:        6.000        6.000        6.000        6.000        6.000
   100:        6.000        6.000        6.000        6.000        6.000
   105:        6.000        6.000        6.000        6.000        6.000
   110:        6.000        6.000        6.000        6.000        6.000
   115:        6.000        6.000        6.000        6.000        6.000
   120:        6.000        6.000        6.000        6.000        6.000
   125:        6.000        6.000        6.000        6.000        6.000
   130:        6.000        6.000        6.000        6.000        6.000
   135:        6.000        6.000        6.000        6.000        6.000
   140:        6.000        6.000        6.000        6.000        6.000
   145:        6.000        6.000        6.000        6.000        6.000
   150:        6.000        6.000        6.000        2.000        4.000
   155:       22.000       24.000       12.000       13.000        8.000
   160:        5.000       17.000        6.000       18.000       14.000
   165:       10.000        6.000       19.000       11.000        6.000
   170:        6.000        6.000        6.000        6.000        6.000
   175:        2.000        4.000       22.000       24.000       12.000
   180:       13.000        8.000        5.000       17.000       18.000
   185:        6.000        6.000       14.000       10.000       19.000
   190:       11.000        6.000        6.000        2.000        4.000
   195:       22.000       24.000       12.000       13.000        8.000
   200:        5.000       17.000       18.000       14.000       10.000
   205:       19.000       11.000        6.000        6.000        6.000
   210:        6.000        6.000        6.000        2.000        4.000
   215:       22.000       24.000       12.000       13.000        8.000
   220:        5.000       17.000       21.000       22.000        6.000
   225:       18.000       14.000       10.000        6.000       19.000
   230:       11.000        6.000        6.000        6.000        6.000
   235:        6.000        6.000        6.000        6.000        6.000
   240:        6.000        6.000        6.000        6.000        6.000
   245:        6.000        6.000        6.000        6.000        6.000
   250:        2.000        4.000       22.000       24.000       12.000
   255:       13.000        8.000        5.000       17.000        6.000
   260:       18.000       14.000       10.000        6.000       19.000
   265:       11.000        6.000        6.000        6.000        6.000
   270:        6.000        6.000        6.000        6.000        6.000
   275:        6.000        6.000        6.000        6.000        6.000
   280:        6.000        6.000        6.000        6.000        6.000
   285:        6.000        6.000        6.000        6.000        6.000
   290:        6.000        6.000        6.000        6.000        6.000
   295:        6.000        6.000        6.000        6.000        6.000
   300:        6.000        6.000        6.000        6.000        6.000
   305:        6.000        2.000        4.000       22.000       24.000
   310:       12.000       13.000        8.000        5.000       17.000
   315:        6.000       18.000        6.000        6.000        6.000
   320:       14.000       10.000        6.000        6.000       19.000
   325:       11.000        6.000        2.000        4.000       22.000
   330:       24.000       12.000       13.000        8.000        5.000
   335:       17.000       18.000       14.000       10.000        6.000
   340:       19.000       11.000        6.000        6.000        6.000
   345:        6.000        6.000        6.000        6.000        6.000
   350:        6.000        6.000        6.000        2.000        4.000
   355:       22.000       24.000       12.000       13.000        8.000
   360:        5.000       17.000       21.000       22.000       21.000
   365:       22.000        6.000       18.000        6.000       14.000
   370:       10.000        6.000        6.000       19.000       11.000
   375:        6.000        6.000        6.000        6.000        6.000
   380:        6.000        6.000        6.000        6.000        6.000
   385:        6.000        6.000        6.000        6.000        6.000
   390:        6.000        6.000        6.000        6.000        6.000
   395:        6.000        6.000        6.000        6.000        6.000
   400:        6.000        6.000        6.000        6.000        6.000
   405:        6.000        6.000        6.000        6.000        2.000
   410:        4.000       22.000       24.000       12.000       13.000
   415:        8.000        5.000       17.000        6.000        6.000
   420:       18.000       14.000       10.000       19.000       11.000
   425:        6.000        6.000        6.000        6.000        6.000
   430:        6.000        6.000        6.000        6.000        6.000
   435:        6.000        2.000        4.000       22.000       24.000
   440:       12.000       13.000        8.000        5.000       17.000
   445:        6.000       18.000       14.000       10.000       19.000
   450:       11.000        6.000        6.000        6.000        6.000
   455:        6.000        6.000        6.000        6.000        6.000
   460:        6.000        6.000        6.000        6.000        6.000
   465:        6.000        6.000        6.000        6.000        6.000
   470:        6.000        6.000        6.000        6.000        6.000
   475:        6.000        6.000        6.000        6.000        6.000
   480:        6.000        6.000        6.000        6.000        6.000
   485:        6.000        6.000        6.000        6.000        6.000
   490:      100.000
T:
     0:        0.000        0.000        0.000        0.000        4.290
     5:        4.290        4.290        4.300        4.300        4.300
    10:        4.300        4.300        4.300        8.300        9.300
    15:        9.300       14.290       14.300       23.400       28.650
    20:       35.870       36.160       65.470       99.570      101.810
    25:      138.300      139.370      139.860      139.910      140.150
    30:      152.180      152.180      152.180      152.190      152.190
    35:      152.190      152.190      152.190      152.190      156.190
    40:      157.190      157.190      162.180      162.190      200.520
    45:      200.520      200.520      200.530      200.530      200.530
    50:      200.530      200.530      200.530      202.570      202.620
    55:      204.530      205.530      205.530      207.200      208.050
    60:      210.520      210.530      214.140      214.140      214.140
    65:      214.150      214.150      214.150      214.150      214.150
    70:      214.150      218.150      219.150      219.150      219.310
    75:      224.140      224.150      506.250      573.610      575.130
    80:      679.180      679.230      955.240      955.340      982.040
    85:      982.120      982.340     1058.770     1080.030     1096.360
    90:     1104.160     1105.650     1121.440     1134.830     1140.500
    95:     1159.490     1173.190     1196.580     1197.180     1197.820
   100:     1265.920     1435.170     1522.090     1522.460     1522.690
   105:     1526.880     1533.110     1533.830     1534.130     1536.730
   110:     1540.920     1541.270     1541.490     1541.700     1543.560
   115:     1543.790     1545.730     1547.460     1566.500     1568.350
   120:     1578.070     1578.360     1586.100     1606.990     1612.660
   125:     1612.980     1626.440     1627.200     1629.900     1630.140
   130:     1630.240     1662.960     1687.850     1924.230     1943.100
   135:     1959.210     1959.470     1960.740     1966.250     2065.310
   140:     2090.180     2090.540     2109.050     2152.900     2164.360
   145:     2165.300     2165.620     2166.140     2167.840     2167.910
   150:     2168.510     2192.520     2210.640     2253.160     2253.160
   155:     2253.160     2253.170     2253.170     2253.170     2253.170
   160:     2253.170     2253.170     2255.200     2257.170     2258.170
   165:     2258.170     2261.010     2263.160     2263.170     2400.950
   170:     2436.370     2436.510     2454.760     2455.980     2498.550
   175:     2514.910     2514.910     2514.910     2514.920     2514.920
   180:     2514.920     2514.920     2514.920     2514.920     2518.920
   185:     2519.440     2519.510     2519.920     2519.920     2524.910
   190:     2524.920     2535.690     2535.880     2588.750     2588.750
   195:     2588.750     2588.760     2588.760     2588.760     2588.760
   200:     2588.760     2588.760     2592.760     2593.760     2593.760
   205:     2598.750     2598.760     2627.060     2628.210     2638.540
   210:     2660.130     2670.690     2672.880     2674.340     2674.340
   215:     2674.340     2674.350     2674.350     2674.350     2674.350
   220:     2674.350     2674.350     2674.760     2674.760     2675.860
   225:     2678.350     2679.350     2679.350     2680.550     2684.340
   230:     2684.350     2693.040     2693.150     2784.210     3074.460
   235:     3080.400     3463.120     3464.960     3510.530     3525.280
   240:     3533.650     3600.980     3610.420     3810.640     3810.720
   245:     3871.950     3889.220     3889.890     3890.080     4016.190
   250:     4029.470     4029.470     4029.470     4029.480     4029.480
   255:     4029.480     4029.480     4029.480     4029.480     4030.320
   260:     4033.480     4034.480     4034.480     4037.100     4039.470
   265:     4039.480     4056.980     4064.940     4080.550     4081.060
   270:     4089.000     4111.220     4111.500     4122.520     4122.710
   275:     4127.300     4155.300     4207.360     4207.580     4242.480
   280:     4486.210     4496.860     4497.080     4497.270     4525.050
   285:     4543.620     4562.550     4571.770     4591.940     4970.120
   290:     4971.590     4980.180     5006.570     5007.260     5456.390
   295:     5459.510     5484.210     5485.770     5486.960     5528.280
   300:     5541.750     5542.230     5547.500     5548.390     5555.930
   305:     5556.550     5915.240     5915.240     5915.240     5915.250
   310:     5915.250     5915.250     5915.250     5915.250     5915.250
   315:     5916.150     5919.250     5919.720     5919.940     5920.180
   320:     5920.250     5920.250     5924.770     5924.870     5925.240
   325:     5925.250     5925.810     5928.140     5928.140     5928.140
   330:     5928.150     5928.150     5928.150     5928.150     5928.150
   335:     5928.150     5932.150     5933.150     5933.150     5935.930
   340:     5938.140     5938.150     5969.780     6026.940     6037.610
   345:     6040.640     6041.920     6054.850     6065.210     6065.490
   350:     6065.960     6082.370     6082.550     6083.590     6083.590
   355:     6083.590     6083.600     6083.600     6083.600     6083.600
   360:     6083.600     6083.600     6084.030     6084.030     6084.450
   365:     6084.450     6085.340     6087.600     6088.560     6088.600
   370:     6088.600     6088.710     6090.190     6093.590     6093.600
   375:     6095.120     6096.040     6096.570     6096.790     6098.020
   380:     6138.160     6142.250     6152.380     6158.730     6194.560
   385:     6206.690     6206.840     6216.570     6697.590     7031.820
   390:     7116.420     7117.300     7509.630     7528.570     7551.950
   395:     7554.280     7554.580     7554.600     7652.260     7687.060
   400:     7708.460     7734.920     7735.390     7735.780     7738.160
   405:     7744.510     7744.780     7745.010     7763.760     7767.470
   410:     7767.470     7767.470     7767.480     7767.480     7767.480
   415:     7767.480     7767.480     7767.480     7768.830     7769.160
   420:     7771.480     7772.480     7772.480     7777.470     7777.480
   425:     7781.680     7785.300     7807.530     7808.220     7808.680
   430:     7811.960     7825.230     7825.490     7825.530     7840.890
   435:     7842.080     7849.990     7849.990     7849.990     7850.000
   440:     7850.000     7850.000     7850.000     7850.000     7850.000
   445:     7853.160     7854.000     7855.000     7855.000     7859.990
   450:     7860.000     7863.310     7867.870     7868.730     7899.500
   455:     7899.680     7899.880     7953.530     7968.930     7969.730
   460:     8257.430     9283.740     9287.690     9291.830     9300.780
   465:     9303.120     9316.270     9321.770     9363.330     9365.720
   470:     9366.120     9368.950     9369.420     9369.830     9370.620
   475:     9375.550     9375.700     9375.820     9377.970     9378.180
   480:     9378.450     9378.760     9819.290     9819.440     9882.570
   485:    10160.430    10209.820    10210.530    10547.660    10548.320
   490:    10800.000
