File: C:\MED-PC\Data\2025-03-14_12h55m_Subject 94.txt


Start Date: 03/14/25
End Date: 03/14/25
Subject: 94
Experiment: OralFentSA
Group: One
Box: 11
Start Time: 12:55:36
End Time: 15:56:16
MSN: 20241014_Golden_Liq_SelfAdmin
F:       0.000
G:     741.000
H:   10800.000
I:       0.000
J:       0.000
K:       0.000
L:       0.000
M:       0.000
N:       0.000
O:       0.000
P:       0.000
Q:       0.000
R:       0.000
S:       0.000
U:       0.000
V:       0.000
W:       0.000
X:       0.000
Y:       0.000
Z:       0.000
A:
     0:        0.000        0.000      180.000        4.000        0.000
     5:        5.000        0.000        5.000        0.000        0.000
    10:        1.000        0.000       10.000  3000000.000       16.000
    15:       10.000      640.000        0.000        0.000        0.000
    20:        0.000
B:
     0:        0.000        0.000        0.000      400.000        0.000
     5:      500.000        0.000      500.000        0.000        0.000
    10:        0.000        0.000     1000.000 300000000.000        0.000
    15:        0.000        0.000        0.000        0.000        0.000
    20:        0.000
C:
     0:       13.000       14.000       28.000       13.000      527.000
     5:     9645.050      133.670       12.000      391.880       32.657
    10:       13.000       28.000        0.000        0.000        0.000
    15:        0.000        0.000        0.000        0.000        0.000
    20:        0.000
D:
     0:        2.040       14.230        6.510       17.260        1.770
     5:       57.790        5.150        9.420      138.790        0.960
    10:        4.290      133.670
E:
     0:       19.000       11.000       26.000       27.000        6.000
     5:        6.000        6.000        6.000        6.000        6.000
    10:        6.000        6.000        6.000        6.000        1.000
    15:        6.000        6.000        6.000        6.000        6.000
    20:        6.000        6.000        6.000        6.000        6.000
    25:        6.000        6.000        6.000        6.000        6.000
    30:        2.000        4.000       22.000       24.000       12.000
    35:       13.000        8.000        5.000       17.000        6.000
    40:       18.000       14.000       10.000        6.000        6.000
    45:        6.000       19.000       11.000        6.000        6.000
    50:        6.000        6.000        6.000        6.000        6.000
    55:        6.000        6.000        6.000        6.000        6.000
    60:        6.000        1.000        6.000        6.000        6.000
    65:        6.000        6.000        6.000        6.000        6.000
    70:        6.000        6.000        6.000        6.000        6.000
    75:        6.000        6.000        6.000        6.000        6.000
    80:        6.000        6.000        6.000        6.000        6.000
    85:        6.000        6.000        6.000        6.000        6.000
    90:        6.000        6.000        6.000        6.000        6.000
    95:        6.000        6.000        6.000        6.000        6.000
   100:        6.000        6.000        6.000        6.000        6.000
   105:        2.000        4.000       22.000       24.000       12.000
   110:       13.000        8.000        5.000       17.000       18.000
   115:       14.000       10.000       19.000       11.000        6.000
   120:        6.000        6.000        6.000        6.000        1.000
   125:        1.000        6.000        6.000        6.000        6.000
   130:        6.000        6.000        6.000        6.000        6.000
   135:        6.000        6.000        6.000        1.000        6.000
   140:        6.000        6.000        6.000        6.000        6.000
   145:        6.000        6.000        6.000        6.000        2.000
   150:        4.000       22.000       24.000       12.000       13.000
   155:        8.000        5.000       17.000       18.000       14.000
   160:       10.000       19.000       11.000        2.000        4.000
   165:       22.000       24.000       12.000       13.000        8.000
   170:        5.000       17.000       18.000       14.000       10.000
   175:        6.000        6.000       19.000       11.000        6.000
   180:        6.000        6.000        6.000        6.000        6.000
   185:        6.000        6.000        6.000        6.000        6.000
   190:        6.000        6.000        1.000        6.000        2.000
   195:        4.000       22.000       24.000       12.000       13.000
   200:        8.000        5.000       17.000       18.000       14.000
   205:       10.000       19.000       11.000        6.000        6.000
   210:        6.000        2.000        4.000       22.000       24.000
   215:       12.000       13.000        8.000        5.000       17.000
   220:        6.000        6.000        6.000       18.000       14.000
   225:       10.000       19.000       11.000        2.000        4.000
   230:       22.000       24.000       12.000       13.000        8.000
   235:        5.000       17.000       18.000       14.000       10.000
   240:       19.000       11.000        6.000        6.000        6.000
   245:        6.000        6.000        6.000        6.000        6.000
   250:        6.000        6.000        6.000        1.000        1.000
   255:        1.000        1.000        1.000        6.000        6.000
   260:        6.000        6.000        6.000        6.000        6.000
   265:        6.000        6.000        6.000        6.000        6.000
   270:        6.000        6.000        6.000        6.000        6.000
   275:        6.000        6.000        6.000        6.000        6.000
   280:        6.000        6.000        6.000        6.000        6.000
   285:        6.000        6.000        6.000        6.000        6.000
   290:        6.000        6.000        6.000        6.000        6.000
   295:        6.000        6.000        6.000        6.000        6.000
   300:        6.000        6.000        6.000        6.000        6.000
   305:        6.000        6.000        6.000        6.000        6.000
   310:        6.000        6.000        6.000        6.000        6.000
   315:        6.000        6.000        6.000        1.000        1.000
   320:        1.000        6.000        6.000        6.000        6.000
   325:        6.000        6.000        6.000        6.000        6.000
   330:        6.000        6.000        6.000        6.000        6.000
   335:        6.000        6.000        6.000        6.000        6.000
   340:        6.000        6.000        6.000        6.000        6.000
   345:        6.000        6.000        6.000        6.000        1.000
   350:        1.000        1.000        6.000        6.000        6.000
   355:        6.000        6.000        6.000        6.000        6.000
   360:        6.000        6.000        1.000        6.000        6.000
   365:        6.000        6.000        6.000        6.000        6.000
   370:        6.000        6.000        6.000        6.000        6.000
   375:        6.000        6.000        6.000        6.000        6.000
   380:        6.000        6.000        6.000        6.000        6.000
   385:        6.000        6.000        2.000        4.000       22.000
   390:       24.000       12.000       13.000        8.000        5.000
   395:       17.000       18.000       14.000       10.000        6.000
   400:        6.000       19.000        6.000       11.000        6.000
   405:        6.000        6.000        6.000        6.000        6.000
   410:        6.000        6.000        6.000        6.000        6.000
   415:        6.000        6.000        6.000        6.000        1.000
   420:        6.000        6.000        6.000        6.000        6.000
   425:        1.000        6.000        6.000        6.000        6.000
   430:        6.000        6.000        6.000        6.000        6.000
   435:        6.000        6.000        6.000        6.000        6.000
   440:        6.000        6.000        6.000        6.000        6.000
   445:        6.000        6.000        6.000        6.000        6.000
   450:        1.000        6.000        6.000        6.000        6.000
   455:        6.000        6.000        6.000        6.000        6.000
   460:        6.000        6.000        6.000        6.000        6.000
   465:        6.000        6.000        6.000        6.000        6.000
   470:        6.000        2.000        4.000       22.000       24.000
   475:       12.000       13.000        8.000        5.000       17.000
   480:       18.000       14.000       10.000        6.000       19.000
   485:       11.000        6.000        6.000        1.000        1.000
   490:        1.000        6.000        6.000        6.000        6.000
   495:        6.000        6.000        6.000        6.000        6.000
   500:        6.000        6.000        6.000        6.000        6.000
   505:        6.000        6.000        6.000        6.000        6.000
   510:        6.000        6.000        2.000        4.000       22.000
   515:       24.000       12.000       13.000        8.000        5.000
   520:       17.000       18.000       14.000       10.000       19.000
   525:       11.000        6.000        6.000        6.000        6.000
   530:        6.000        6.000        6.000        6.000        6.000
   535:        6.000        6.000        6.000        6.000        6.000
   540:        6.000        6.000        6.000        6.000        6.000
   545:        6.000        6.000        6.000        6.000        6.000
   550:        6.000        6.000        6.000        6.000        6.000
   555:        2.000        4.000       22.000       24.000       12.000
   560:       13.000        8.000        5.000       17.000        6.000
   565:       18.000       14.000       10.000       19.000       11.000
   570:        6.000        6.000        2.000        4.000       22.000
   575:       24.000       12.000       13.000        8.000        5.000
   580:       17.000       18.000        6.000       14.000       10.000
   585:        6.000        6.000        6.000        6.000        6.000
   590:        6.000        6.000        6.000       19.000       11.000
   595:        6.000        6.000        6.000        6.000        6.000
   600:        6.000        6.000        6.000        6.000        6.000
   605:        6.000        6.000        6.000        6.000        6.000
   610:        6.000        6.000        6.000        6.000        6.000
   615:        6.000        6.000        6.000        6.000        6.000
   620:        6.000        6.000        6.000        6.000        6.000
   625:        6.000        6.000        6.000        6.000        6.000
   630:        6.000        6.000        6.000        6.000        6.000
   635:        6.000        6.000        6.000        6.000        6.000
   640:        6.000        1.000        6.000        6.000        6.000
   645:        6.000        6.000        6.000        6.000        6.000
   650:        6.000        6.000        6.000        6.000        6.000
   655:        6.000        6.000        6.000        6.000        6.000
   660:        6.000        6.000        6.000        6.000        6.000
   665:        6.000        6.000        6.000        6.000        1.000
   670:        6.000        6.000        6.000        6.000        6.000
   675:        6.000        6.000        6.000        6.000        6.000
   680:        6.000        6.000        6.000        6.000        6.000
   685:        6.000        6.000        6.000        6.000        6.000
   690:        6.000        6.000        6.000        2.000        4.000
   695:       22.000       24.000       12.000       13.000        8.000
   700:        5.000       17.000       18.000       14.000       10.000
   705:       19.000       11.000        1.000        6.000        6.000
   710:        6.000        6.000        1.000        6.000        6.000
   715:        6.000        6.000        6.000        6.000        6.000
   720:        6.000        6.000        6.000        6.000        6.000
   725:        6.000        6.000        6.000        6.000        6.000
   730:        6.000        6.000        6.000        6.000        6.000
   735:        6.000        6.000        6.000        6.000        6.000
   740:        6.000      100.000
T:
     0:        0.000        0.000        0.000        0.000       92.240
     5:       92.290       97.150       97.250       98.960      120.040
    10:      120.120      120.270      120.350      120.640      153.260
    15:      228.370      228.770      229.370      229.420      231.760
    20:      231.800      231.920      231.980      234.910      236.090
    25:      236.460      236.690      374.640      374.730      374.990
    30:      401.540      401.540      401.540      401.550      401.550
    35:      401.550      401.550      401.550      401.550      403.590
    40:      405.550      406.550      406.550      409.860      410.180
    45:      411.220      411.540      411.550      411.730      412.250
    50:      417.220      417.630      417.830      418.540      418.630
    55:      418.650      418.810      418.840      419.400      424.670
    60:      429.510      525.440      637.120      637.820      638.810
    65:      638.960      639.430      641.590      642.030      642.260
    70:      648.540      648.660      648.870      648.940      649.210
    75:      760.480      760.610      760.990      761.210      826.940
    80:      885.900      886.220      888.050      888.130      888.220
    85:      888.320      890.850      892.100      896.980      897.190
    90:      897.280      897.340      897.540      897.590      897.610
    95:      899.870      899.890     1078.010     1078.810     1079.450
   100:     1079.960     1085.040     1085.620     1091.070     1096.960
   105:     1101.600     1101.600     1101.600     1101.610     1101.610
   110:     1101.610     1101.610     1101.610     1101.610     1105.610
   115:     1106.610     1106.610     1111.600     1111.610     1115.840
   120:     1116.500     1214.840     1214.870     1215.170     1303.300
   125:     1303.460     1504.400     1504.470     1509.580     1511.420
   130:     1517.880     1518.010     1518.140     1518.930     1692.530
   135:     1693.110     1693.930     1693.980     1923.090     1945.030
   140:     1945.320     1945.780     1946.610     1947.110     1948.800
   145:     1948.840     1948.860     1949.280     1949.500     2071.880
   150:     2071.880     2071.880     2071.890     2071.890     2071.890
   155:     2071.890     2071.890     2071.890     2075.890     2076.890
   160:     2076.890     2081.880     2081.890     2086.410     2086.410
   165:     2086.410     2086.420     2086.420     2086.420     2086.420
   170:     2086.420     2086.420     2090.420     2091.420     2091.420
   175:     2092.930     2093.080     2096.410     2096.420     2165.860
   180:     2166.180     2166.770     2167.130     2412.720     2413.260
   185:     2413.420     2413.560     2413.630     2414.500     2415.950
   190:     2417.770     2418.020     2421.530     2525.380     2539.030
   195:     2539.030     2539.030     2539.040     2539.040     2539.040
   200:     2539.040     2539.040     2539.040     2543.040     2544.040
   205:     2544.040     2549.030     2549.040     2556.300     2556.460
   210:     2557.200     2594.220     2594.220     2594.220     2594.230
   215:     2594.230     2594.230     2594.230     2594.230     2594.230
   220:     2596.000     2596.640     2596.800     2598.230     2599.230
   225:     2599.230     2604.220     2604.230     2605.250     2605.250
   230:     2605.250     2605.260     2605.260     2605.260     2605.260
   235:     2605.260     2605.260     2609.260     2610.260     2610.260
   240:     2615.250     2615.260     2663.050     2663.280     2663.910
   245:     2666.200     2668.280     2934.940     2935.440     2935.490
   250:     2935.590     2935.620     2935.720     3020.040     3072.080
   255:     3072.430     3072.660     3074.170     3178.610     3178.660
   260:     3178.780     3179.540     3185.200     3185.490     3185.890
   265:     3187.210     3188.350     3188.390     3247.610     3248.610
   270:     3248.680     3249.190     3632.880     3634.070     3634.240
   275:     3751.080     3758.770     3759.490     3760.730     3760.940
   280:     3761.390     3761.610     3763.930     3914.910     3915.440
   285:     3915.680     3916.270     3916.580     3916.630     3917.530
   290:     3917.560     3917.860     3917.930     3918.200     3918.740
   295:     3918.790     3921.590     3921.620     3921.820     3923.060
   300:     3923.160     3923.800     3924.460     3925.630     3925.840
   305:     3926.110     3926.280     3926.530     3927.450     3927.570
   310:     3928.690     3933.050     3933.630     3933.660     3933.740
   315:     3933.980     3935.840     3936.390     3995.850     3996.400
   320:     3998.220     4033.460     4079.940     4080.810     4081.560
   325:     4083.210     4083.330     4083.700     4084.220     4085.760
   330:     4089.930     4090.300     4090.530     4141.200     4142.710
   335:     4143.560     4144.670     4145.430     4146.540     4147.070
   340:     4147.240     4147.330     4147.610     4147.900     4150.930
   345:     4151.810     4152.040     4155.450     4209.610     4372.720
   350:     4374.820     4375.370     4569.890     4571.530     4584.710
   355:     4593.420     4593.450     4642.530     4642.860     4789.670
   360:     4790.330     4790.370     5121.800     5156.720     5158.050
   365:     5158.190     5200.350     5200.460     5338.920     5373.320
   370:     5373.550     5375.750     5376.220     5422.190     5492.530
   375:     5492.600     5557.620     5558.790     5663.640     5663.710
   380:     5664.280     5664.330     5665.000     5740.150     5740.450
   385:     5740.500     5741.230     5753.350     5753.350     5753.350
   390:     5753.360     5753.360     5753.360     5753.360     5753.360
   395:     5753.360     5757.360     5758.360     5758.360     5758.510
   400:     5762.270     5763.350     5763.350     5763.360     5764.280
   405:     5764.310     5765.070     5765.480     5765.850     5766.020
   410:     5766.370     5766.530     5769.580     5770.320     5770.390
   415:     5852.140     5853.540     6040.850     6040.870     6066.880
   420:     6076.940     6077.120     6077.970     6078.260     6078.320
   425:     6097.170     6143.770     6144.490     6144.570     6151.690
   430:     6152.860     6153.590     6153.750     6153.790     6153.880
   435:     6156.240     6156.440     6198.460     6359.300     6360.790
   440:     6360.920     6361.000     6463.420     6463.780     6464.000
   445:     6467.130     6467.270     6467.470     6467.530     6467.590
   450:     6505.840     6557.550     6561.790     6561.860     6562.230
   455:     6562.760     6572.530     6572.670     6572.730     6573.030
   460:     6596.770     6599.630     6599.890     6599.950     6600.740
   465:     6600.850     6600.950     6601.080     6601.280     6601.740
   470:     6606.790     6611.890     6611.890     6611.890     6611.900
   475:     6611.900     6611.900     6611.900     6611.900     6611.900
   480:     6615.900     6616.900     6616.900     6621.320     6621.890
   485:     6621.900     6622.290     6622.310     6682.480     6682.650
   490:     6715.180     6760.610     6763.580     6764.130     6847.090
   495:     6847.760     6847.860     6848.120     6848.690     6848.790
   500:     6851.750     6855.100     6856.180     6856.540     6857.440
   505:     6992.110     7058.300     7134.160     7134.640     7135.030
   510:     7135.620     7135.920     7143.050     7143.050     7143.050
   515:     7143.060     7143.060     7143.060     7143.060     7143.060
   520:     7143.060     7147.060     7148.060     7148.060     7153.050
   525:     7153.060     7281.850     7286.430     7286.630     7286.660
   530:     7286.790     7287.060     7288.680     7288.770     7289.020
   535:     7289.130     7289.420     7289.770     7290.390     7290.550
   540:     7290.700     7293.630     7293.870     7539.140     7539.930
   545:     7540.330     7540.350     7540.390     7541.280     7541.420
   550:     7544.680     7545.270     7545.350     7545.690     7648.900
   555:     7667.270     7667.270     7667.270     7667.280     7667.280
   560:     7667.280     7667.280     7667.280     7667.280     7668.240
   565:     7671.280     7672.280     7672.280     7677.270     7677.280
   570:     7722.590     7722.750     7731.100     7731.100     7731.100
   575:     7731.110     7731.110     7731.110     7731.110     7731.110
   580:     7731.110     7735.110     7735.400     7736.110     7736.110
   585:     7736.270     7736.550     7739.100     7739.160     7739.250
   590:     7739.380     7739.890     7740.070     7741.100     7741.110
   595:     8046.870     8047.200     8047.710     8048.300     8050.790
   600:     8051.960     8052.000     8052.240     8107.000     8107.030
   605:     8221.340     8222.460     8223.240     8594.910     8595.080
   610:     8595.480     8595.560     8597.510     8597.540     8597.680
   615:     8599.290     8599.360     8599.540     8601.650     8602.450
   620:     8603.150     8603.500     8603.880     8604.030     8604.060
   625:     8605.810     8620.750     8620.810     8621.090     8621.130
   630:     8621.250     8622.260     8623.100     8628.820     8630.090
   635:     8630.510     8631.430     8633.180     8634.880     8635.000
   640:     8635.500     8742.850     8788.790     8789.510     8789.610
   645:     8789.790     8878.380     8878.660     8878.770     8969.360
   650:     8970.130     8970.200     8971.670     8971.720     9021.680
   655:     9102.770     9103.950     9104.160     9104.260     9162.590
   660:     9163.340     9163.610     9163.720     9243.000     9243.200
   665:     9253.040     9253.090     9253.230     9257.260     9330.520
   670:     9447.900     9448.010     9450.000     9450.310     9450.360
   675:     9450.480     9520.810     9521.550     9522.140     9525.010
   680:     9525.130     9527.970     9528.200     9528.290     9528.400
   685:     9607.120     9608.020     9608.420     9608.560     9609.350
   690:     9633.470     9633.520     9633.890     9645.040     9645.040
   695:     9645.040     9645.050     9645.050     9645.050     9645.050
   700:     9645.050     9645.050     9649.050     9650.050     9650.050
   705:     9655.040     9655.050     9741.070     9778.720     9780.560
   710:     9781.280     9782.280     9973.360    10117.420    10117.730
   715:    10117.790    10118.140    10120.750    10121.210    10122.870
   720:    10123.080    10123.450    10123.490    10124.070    10124.470
   725:    10124.590    10124.700    10224.660    10225.330    10393.220
   730:    10393.760    10393.900    10394.010    10395.900    10540.100
   735:    10651.560    10652.220    10653.690    10653.830    10654.160
   740:    10654.230    10800.000
