File: C:\MED-PC\Data\2025-03-28_08h54m_Subject 81.txt


Start Date: 03/28/25
End Date: 03/28/25
Subject: 81
Experiment: OralFentSA
Group: One
Box: 9
Start Time: 08:54:02
End Time: 11:56:12
MSN: Golden_Liq_SelfAdmin_EXT
F:       0.000
G:     111.000
H:   10800.000
I:       0.000
J:       0.000
K:       0.000
L:       0.000
M:       0.000
N:       0.000
O:       0.000
P:       0.000
Q:       0.000
R:       0.000
S:       0.000
U:       0.000
V:       0.000
W:       0.000
X:       0.000
Y:       0.000
Z:       0.000
A:
     0:        0.000        0.000      180.000        4.000        0.000
     5:        5.000        0.000        5.000        0.000        0.000
    10:        1.000        0.000       10.000   100000.000       25.000
    15:       20.000      600.000        0.000        0.000        0.000
    20:        0.000
B:
     0:        0.000        0.000        0.000        0.000        0.000
     5:        0.000        0.000        0.000        0.000        0.000
    10:        0.000        0.000     1000.000 10000000.000        0.000
    15:        0.000        0.000        0.000        0.000        0.000
    20:        0.000
C:
     0:        0.000        6.000       15.000        8.000       51.000
     5:     9775.330      421.240        5.000      969.080      193.816
    10:        8.000       15.000        0.000        0.000        0.000
    15:        0.000        0.000        0.000        0.000        0.000
    20:        0.000
D:
     0:       12.750        4.860      519.340       10.890      421.240
E:
     0:       19.000       11.000       26.000       27.000        1.000
     5:        6.000        6.000        6.000        6.000        6.000
    10:        6.000        6.000        6.000        6.000        6.000
    15:        6.000        6.000        6.000        6.000        6.000
    20:        6.000        6.000        1.000        1.000        6.000
    25:        6.000        1.000        6.000        6.000        6.000
    30:        6.000        6.000        1.000        6.000        1.000
    35:        6.000        6.000        6.000        6.000        6.000
    40:        6.000        6.000        1.000        6.000        6.000
    45:        2.000        4.000       22.000       24.000       12.000
    50:       21.000       22.000       19.000       11.000        6.000
    55:        6.000        1.000        2.000        4.000       22.000
    60:       24.000       12.000       21.000       22.000        6.000
    65:        6.000       19.000       11.000        6.000        6.000
    70:        1.000        1.000        6.000        6.000        6.000
    75:        6.000        2.000        4.000       22.000       24.000
    80:       12.000       21.000       22.000       19.000       11.000
    85:        6.000        1.000        2.000        4.000       22.000
    90:       24.000       12.000       19.000       11.000        6.000
    95:        1.000        6.000        6.000        2.000        4.000
   100:       22.000       24.000       12.000       19.000       11.000
   105:        1.000        6.000        6.000        1.000        1.000
   110:        6.000      100.000
T:
     0:        0.000        0.000        0.000        0.000      284.510
     5:      296.320      303.930      517.670      519.840      520.110
    10:      727.670      727.690      861.650     1315.370     1315.540
    15:     1524.830     1524.860     1727.230     2072.090     2193.680
    20:     2193.920     2282.320     2347.920     2350.810     2528.620
    25:     2606.780     2619.860     2964.140     3066.680     3066.770
    30:     3067.170     3068.120     3171.900     3415.490     3477.600
    35:     3606.090     3606.220     3680.560     4225.420     4667.500
    40:     4834.940     4834.970     5137.940     5200.950     5201.180
    45:     5213.430     5213.430     5213.430     5213.440     5213.440
    50:     5223.290     5223.290     5223.430     5223.440     5226.190
    55:     5261.170     5907.230     5937.710     5937.710     5937.710
    60:     5937.720     5937.720     5938.650     5938.650     5942.580
    65:     5942.710     5947.710     5947.720     6107.580     6632.980
    70:     7419.860     7421.900     7442.570     7443.470     7443.830
    75:     7548.750     7698.550     7698.550     7698.550     7698.560
    80:     7698.560     7699.390     7699.390     7708.550     7708.560
    85:     8217.900     8408.930     8454.210     8454.210     8454.210
    90:     8454.220     8454.220     8464.210     8464.220     8465.110
    95:     9210.370     9738.590     9739.030     9775.320     9775.320
   100:     9775.320     9775.330     9775.330     9785.320     9785.330
   105:    10132.540    10196.570    10262.180    10766.350    10767.010
   110:    10798.000    10800.000
