File: C:\MED-PC\Data\2025-03-10_13h19m_Subject 85.txt


Start Date: 03/10/25
End Date: 03/10/25
Subject: 85
Experiment: OralFentSA
Group: One
Box: 1
Start Time: 13:19:45
End Time: 16:21:35
MSN: 20241014_Golden_Liq_SelfAdmin
F:       0.000
G:    1792.000
H:   10800.000
I:       0.000
J:       0.000
K:       0.000
L:       0.000
M:       0.000
N:       0.000
O:       0.000
P:       0.000
Q:       0.000
R:       0.000
S:       0.000
U:       0.000
V:       0.000
W:       0.000
X:       0.000
Y:       0.000
Z:       0.000
A:
     0:        0.000        0.000      180.000        4.000        0.000
     5:        5.000        0.000        5.000        0.000        0.000
    10:        1.000        0.000       10.000  3000000.000       21.000
    15:        6.000      640.000        0.000        0.000        0.000
    20:        0.000
B:
     0:        0.000        0.000        0.000      400.000        0.000
     5:      500.000        0.000      500.000        0.000        0.000
    10:        0.000        0.000     1000.000 300000000.000        0.000
    15:        0.000        0.000        0.000        0.000        0.000
    20:        0.000
C:
     0:       83.000       84.000       58.000      127.000      480.000
     5:    10706.790        6.000       40.000     1592.960       39.824
    10:      127.000       58.000        0.000        0.000        0.000
    15:        0.000        0.000        0.000        0.000        0.000
    20:        0.000
D:
     0:       70.860        7.440      193.830        3.930       84.210
     5:        1.880        1.670       43.630       18.080       79.730
    10:       16.340        3.160       52.980       79.390        1.480
    15:       11.530       61.120       90.950       13.090       45.500
    20:       13.590       14.010        3.810       46.520      131.490
    25:       10.340       26.700        2.160       41.130       40.770
    30:        4.310       33.040        7.700      142.110       40.710
    35:       40.570       29.100       43.030       35.070        6.000
E:
     0:       19.000       11.000       26.000       27.000        1.000
     5:        6.000        6.000        6.000        2.000        4.000
    10:       22.000       24.000       12.000       13.000        8.000
    15:        5.000       17.000       18.000       14.000       10.000
    20:       19.000       11.000        6.000        2.000        4.000
    25:       22.000       24.000       12.000       13.000        8.000
    30:        5.000       17.000       21.000       22.000       18.000
    35:       21.000       22.000       14.000       10.000        6.000
    40:       19.000       11.000        6.000        6.000        6.000
    45:        1.000        1.000        2.000        4.000       22.000
    50:       24.000       12.000       13.000        8.000        5.000
    55:       17.000       18.000       14.000       10.000       19.000
    60:       11.000        1.000        1.000        1.000        6.000
    65:        6.000        6.000        6.000        6.000        6.000
    70:        6.000        6.000        6.000        6.000        6.000
    75:        2.000        4.000       22.000       24.000       12.000
    80:       13.000        8.000        5.000       17.000        6.000
    85:       18.000       14.000       10.000        6.000       19.000
    90:       11.000        1.000        2.000        4.000       22.000
    95:       24.000       12.000       13.000        8.000        5.000
   100:       17.000       21.000       22.000       18.000       21.000
   105:       22.000       14.000       10.000       19.000       11.000
   110:        6.000        6.000        6.000        6.000        6.000
   115:        6.000        6.000        6.000        6.000        6.000
   120:        6.000        2.000        4.000       22.000       24.000
   125:       12.000       13.000        8.000        5.000       17.000
   130:       18.000       14.000       10.000       21.000       22.000
   135:       19.000       11.000        2.000        4.000       22.000
   140:       24.000       12.000       13.000        8.000        5.000
   145:       17.000        6.000       18.000        6.000       14.000
   150:       10.000        6.000        6.000        6.000        6.000
   155:        6.000       19.000       11.000        6.000        6.000
   160:        6.000        6.000        6.000        6.000        6.000
   165:        6.000        6.000        6.000        6.000        6.000
   170:        6.000        6.000        6.000        6.000        6.000
   175:        6.000        6.000        6.000        6.000        6.000
   180:        6.000        6.000        6.000        6.000        6.000
   185:        6.000        6.000        6.000        6.000        6.000
   190:        6.000        6.000        6.000        6.000        6.000
   195:        6.000        6.000        6.000        6.000        6.000
   200:        6.000        6.000        6.000        6.000        6.000
   205:        6.000        6.000        6.000        6.000        6.000
   210:        6.000        6.000        6.000        2.000        4.000
   215:       22.000       24.000       12.000       13.000        8.000
   220:        5.000       17.000       21.000       22.000       18.000
   225:       14.000       10.000       19.000       11.000        1.000
   230:        2.000        4.000       22.000       24.000       12.000
   235:       13.000        8.000        5.000       17.000        6.000
   240:        6.000       18.000       14.000       10.000        6.000
   245:        6.000        6.000        6.000        6.000       19.000
   250:       11.000        6.000        6.000        6.000        6.000
   255:        6.000        6.000        6.000        6.000        6.000
   260:        6.000        6.000        6.000        6.000        6.000
   265:        6.000        6.000        6.000        6.000        2.000
   270:        4.000       22.000       24.000       12.000       13.000
   275:        8.000        5.000       17.000       18.000       21.000
   280:       22.000       14.000       10.000       19.000       11.000
   285:        2.000        4.000       22.000       24.000       12.000
   290:       13.000        8.000        5.000       17.000       18.000
   295:       14.000       10.000       21.000       22.000       21.000
   300:       22.000       21.000       22.000       19.000       11.000
   305:        2.000        4.000       22.000       24.000       12.000
   310:       13.000        8.000        5.000       17.000       18.000
   315:       14.000       10.000       19.000       11.000        2.000
   320:        4.000       22.000       24.000       12.000       13.000
   325:        8.000        5.000       17.000       18.000       14.000
   330:       10.000       21.000       22.000       19.000       11.000
   335:        2.000        4.000       22.000       24.000       12.000
   340:       13.000        8.000        5.000       17.000       18.000
   345:       14.000       10.000       21.000       22.000       19.000
   350:       11.000        2.000        4.000       22.000       24.000
   355:       12.000       13.000        8.000        5.000       17.000
   360:       18.000       14.000       10.000       19.000       11.000
   365:        2.000        4.000       22.000       24.000       12.000
   370:       13.000        8.000        5.000       17.000       18.000
   375:       14.000       10.000       19.000       11.000        2.000
   380:        4.000       22.000       24.000       12.000       13.000
   385:        8.000        5.000       17.000       21.000       22.000
   390:       21.000       22.000       18.000       14.000       10.000
   395:       21.000       22.000       19.000       11.000        6.000
   400:        6.000        6.000        6.000        6.000        6.000
   405:        6.000        6.000        6.000        6.000        2.000
   410:        4.000       22.000       24.000       12.000       13.000
   415:        8.000        5.000       17.000       18.000       14.000
   420:       10.000       21.000       22.000       19.000       11.000
   425:        6.000        6.000        6.000        6.000        6.000
   430:        6.000        6.000        6.000        2.000        4.000
   435:       22.000       24.000       12.000       13.000        8.000
   440:        5.000       17.000       21.000       22.000       18.000
   445:       14.000       10.000       19.000       11.000        1.000
   450:        6.000        6.000        6.000        6.000        6.000
   455:        6.000        6.000        6.000        6.000        6.000
   460:        6.000        6.000        6.000        2.000        4.000
   465:       22.000       24.000       12.000       13.000        8.000
   470:        5.000       17.000       18.000       14.000       10.000
   475:       19.000       11.000        2.000        4.000       22.000
   480:       24.000       12.000       13.000        8.000        5.000
   485:       17.000       18.000       14.000       10.000       19.000
   490:       11.000        6.000        6.000        6.000        6.000
   495:        6.000        1.000        6.000        6.000        2.000
   500:        4.000       22.000       24.000       12.000       13.000
   505:        8.000        5.000       17.000       18.000       14.000
   510:       10.000       19.000       11.000        1.000        2.000
   515:        4.000       22.000       24.000       12.000       13.000
   520:        8.000        5.000       17.000       21.000       22.000
   525:        6.000        6.000        6.000       18.000       14.000
   530:       10.000       19.000       11.000        6.000        1.000
   535:        6.000        6.000        2.000        4.000       22.000
   540:       24.000       12.000       13.000        8.000        5.000
   545:       17.000       18.000       14.000       10.000       19.000
   550:       11.000        6.000        6.000        6.000        2.000
   555:        4.000       22.000       24.000       12.000       13.000
   560:        8.000        5.000       17.000       18.000       14.000
   565:       10.000       19.000       11.000        2.000        4.000
   570:       22.000       24.000       12.000       13.000        8.000
   575:        5.000       17.000       21.000       22.000       18.000
   580:       14.000       10.000       19.000       11.000        2.000
   585:        4.000       22.000       24.000       12.000       13.000
   590:        8.000        5.000       17.000       18.000       14.000
   595:       10.000       19.000       11.000        2.000        4.000
   600:       22.000       24.000       12.000       13.000        8.000
   605:        5.000       17.000       21.000       22.000       18.000
   610:       14.000       10.000       19.000       11.000        1.000
   615:        6.000        2.000        4.000       22.000       24.000
   620:       12.000       13.000        8.000        5.000       17.000
   625:       18.000       14.000       10.000       19.000       11.000
   630:        1.000        1.000        2.000        4.000       22.000
   635:       24.000       12.000       13.000        8.000        5.000
   640:       17.000        6.000        6.000       18.000       14.000
   645:       10.000        6.000        6.000       19.000       11.000
   650:        6.000        6.000        6.000        6.000        1.000
   655:        6.000        6.000        6.000        6.000        6.000
   660:        6.000        6.000        6.000        6.000        6.000
   665:        6.000        6.000        1.000        6.000        1.000
   670:        2.000        4.000       22.000       24.000       12.000
   675:       13.000        8.000        5.000       17.000       21.000
   680:       22.000       18.000       14.000       10.000       19.000
   685:       11.000        2.000        4.000       22.000       24.000
   690:       12.000       13.000        8.000        5.000       17.000
   695:       18.000       14.000       10.000       19.000       11.000
   700:        2.000        4.000       22.000       24.000       12.000
   705:       13.000        8.000        5.000       17.000       18.000
   710:       14.000       10.000       19.000       11.000        6.000
   715:        6.000        6.000        6.000        6.000        6.000
   720:        6.000        6.000        6.000        6.000        6.000
   725:        1.000        1.000        2.000        4.000       22.000
   730:       24.000       12.000       13.000        8.000        5.000
   735:       17.000       18.000       14.000       10.000       19.000
   740:       11.000        2.000        4.000       22.000       24.000
   745:       12.000       13.000        8.000        5.000       17.000
   750:       18.000       14.000       10.000       19.000       11.000
   755:        6.000        6.000        6.000        6.000        6.000
   760:        6.000        6.000        6.000        6.000        6.000
   765:        6.000        6.000        6.000        2.000        4.000
   770:       22.000       24.000       12.000       13.000        8.000
   775:        5.000       17.000       18.000       14.000       10.000
   780:       19.000       11.000        6.000        6.000        6.000
   785:        6.000        6.000        6.000        6.000        6.000
   790:        2.000        4.000       22.000       24.000       12.000
   795:       13.000        8.000        5.000       17.000       18.000
   800:       14.000       10.000       19.000       11.000        6.000
   805:        6.000        6.000        6.000        6.000        6.000
   810:        6.000        6.000        6.000        6.000        6.000
   815:        1.000        1.000        2.000        4.000       22.000
   820:       24.000       12.000       13.000        8.000        5.000
   825:       17.000       18.000       14.000       10.000       19.000
   830:       11.000        6.000        2.000        4.000       22.000
   835:       24.000       12.000       13.000        8.000        5.000
   840:       17.000       21.000       22.000       18.000       14.000
   845:       10.000       19.000       11.000        2.000        4.000
   850:       22.000       24.000       12.000       13.000        8.000
   855:        5.000       17.000       18.000       14.000       10.000
   860:       19.000       11.000        1.000        2.000        4.000
   865:       22.000       24.000       12.000       13.000        8.000
   870:        5.000       17.000       18.000       21.000       22.000
   875:       14.000       10.000       19.000       11.000        6.000
   880:        6.000        6.000        6.000        1.000        6.000
   885:        6.000        1.000        6.000        6.000        6.000
   890:        6.000        6.000        6.000        6.000        6.000
   895:        6.000        6.000        6.000        6.000        6.000
   900:        6.000        6.000        6.000        6.000        6.000
   905:        6.000        6.000        6.000        6.000        6.000
   910:        6.000        6.000        1.000        1.000        6.000
   915:        6.000        6.000        6.000        6.000        6.000
   920:        2.000        4.000       22.000       24.000       12.000
   925:       13.000        8.000        5.000       17.000       18.000
   930:       14.000       10.000       19.000       11.000        2.000
   935:        4.000       22.000       24.000       12.000       13.000
   940:        8.000        5.000       17.000       18.000       14.000
   945:       10.000       19.000       11.000        2.000        4.000
   950:       22.000       24.000       12.000       13.000        8.000
   955:        5.000       17.000       18.000       14.000       10.000
   960:       19.000       11.000        6.000        6.000        6.000
   965:        6.000        6.000        1.000        1.000        6.000
   970:        2.000        4.000       22.000       24.000       12.000
   975:       13.000        8.000        5.000       17.000        6.000
   980:        6.000       18.000       14.000       10.000       19.000
   985:       11.000        6.000        6.000        6.000        6.000
   990:        6.000        6.000        6.000        6.000        6.000
   995:        2.000        4.000       22.000       24.000       12.000
  1000:       13.000        8.000        5.000       17.000       18.000
  1005:       14.000       10.000       19.000       11.000        1.000
  1010:        2.000        4.000       22.000       24.000       12.000
  1015:       13.000        8.000        5.000       17.000       18.000
  1020:       14.000       10.000       19.000       11.000        1.000
  1025:        1.000        6.000        6.000        6.000        6.000
  1030:        6.000        6.000        2.000        4.000       22.000
  1035:       24.000       12.000       13.000        8.000        5.000
  1040:       17.000       18.000       14.000       10.000       19.000
  1045:       11.000        1.000        6.000        6.000        1.000
  1050:        2.000        4.000       22.000       24.000       12.000
  1055:       13.000        8.000        5.000       17.000       21.000
  1060:       22.000       18.000       14.000       10.000       21.000
  1065:       22.000       19.000       11.000        6.000        6.000
  1070:        6.000        6.000        6.000        6.000        6.000
  1075:        6.000        6.000        6.000        6.000        6.000
  1080:        6.000        6.000        6.000        1.000        2.000
  1085:        4.000       22.000       24.000       12.000       13.000
  1090:        8.000        5.000       17.000       18.000       14.000
  1095:       10.000       19.000       11.000        2.000        4.000
  1100:       22.000       24.000       12.000       13.000        8.000
  1105:        5.000       17.000       21.000       22.000       18.000
  1110:       14.000       10.000       19.000       11.000        6.000
  1115:        6.000        6.000        6.000        6.000        6.000
  1120:        6.000        6.000        6.000        6.000        6.000
  1125:        6.000        6.000        6.000        6.000        6.000
  1130:        6.000        6.000        6.000        6.000        6.000
  1135:        6.000        6.000        6.000        6.000        6.000
  1140:        6.000        6.000        6.000        6.000        6.000
  1145:        1.000        2.000        4.000       22.000       24.000
  1150:       12.000       13.000        8.000        5.000       17.000
  1155:       18.000       14.000       10.000       19.000       11.000
  1160:        1.000        1.000        2.000        4.000       22.000
  1165:       24.000       12.000       13.000        8.000        5.000
  1170:       17.000        6.000        6.000       18.000       14.000
  1175:       10.000        6.000        6.000       19.000       11.000
  1180:        6.000        6.000        6.000        6.000        6.000
  1185:        6.000        6.000        6.000        2.000        4.000
  1190:       22.000       24.000       12.000       13.000        8.000
  1195:        5.000       17.000       18.000       14.000       10.000
  1200:       19.000       11.000        6.000        6.000        6.000
  1205:        6.000        6.000        6.000        6.000        2.000
  1210:        4.000       22.000       24.000       12.000       13.000
  1215:        8.000        5.000       17.000       18.000       14.000
  1220:       10.000       19.000       11.000        6.000        6.000
  1225:        6.000        6.000        6.000        2.000        4.000
  1230:       22.000       24.000       12.000       13.000        8.000
  1235:        5.000       17.000       18.000        6.000       14.000
  1240:       10.000        6.000        6.000       19.000       11.000
  1245:        6.000        6.000        6.000        6.000        6.000
  1250:        6.000        6.000        6.000        6.000        6.000
  1255:        6.000        6.000        6.000        6.000        6.000
  1260:        6.000        6.000        6.000        6.000        6.000
  1265:        2.000        4.000       22.000       24.000       12.000
  1270:       13.000        8.000        5.000       17.000       18.000
  1275:       14.000       10.000       19.000       11.000        1.000
  1280:        1.000        1.000        2.000        4.000       22.000
  1285:       24.000       12.000       13.000        8.000        5.000
  1290:       17.000       21.000       22.000       18.000       14.000
  1295:       10.000       19.000       11.000        2.000        4.000
  1300:       22.000       24.000       12.000       13.000        8.000
  1305:        5.000       17.000       18.000       14.000       10.000
  1310:       19.000       11.000        6.000        6.000        6.000
  1315:        6.000        6.000        6.000        6.000        6.000
  1320:        6.000        1.000        2.000        4.000       22.000
  1325:       24.000       12.000       13.000        8.000        5.000
  1330:       17.000       18.000       21.000       22.000       14.000
  1335:       10.000        6.000        6.000       19.000       11.000
  1340:        6.000        6.000        6.000        6.000        6.000
  1345:        6.000        1.000        1.000        6.000        6.000
  1350:        6.000        6.000        6.000        1.000        6.000
  1355:        6.000        6.000        6.000        6.000        6.000
  1360:        6.000        6.000        6.000        1.000        6.000
  1365:        6.000        6.000        6.000        6.000        1.000
  1370:        2.000        4.000       22.000       24.000       12.000
  1375:       13.000        8.000        5.000       17.000       18.000
  1380:       14.000       10.000       19.000       11.000        2.000
  1385:        4.000       22.000       24.000       12.000       13.000
  1390:        8.000        5.000       17.000       18.000       14.000
  1395:       10.000       20.000       20.000       19.000       11.000
  1400:        1.000        1.000        6.000        6.000        6.000
  1405:        6.000        6.000        6.000        6.000        6.000
  1410:        6.000        6.000        6.000        6.000        6.000
  1415:        2.000        4.000       22.000       24.000       12.000
  1420:       13.000        8.000        5.000       17.000       21.000
  1425:       22.000       18.000       14.000       10.000       21.000
  1430:       22.000       19.000       11.000        2.000        4.000
  1435:       22.000       24.000       12.000       13.000        8.000
  1440:        5.000       17.000       18.000       14.000       10.000
  1445:       19.000       11.000        2.000        4.000       22.000
  1450:       24.000       12.000       13.000        8.000        5.000
  1455:       17.000       18.000       14.000       10.000       19.000
  1460:       11.000        6.000        6.000        2.000        4.000
  1465:       22.000       24.000       12.000       13.000        8.000
  1470:        5.000       17.000       18.000       14.000       10.000
  1475:       19.000       11.000        6.000        6.000        6.000
  1480:        6.000        1.000        1.000        1.000        2.000
  1485:        4.000       22.000       24.000       12.000       13.000
  1490:        8.000        5.000       17.000       18.000       14.000
  1495:       10.000       19.000       11.000        2.000        4.000
  1500:       22.000       24.000       12.000       13.000        8.000
  1505:        5.000       17.000       18.000       14.000       10.000
  1510:       21.000       22.000       19.000       11.000        2.000
  1515:        4.000       22.000       24.000       12.000       13.000
  1520:        8.000        5.000       17.000       21.000       22.000
  1525:       21.000       22.000       18.000       14.000       10.000
  1530:       19.000       11.000        2.000        4.000       22.000
  1535:       24.000       12.000       13.000        8.000        5.000
  1540:       17.000       18.000       14.000       10.000       19.000
  1545:       11.000        2.000        4.000       22.000       24.000
  1550:       12.000       13.000        8.000        5.000       17.000
  1555:       18.000       14.000       10.000       21.000       22.000
  1560:       19.000       11.000        2.000        4.000       22.000
  1565:       24.000       12.000       13.000        8.000        5.000
  1570:       17.000       18.000       14.000       10.000       19.000
  1575:       11.000        2.000        4.000       22.000       24.000
  1580:       12.000       13.000        8.000        5.000       17.000
  1585:       21.000       22.000       21.000       22.000       21.000
  1590:       22.000       21.000       22.000       18.000       14.000
  1595:       10.000       19.000       11.000        2.000        4.000
  1600:       22.000       24.000       12.000       13.000        8.000
  1605:        5.000       17.000       18.000       14.000       10.000
  1610:       20.000       19.000       11.000        2.000        4.000
  1615:       22.000       24.000       12.000       13.000        8.000
  1620:        5.000       17.000       18.000       14.000       10.000
  1625:       19.000       11.000        2.000        4.000       22.000
  1630:       24.000       12.000       13.000        8.000        5.000
  1635:       17.000       21.000       22.000       18.000       14.000
  1640:       10.000       21.000       22.000       19.000       11.000
  1645:        6.000        6.000        2.000        4.000       22.000
  1650:       24.000       12.000       13.000        8.000        5.000
  1655:       17.000       21.000       22.000       18.000       14.000
  1660:       10.000       19.000       11.000        2.000        4.000
  1665:       22.000       24.000       12.000       13.000        8.000
  1670:        5.000       17.000       18.000       14.000       10.000
  1675:       19.000       11.000        2.000        4.000       22.000
  1680:       24.000       12.000       13.000        8.000        5.000
  1685:       17.000       18.000       14.000       10.000       21.000
  1690:       22.000       19.000       11.000        1.000        6.000
  1695:        6.000        6.000        6.000        6.000        2.000
  1700:        4.000       22.000       24.000       12.000       13.000
  1705:        8.000        5.000       17.000       18.000       14.000
  1710:       10.000       19.000       11.000        1.000        6.000
  1715:        6.000        6.000        6.000        6.000        6.000
  1720:        6.000        6.000        6.000        6.000        6.000
  1725:        6.000        6.000        6.000        6.000        6.000
  1730:        6.000        6.000        6.000        6.000        6.000
  1735:        6.000        6.000        6.000        2.000        4.000
  1740:       22.000       24.000       12.000       13.000        8.000
  1745:        5.000       17.000       18.000       14.000       10.000
  1750:       19.000       11.000        2.000        4.000       22.000
  1755:       24.000       12.000       13.000        8.000        5.000
  1760:       17.000       18.000       14.000       10.000       21.000
  1765:       22.000       19.000       11.000        2.000        4.000
  1770:       22.000       24.000       12.000       13.000        8.000
  1775:        5.000       17.000       21.000       22.000       18.000
  1780:       14.000       10.000        6.000        6.000        6.000
  1785:        6.000       19.000       11.000        6.000        6.000
  1790:        6.000        1.000      100.000
T:
     0:        0.000        0.000        0.000        0.000       15.350
     5:       47.910       49.120       52.110      136.530      136.530
    10:      136.530      136.540      136.540      136.540      136.540
    15:      136.540      136.540      140.540      141.540      141.540
    20:      146.530      146.540      207.400      217.970      217.970
    25:      217.970      217.980      217.980      217.980      217.980
    30:      217.980      217.980      218.700      218.700      221.980
    35:      222.390      222.390      222.980      222.980      225.420
    40:      227.970      227.980      285.570      286.640      288.370
    45:      301.130      305.570      349.510      349.510      349.510
    50:      349.520      349.520      349.520      349.520      349.520
    55:      349.520      353.520      354.520      354.520      359.510
    60:      359.520      399.280      399.470      401.730      543.350
    65:      546.160      546.460      547.380      547.720      550.750
    70:      551.320      551.360      551.620      604.360      618.010
    75:      630.010      630.010      630.010      630.020      630.020
    80:      630.020      630.020      630.020      630.020      633.950
    85:      634.020      635.020      635.020      637.410      640.010
    90:      640.020      666.910      697.540      697.540      697.540
    95:      697.550      697.550      697.550      697.550      697.550
   100:      697.550      698.840      698.840      701.550      701.920
   105:      701.920      702.550      702.550      707.540      707.550
   110:      781.760      782.370      785.830      790.970      791.790
   115:      796.370      796.780      797.490      799.450      801.620
   120:      801.910      806.540      806.540      806.540      806.550
   125:      806.550      806.550      806.550      806.550      806.550
   130:      810.550      811.550      811.550      815.310      815.310
   135:      816.540      816.550      822.760      822.760      822.760
   140:      822.770      822.770      822.770      822.770      822.770
   145:      822.770      824.650      826.770      827.700      827.770
   150:      827.770      830.380      831.110      831.740      831.810
   155:      832.000      832.760      832.770      833.010      835.450
   160:      836.040      836.210      836.460      836.540      837.080
   165:      837.640      837.690      837.860      838.930      839.420
   170:      840.510      841.610      843.720      846.250      847.510
   175:      849.280      851.740      853.320      854.240      857.290
   180:      859.560      859.860      860.330      860.880      861.280
   185:      863.830      864.600      866.340      867.590      868.440
   190:      869.830      873.560      874.190      874.550      874.650
   195:      938.930      939.280      942.770      946.850      947.670
   200:      952.250      954.730      954.930      970.810      970.920
   205:      971.400      972.850      975.000      975.730      975.800
   210:     1005.970     1083.160     1083.300     1113.930     1113.930
   215:     1113.930     1113.940     1113.940     1113.940     1113.940
   220:     1113.940     1113.940     1114.870     1114.870     1117.940
   225:     1118.940     1118.940     1123.930     1123.940     1207.160
   230:     1213.950     1213.950     1213.950     1213.960     1213.960
   235:     1213.960     1213.960     1213.960     1213.960     1215.630
   240:     1216.300     1217.960     1218.960     1218.960     1218.970
   245:     1219.200     1221.040     1222.350     1223.490     1223.950
   250:     1223.960     1235.030     1235.370     1236.010     1236.910
   255:     1243.290     1243.770     1244.390     1249.270     1249.660
   260:     1252.340     1252.450     1254.120     1254.280     1256.210
   265:     1257.140     1258.490     1343.630     1344.100     1612.360
   270:     1612.360     1612.360     1612.370     1612.370     1612.370
   275:     1612.370     1612.370     1612.370     1616.370     1616.500
   280:     1616.500     1617.370     1617.370     1622.360     1622.370
   285:     1622.940     1622.940     1622.940     1622.950     1622.950
   290:     1622.950     1622.950     1622.950     1622.950     1626.950
   295:     1627.950     1627.950     1627.990     1627.990     1632.050
   300:     1632.050     1632.530     1632.530     1632.940     1632.950
   305:     1649.410     1649.410     1649.410     1649.420     1649.420
   310:     1649.420     1649.420     1649.420     1649.420     1653.420
   315:     1654.420     1654.420     1659.410     1659.420     1684.490
   320:     1684.490     1684.490     1684.500     1684.500     1684.500
   325:     1684.500     1684.500     1684.500     1688.500     1689.500
   330:     1689.500     1690.690     1690.690     1694.490     1694.500
   335:     2100.230     2100.230     2100.230     2100.240     2100.240
   340:     2100.240     2100.240     2100.240     2100.240     2104.240
   345:     2105.240     2105.240     2105.560     2105.560     2110.230
   350:     2110.240     2112.160     2112.160     2112.160     2112.170
   355:     2112.170     2112.170     2112.170     2112.170     2112.170
   360:     2116.170     2117.170     2117.170     2122.160     2122.170
   365:     2468.400     2468.400     2468.400     2468.410     2468.410
   370:     2468.410     2468.410     2468.410     2468.410     2472.410
   375:     2473.410     2473.410     2478.400     2478.410     2620.740
   380:     2620.740     2620.740     2620.750     2620.750     2620.750
   385:     2620.750     2620.750     2620.750     2621.470     2621.470
   390:     2622.100     2622.100     2624.750     2625.750     2625.750
   395:     2627.500     2627.500     2630.740     2630.750     2664.380
   400:     2664.560     2666.340     2666.500     2669.190     2672.570
   405:     2673.050     2674.480     2674.900     2676.050     2696.430
   410:     2696.430     2696.430     2696.440     2696.440     2696.440
   415:     2696.440     2696.440     2696.440     2700.440     2701.440
   420:     2701.440     2702.760     2702.760     2706.430     2706.440
   425:     2714.520     2714.870     2753.110     2753.360     2753.520
   430:     2754.220     2756.080     2757.820     2763.690     2763.690
   435:     2763.690     2763.700     2763.700     2763.700     2763.700
   440:     2763.700     2763.700     2767.570     2767.570     2767.700
   445:     2768.700     2768.700     2773.690     2773.700     2774.540
   450:     2843.430     2847.380     2849.320     2850.520     2854.030
   455:     2854.220     2856.800     2859.070     2859.460     2872.950
   460:     2873.530     2876.280     2878.350     2892.770     2892.770
   465:     2892.770     2892.780     2892.780     2892.780     2892.780
   470:     2892.780     2892.780     2896.780     2897.780     2897.780
   475:     2902.770     2902.780     2973.140     2973.140     2973.140
   480:     2973.150     2973.150     2973.150     2973.150     2973.150
   485:     2973.150     2977.150     2978.150     2978.150     2983.140
   490:     2983.150     2989.490     3072.210     3073.770     3077.400
   495:     3078.580     3090.170     3118.330     3119.620     3145.780
   500:     3145.780     3145.780     3145.790     3145.790     3145.790
   505:     3145.790     3145.790     3145.790     3149.790     3150.790
   510:     3150.790     3155.780     3155.790     3165.390     3206.360
   515:     3206.360     3206.360     3206.370     3206.370     3206.370
   520:     3206.370     3206.370     3206.370     3208.670     3208.670
   525:     3209.530     3209.700     3209.900     3210.370     3211.370
   530:     3211.370     3216.360     3216.370     3217.350     3297.770
   535:     3305.240     3307.430     3311.040     3311.040     3311.040
   540:     3311.050     3311.050     3311.050     3311.050     3311.050
   545:     3311.050     3315.050     3316.050     3316.050     3321.040
   550:     3321.050     3364.030     3364.820     3367.270     3381.420
   555:     3381.420     3381.420     3381.430     3381.430     3381.430
   560:     3381.430     3381.430     3381.430     3385.430     3386.430
   565:     3386.430     3391.420     3391.430     3429.900     3429.900
   570:     3429.900     3429.910     3429.910     3429.910     3429.910
   575:     3429.910     3429.910     3432.160     3432.160     3433.910
   580:     3434.910     3434.910     3439.900     3439.910     3442.710
   585:     3442.710     3442.710     3442.720     3442.720     3442.720
   590:     3442.720     3442.720     3442.720     3446.720     3447.720
   595:     3447.720     3452.710     3452.720     3455.540     3455.540
   600:     3455.540     3455.550     3455.550     3455.550     3455.550
   605:     3455.550     3455.550     3456.140     3456.140     3459.550
   610:     3460.550     3460.550     3465.540     3465.550     3499.320
   615:     3534.940     3556.260     3556.260     3556.260     3556.270
   620:     3556.270     3556.270     3556.270     3556.270     3556.270
   625:     3560.270     3561.270     3561.270     3566.260     3566.270
   630:     3681.460     3682.480     3696.340     3696.340     3696.340
   635:     3696.350     3696.350     3696.350     3696.350     3696.350
   640:     3696.350     3697.830     3698.310     3700.350     3701.350
   645:     3701.350     3701.960     3702.670     3706.340     3706.350
   650:     3708.970     3709.180     3709.590     3711.770     3760.520
   655:     3771.130     3771.520     3814.070     3818.370     3818.530
   660:     3871.940     3906.070     3906.100     3906.460     3907.940
   665:     3959.560     3960.120     3987.410     4000.970     4037.260
   670:     4042.250     4042.250     4042.250     4042.260     4042.260
   675:     4042.260     4042.260     4042.260     4042.260     4043.960
   680:     4043.960     4046.260     4047.260     4047.260     4052.250
   685:     4052.260     4072.160     4072.160     4072.160     4072.170
   690:     4072.170     4072.170     4072.170     4072.170     4072.170
   695:     4076.170     4077.170     4077.170     4082.160     4082.170
   700:     4092.850     4092.850     4092.850     4092.860     4092.860
   705:     4092.860     4092.860     4092.860     4092.860     4096.860
   710:     4097.860     4097.860     4102.850     4102.860     4104.390
   715:     4104.720     4129.950     4134.320     4136.410     4140.930
   720:     4143.320     4143.510     4146.070     4146.230     4229.840
   725:     4355.250     4357.040     4407.640     4407.640     4407.640
   730:     4407.650     4407.650     4407.650     4407.650     4407.650
   735:     4407.650     4411.650     4412.650     4412.650     4417.640
   740:     4417.650     4449.730     4449.730     4449.730     4449.740
   745:     4449.740     4449.740     4449.740     4449.740     4449.740
   750:     4453.740     4454.740     4454.740     4459.730     4459.740
   755:     4510.860     4517.760     4517.890     4519.550     4523.410
   760:     4523.690     4523.820     4700.340     4701.260     4849.940
   765:     4851.690     4859.040     4863.310     4961.640     4961.640
   770:     4961.640     4961.650     4961.650     4961.650     4961.650
   775:     4961.650     4961.650     4965.650     4966.650     4966.650
   780:     4971.640     4971.650     5052.600     5075.040     5076.440
   785:     5079.040     5120.080     5127.620     5161.490     5161.630
   790:     5175.610     5175.610     5175.610     5175.620     5175.620
   795:     5175.620     5175.620     5175.620     5175.620     5179.620
   800:     5180.620     5180.620     5185.610     5185.620     5188.710
   805:     5190.090     5190.460     5190.830     5191.290     5191.800
   810:     5200.110     5200.610     5200.650     5210.070     5221.600
   815:     5254.990     5260.840     5316.600     5316.600     5316.600
   820:     5316.610     5316.610     5316.610     5316.610     5316.610
   825:     5316.610     5320.610     5321.610     5321.610     5326.600
   830:     5326.610     5362.110     5412.440     5412.440     5412.440
   835:     5412.450     5412.450     5412.450     5412.450     5412.450
   840:     5412.450     5415.520     5415.520     5416.450     5417.450
   845:     5417.450     5422.440     5422.450     5429.440     5429.440
   850:     5429.440     5429.450     5429.450     5429.450     5429.450
   855:     5429.450     5429.450     5433.450     5434.450     5434.450
   860:     5439.440     5439.450     5446.680     5479.510     5479.510
   865:     5479.510     5479.520     5479.520     5479.520     5479.520
   870:     5479.520     5479.520     5483.520     5483.540     5483.540
   875:     5484.520     5484.520     5489.510     5489.520     5493.110
   880:     5510.990     5515.870     5516.590     5540.170     5603.110
   885:     5603.510     5644.110     5715.540     5715.810     5717.480
   890:     5720.320     5720.480     5721.820     5722.210     5726.140
   895:     5727.590     5728.110     5731.180     5733.250     5736.150
   900:     5737.530     5739.770     5739.870     5745.740     5746.930
   905:     5748.220     5750.060     5753.650     5754.440     5754.500
   910:     5756.300     5763.380     5786.090     5794.650     5820.190
   915:     6066.630     6070.090     6070.460     6074.950     6077.450
   920:     6087.730     6087.730     6087.730     6087.740     6087.740
   925:     6087.740     6087.740     6087.740     6087.740     6091.740
   930:     6092.740     6092.740     6097.730     6097.740     6102.630
   935:     6102.630     6102.630     6102.640     6102.640     6102.640
   940:     6102.640     6102.640     6102.640     6106.640     6107.640
   945:     6107.640     6112.630     6112.640     6208.630     6208.630
   950:     6208.630     6208.640     6208.640     6208.640     6208.640
   955:     6208.640     6208.640     6212.640     6213.640     6213.640
   960:     6218.630     6218.640     6222.650     6227.530     6228.070
   965:     6228.260     6229.760     6236.060     6283.860     6390.990
   970:     6409.230     6409.230     6409.230     6409.240     6409.240
   975:     6409.240     6409.240     6409.240     6409.240     6413.050
   980:     6413.130     6413.240     6414.240     6414.240     6419.230
   985:     6419.240     6442.740     6443.050     6443.190     6492.440
   990:     6495.510     6495.620     6497.000     6498.550     6559.330
   995:     6598.620     6598.620     6598.620     6598.630     6598.630
  1000:     6598.630     6598.630     6598.630     6598.630     6602.630
  1005:     6603.630     6603.630     6608.620     6608.630     6628.850
  1010:     6664.890     6664.890     6664.890     6664.900     6664.900
  1015:     6664.900     6664.900     6664.900     6664.900     6668.900
  1020:     6669.900     6669.900     6674.890     6674.900     6676.320
  1025:     6676.530     6711.420     6742.210     6742.910     6743.230
  1030:     6743.300     6747.470     6762.730     6762.730     6762.730
  1035:     6762.740     6762.740     6762.740     6762.740     6762.740
  1040:     6762.740     6766.740     6767.740     6767.740     6772.730
  1045:     6772.740     6842.660     6894.230     6953.510     7013.250
  1050:     7025.790     7025.790     7025.790     7025.800     7025.800
  1055:     7025.800     7025.800     7025.800     7025.800     7028.320
  1060:     7028.320     7029.800     7030.800     7030.800     7034.680
  1065:     7034.680     7035.790     7035.800     7036.140     7036.230
  1070:     7036.540     7041.060     7045.430     7046.310     7103.190
  1075:     7111.560     7117.780     7119.540     7121.530     7154.640
  1080:     7157.060     7161.450     7163.380     7459.230     7488.640
  1085:     7488.640     7488.640     7488.650     7488.650     7488.650
  1090:     7488.650     7488.650     7488.650     7492.650     7493.650
  1095:     7493.650     7498.640     7498.650     7502.790     7502.790
  1100:     7502.790     7502.800     7502.800     7502.800     7502.800
  1105:     7502.800     7502.800     7505.800     7505.800     7506.800
  1110:     7507.800     7507.800     7512.790     7512.800     7529.500
  1115:     7533.830     7538.970     7542.870     7545.800     7550.870
  1120:     7554.650     7556.690     7558.500     7562.760     7565.040
  1125:     7566.990     7569.950     7571.950     7574.340     7575.710
  1130:     7576.790     7577.840     7578.790     7580.610     7582.120
  1135:     7582.330     7582.430     7583.110     7583.490     7585.780
  1140:     7586.440     7588.220     7591.750     7593.210     7593.330
  1145:     7650.820     7657.550     7657.550     7657.550     7657.560
  1150:     7657.560     7657.560     7657.560     7657.560     7657.560
  1155:     7661.560     7662.560     7662.560     7667.550     7667.560
  1160:     7686.250     7687.810     7702.610     7702.610     7702.610
  1165:     7702.620     7702.620     7702.620     7702.620     7702.620
  1170:     7702.620     7704.780     7705.650     7706.620     7707.620
  1175:     7707.620     7711.260     7712.220     7712.610     7712.620
  1180:     7720.330     7722.470     7728.150     7729.360     7756.290
  1185:     7757.260     7757.290     7761.520     7845.140     7845.140
  1190:     7845.140     7845.150     7845.150     7845.150     7845.150
  1195:     7845.150     7845.150     7849.150     7850.150     7850.150
  1200:     7855.140     7855.150     7886.280     7886.920     7894.710
  1205:     7898.960     7899.090     7899.280     7899.430     7970.150
  1210:     7970.150     7970.150     7970.160     7970.160     7970.160
  1215:     7970.160     7970.160     7970.160     7974.160     7975.160
  1220:     7975.160     7980.150     7980.160     8010.930     8011.250
  1225:     8011.340     8015.310     8020.100     8101.200     8101.200
  1230:     8101.200     8101.210     8101.210     8101.210     8101.210
  1235:     8101.210     8101.210     8105.210     8105.520     8106.210
  1240:     8106.210     8108.690     8108.780     8111.200     8111.210
  1245:     8122.570     8124.090     8129.250     8131.850     8134.010
  1250:     8134.600     8136.220     8138.600     8140.540     8141.870
  1255:     8144.490     8146.780     8148.490     8149.330     8149.360
  1260:     8150.570     8151.630     8153.540     8155.640     8156.110
  1265:     8160.510     8160.510     8160.510     8160.520     8160.520
  1270:     8160.520     8160.520     8160.520     8160.520     8164.520
  1275:     8165.520     8165.520     8170.510     8170.520     8174.630
  1280:     8175.300     8178.070     8221.870     8221.870     8221.870
  1285:     8221.880     8221.880     8221.880     8221.880     8221.880
  1290:     8221.880     8224.080     8224.080     8225.880     8226.880
  1295:     8226.880     8231.870     8231.880     8278.580     8278.580
  1300:     8278.580     8278.590     8278.590     8278.590     8278.590
  1305:     8278.590     8278.590     8282.590     8283.590     8283.590
  1310:     8288.580     8288.590     8311.630     8316.900     8318.890
  1315:     8321.310     8323.420     8325.920     8326.630     8327.920
  1320:     8333.960     8363.670     8375.260     8375.260     8375.260
  1325:     8375.270     8375.270     8375.270     8375.270     8375.270
  1330:     8375.270     8379.270     8379.470     8379.470     8380.270
  1335:     8380.270     8382.970     8383.230     8385.260     8385.270
  1340:     8386.470     8386.630     8389.910     8391.100     8393.470
  1345:     8393.850     8399.860     8717.420     8752.600     8763.110
  1350:     8768.950     8769.070     8801.690     8813.100     8844.100
  1355:     8844.310     8848.080     8867.080     8870.940     8876.220
  1360:     8877.920     8879.630     8880.290     8898.830     8936.900
  1365:     8942.570     8944.940     8946.120     8950.300     8985.530
  1370:     8993.200     8993.200     8993.200     8993.210     8993.210
  1375:     8993.210     8993.210     8993.210     8993.210     8997.210
  1380:     8998.210     8998.210     9003.200     9003.210     9013.170
  1385:     9013.170     9013.170     9013.180     9013.180     9013.180
  1390:     9013.180     9013.180     9013.180     9017.180     9018.180
  1395:     9018.180     9020.800     9022.570     9023.170     9023.180
  1400:     9066.590     9069.330     9155.290     9160.110     9162.680
  1405:     9163.550     9166.670     9172.370     9172.830     9177.430
  1410:     9180.350     9182.590     9530.040     9530.490     9530.890
  1415:     9534.830     9534.830     9534.830     9534.840     9534.840
  1420:     9534.840     9534.840     9534.840     9534.840     9535.590
  1425:     9535.590     9538.840     9539.840     9539.840     9543.750
  1430:     9543.750     9544.830     9544.840     9548.820     9548.820
  1435:     9548.820     9548.830     9548.830     9548.830     9548.830
  1440:     9548.830     9548.830     9552.830     9553.830     9553.830
  1445:     9558.820     9558.830     9565.880     9565.880     9565.880
  1450:     9565.890     9565.890     9565.890     9565.890     9565.890
  1455:     9565.890     9569.890     9570.890     9570.890     9575.880
  1460:     9575.890     9606.600     9606.620     9660.530     9660.530
  1465:     9660.530     9660.540     9660.540     9660.540     9660.540
  1470:     9660.540     9660.540     9664.540     9665.540     9665.540
  1475:     9670.530     9670.540     9701.110     9705.800     9706.090
  1480:     9711.210     9767.790     9768.600     9773.340     9785.980
  1485:     9785.980     9785.980     9785.990     9785.990     9785.990
  1490:     9785.990     9785.990     9785.990     9789.990     9790.990
  1495:     9790.990     9795.980     9795.990     9800.060     9800.060
  1500:     9800.060     9800.070     9800.070     9800.070     9800.070
  1505:     9800.070     9800.070     9804.070     9805.070     9805.070
  1510:     9806.630     9806.630     9810.060     9810.070     9810.350
  1515:     9810.350     9810.350     9810.360     9810.360     9810.360
  1520:     9810.360     9810.360     9810.360     9810.630     9810.630
  1525:     9811.860     9811.860     9814.360     9815.360     9815.360
  1530:     9820.350     9820.360     9821.590     9821.590     9821.590
  1535:     9821.600     9821.600     9821.600     9821.600     9821.600
  1540:     9821.600     9825.600     9826.600     9826.600     9831.590
  1545:     9831.600     9831.600     9831.600     9831.600     9831.610
  1550:     9831.610     9831.610     9831.610     9831.610     9831.610
  1555:     9835.610     9836.610     9836.610     9838.620     9838.620
  1560:     9841.600     9841.610     9846.580     9846.580     9846.580
  1565:     9846.590     9846.590     9846.590     9846.590     9846.590
  1570:     9846.590     9850.590     9851.590     9851.590     9856.580
  1575:     9856.590     9886.480     9886.480     9886.480     9886.490
  1580:     9886.490     9886.490     9886.490     9886.490     9886.490
  1585:     9886.640     9886.640     9886.670     9886.670     9886.720
  1590:     9886.720     9886.780     9886.780     9890.490     9891.490
  1595:     9891.490     9896.480     9896.490     9909.310     9909.310
  1600:     9909.310     9909.320     9909.320     9909.320     9909.320
  1605:     9909.320     9909.320     9913.320     9914.320     9914.320
  1610:     9915.780     9919.310     9919.320     9930.390     9930.390
  1615:     9930.390     9930.400     9930.400     9930.400     9930.400
  1620:     9930.400     9930.400     9934.400     9935.400     9935.400
  1625:     9940.390     9940.400    10345.280    10345.280    10345.280
  1630:    10345.290    10345.290    10345.290    10345.290    10345.290
  1635:    10345.290    10345.660    10345.660    10349.290    10350.290
  1640:    10350.290    10353.860    10353.860    10355.280    10355.290
  1645:    10374.390    10378.530    10382.530    10382.530    10382.530
  1650:    10382.540    10382.540    10382.540    10382.540    10382.540
  1655:    10382.540    10386.320    10386.320    10386.540    10387.540
  1660:    10387.540    10392.530    10392.540    10398.360    10398.360
  1665:    10398.360    10398.370    10398.370    10398.370    10398.370
  1670:    10398.370    10398.370    10402.370    10403.370    10403.370
  1675:    10408.360    10408.370    10501.100    10501.100    10501.100
  1680:    10501.110    10501.110    10501.110    10501.110    10501.110
  1685:    10501.110    10505.110    10506.110    10506.110    10506.130
  1690:    10506.130    10511.100    10511.110    10516.130    10544.140
  1695:    10546.930    10566.080    10569.710    10572.070    10611.200
  1700:    10611.200    10611.200    10611.210    10611.210    10611.210
  1705:    10611.210    10611.210    10611.210    10615.210    10616.210
  1710:    10616.210    10621.200    10621.210    10625.930    10646.280
  1715:    10652.890    10655.810    10656.420    10657.640    10659.190
  1720:    10660.400    10662.280    10662.840    10663.660    10664.100
  1725:    10665.350    10667.970    10669.770    10671.060    10672.900
  1730:    10674.240    10676.460    10676.560    10676.840    10676.880
  1735:    10676.970    10677.650    10678.840    10682.210    10682.210
  1740:    10682.210    10682.220    10682.220    10682.220    10682.220
  1745:    10682.220    10682.220    10686.220    10687.220    10687.220
  1750:    10692.210    10692.220    10695.680    10695.680    10695.680
  1755:    10695.690    10695.690    10695.690    10695.690    10695.690
  1760:    10695.690    10699.690    10700.690    10700.690    10703.540
  1765:    10703.540    10705.680    10705.690    10706.780    10706.780
  1770:    10706.780    10706.790    10706.790    10706.790    10706.790
  1775:    10706.790    10706.790    10710.570    10710.570    10710.790
  1780:    10711.790    10711.790    10712.790    10713.140    10715.470
  1785:    10715.840    10716.780    10716.790    10774.140    10775.660
  1790:    10777.470    10784.010    10800.000
