File: C:\MED-PC\Data\2025-04-03_09h07m_Subject 78.txt


Start Date: 04/03/25
End Date: 04/03/25
Subject: 78
Experiment: OralFentSA
Group: One
Box: 6
Start Time: 09:07:13
End Time: 12:07:58
MSN: Golden_Liq_SelfAdmin_EXT
F:       0.000
G:     321.000
H:   10800.000
I:       0.000
J:       0.000
K:       0.000
L:       0.000
M:       0.000
N:       0.000
O:       0.000
P:       0.000
Q:       0.000
R:       0.000
S:       0.000
U:       0.000
V:       0.000
W:       0.000
X:       0.000
Y:       0.000
Z:       0.000
A:
     0:        0.000        0.000      180.000        4.000        0.000
     5:        5.000        0.000        5.000        0.000        0.000
    10:        1.000        0.000       10.000   100000.000       19.000
    15:       24.000      600.000        0.000        0.000        0.000
    20:        0.000
B:
     0:        0.000        0.000        0.000        0.000        0.000
     5:        0.000        0.000        0.000        0.000        0.000
    10:        0.000        0.000     1000.000 10000000.000        0.000
    15:        0.000        0.000        0.000        0.000        0.000
    20:        0.000
C:
     0:        0.000       27.000       22.000       38.000       89.000
     5:    10735.520       13.680       20.000     2251.140      112.557
    10:       38.000       22.000        0.000        0.000        0.000
    15:        0.000        0.000        0.000        0.000        0.000
    20:        0.000
D:
     0:        4.060       23.760      122.280      522.600       26.570
     5:      194.990      118.020       24.460       53.170        3.930
    10:      467.840      159.500        7.020       49.390      231.810
    15:        7.320       85.670        1.530      133.540       13.680
E:
     0:       19.000       11.000       26.000       27.000        6.000
     5:        6.000        6.000        6.000        6.000        6.000
    10:        2.000        4.000       22.000       24.000       12.000
    15:        6.000        6.000       19.000       11.000        6.000
    20:        6.000        6.000        6.000        6.000        6.000
    25:        6.000        6.000        6.000        6.000        6.000
    30:        2.000        4.000       22.000       24.000       12.000
    35:       19.000       11.000        1.000        2.000        4.000
    40:       22.000       24.000       12.000       21.000       22.000
    45:       19.000       11.000        6.000        6.000        1.000
    50:        2.000        4.000       22.000       24.000       12.000
    55:       19.000       11.000        6.000        6.000        6.000
    60:        6.000        6.000        1.000        2.000        4.000
    65:       22.000       24.000       12.000       19.000       11.000
    70:        6.000        1.000        1.000        6.000        6.000
    75:        6.000        6.000        6.000        6.000        6.000
    80:        6.000        6.000        6.000        6.000        6.000
    85:        2.000        4.000       22.000       24.000       12.000
    90:       19.000       11.000        6.000        2.000        4.000
    95:       22.000       24.000       12.000       19.000       11.000
   100:        1.000        2.000        4.000       22.000       24.000
   105:       12.000       19.000       11.000        6.000        6.000
   110:        6.000        1.000        1.000        1.000        2.000
   115:        4.000       22.000       24.000       12.000       21.000
   120:       22.000       21.000       22.000       21.000       22.000
   125:       21.000       22.000       19.000       11.000        1.000
   130:        1.000        1.000        1.000        2.000        4.000
   135:       22.000       24.000       12.000       19.000       11.000
   140:        2.000        4.000       22.000       24.000       12.000
   145:       19.000       11.000        6.000        2.000        4.000
   150:       22.000       24.000       12.000       19.000       11.000
   155:        6.000        6.000        6.000        6.000        6.000
   160:        2.000        4.000       22.000       24.000       12.000
   165:       19.000       11.000        2.000        4.000       22.000
   170:       24.000       12.000       21.000       22.000       19.000
   175:       11.000        1.000        6.000        2.000        4.000
   180:       22.000       24.000       12.000       21.000       22.000
   185:        6.000        6.000        6.000       19.000       11.000
   190:        2.000        4.000       22.000       24.000       12.000
   195:       19.000       11.000        6.000        6.000        6.000
   200:        6.000        2.000        4.000       22.000       24.000
   205:       12.000       19.000       11.000        6.000        6.000
   210:        2.000        4.000       22.000       24.000       12.000
   215:       21.000       22.000       21.000       22.000       21.000
   220:       22.000        6.000       19.000       11.000        6.000
   225:        6.000        6.000        6.000        6.000        1.000
   230:        2.000        4.000       22.000       24.000       12.000
   235:       21.000       22.000       19.000       11.000        1.000
   240:        6.000        6.000        2.000        4.000       22.000
   245:       24.000       12.000       19.000       11.000        6.000
   250:        1.000        6.000        6.000        2.000        4.000
   255:       22.000       24.000       12.000       21.000       22.000
   260:        6.000       19.000       11.000        2.000        4.000
   265:       22.000       24.000       12.000       19.000       11.000
   270:        6.000        1.000        2.000        4.000       22.000
   275:       24.000       12.000        6.000       19.000       11.000
   280:        1.000        6.000        6.000        1.000        6.000
   285:        6.000        2.000        4.000       22.000       24.000
   290:       12.000       19.000       11.000        6.000        6.000
   295:        6.000        6.000        6.000        6.000        6.000
   300:        1.000        2.000        4.000       22.000       24.000
   305:       12.000       19.000       11.000        2.000        4.000
   310:       22.000       24.000       12.000       20.000       19.000
   315:       11.000        6.000        6.000        6.000        6.000
   320:        6.000      100.000
T:
     0:        0.000        0.000        0.000        0.000      175.430
     5:      175.900      176.090      176.900      177.980      178.620
    10:      298.220      298.220      298.220      298.230      298.230
    15:      302.290      302.330      308.220      308.230      372.870
    20:      372.910      754.290      755.930      756.030      756.840
    25:      756.960      786.290      852.660      853.460      854.240
    30:      901.580      901.580      901.580      901.590      901.590
    35:      911.580      911.590      978.800     1018.700     1018.700
    40:     1018.700     1018.710     1018.710     1020.130     1020.130
    45:     1028.700     1028.710     1042.470     1043.410     1101.670
    50:     1579.240     1579.240     1579.240     1579.250     1579.250
    55:     1589.240     1589.250     1701.530     1703.960     1719.410
    60:     1719.700     1735.760     1970.510     1978.600     1978.600
    65:     1978.600     1978.610     1978.610     1988.600     1988.610
    70:     2501.210     2619.670     2623.020     2677.460     2677.500
    75:     2677.780     2679.250     2684.650     2686.150     2690.960
    80:     2691.130     2697.320     2699.960     2700.470     2988.750
    85:     3148.890     3148.890     3148.890     3148.900     3148.900
    90:     3158.890     3158.900     3175.470     3510.140     3510.140
    95:     3510.140     3510.150     3510.150     3520.140     3520.150
   100:     3574.040     3999.220     3999.220     3999.220     3999.230
   105:     3999.230     4009.220     4009.230     4194.220     4195.210
   110:     4196.490     4682.710     4683.270     4684.100     4687.930
   115:     4687.930     4687.930     4687.940     4687.940     4688.990
   120:     4688.990     4689.270     4689.270     4689.810     4689.810
   125:     4690.050     4690.050     4697.930     4697.940     5080.740
   130:     5084.990     5086.820     5118.540     5168.360     5168.360
   135:     5168.360     5168.370     5168.370     5178.360     5178.370
   140:     5332.540     5332.540     5332.540     5332.550     5332.550
   145:     5342.540     5342.550     5450.570     5602.840     5602.840
   150:     5602.840     5602.850     5602.850     5612.840     5612.850
   155:     5627.310     5628.710     5629.130     5639.060     5899.820
   160:     5937.040     5937.040     5937.040     5937.050     5937.050
   165:     5947.040     5947.050     6036.040     6036.040     6036.040
   170:     6036.050     6036.050     6039.240     6039.240     6046.040
   175:     6046.050     6078.700     6089.220     6310.500     6310.500
   180:     6310.500     6310.510     6310.510     6311.240     6311.240
   185:     6314.440     6315.220     6316.040     6320.500     6320.510
   190:     6324.770     6324.770     6324.770     6324.780     6324.780
   195:     6334.770     6334.780     6792.620     6793.000     6793.960
   200:     6795.410     6855.000     6855.000     6855.000     6855.010
   205:     6855.010     6865.000     6865.010     7014.510     7014.820
   210:     7161.960     7161.960     7161.960     7161.970     7161.970
   215:     7164.080     7164.080     7166.370     7166.370     7168.000
   220:     7168.000     7168.990     7171.960     7171.970     7244.700
   225:     7245.070     7245.520     7394.720     7467.450     7566.440
   230:     7592.550     7592.550     7592.550     7592.560     7592.560
   235:     7593.460     7593.460     7602.550     7602.560     7627.170
   240:     7641.950     7642.430     7663.910     7663.910     7663.910
   245:     7663.920     7663.920     7673.910     7673.920     7895.730
   250:     7985.370     8309.230     8316.330     8374.660     8374.660
   255:     8374.660     8374.670     8374.670     8378.410     8378.410
   260:     8381.990     8384.660     8384.670     8444.100     8444.100
   265:     8444.100     8444.110     8444.110     8454.100     8454.110
   270:     8529.780     8768.200     8781.090     8781.090     8781.090
   275:     8781.100     8781.100     8782.630     8791.090     8791.100
   280:     8818.030     8901.960     8960.840     9134.470     9614.000
   285:     9614.700     9934.650     9934.650     9934.650     9934.660
   290:     9934.660     9944.650     9944.660    10068.200    10069.130
   295:    10069.440    10094.520    10094.810    10095.530    10191.440
   300:    10230.050    10233.560    10233.560    10233.560    10233.570
   305:    10233.570    10243.560    10243.570    10735.510    10735.510
   310:    10735.510    10735.520    10735.520    10738.480    10745.510
   315:    10745.520    10749.200    10749.900    10750.440    10752.080
   320:    10752.380    10800.000
