File: C:\MED-PC\Data\2025-03-13_09h06m_Subject 79.txt


Start Date: 03/13/25
End Date: 03/13/25
Subject: 79
Experiment: OralFentSA
Group: One
Box: 7
Start Time: 09:06:47
End Time: 12:07:05
MSN: 20241014_Golden_Liq_SelfAdmin
F:       0.000
G:    1319.000
H:   10800.000
I:       0.000
J:       0.000
K:       0.000
L:       0.000
M:       0.000
N:       0.000
O:       0.000
P:       0.000
Q:       0.000
R:       0.000
S:       0.000
U:       0.000
V:       0.000
W:       0.000
X:       0.000
Y:       0.000
Z:       0.000
A:
     0:        0.000        0.000      180.000        4.000        0.000
     5:        5.000        0.000        5.000        0.000        0.000
    10:        1.000        0.000       10.000 30000000.000       20.000
    15:        9.000      640.000        0.000        0.000        0.000
    20:        0.000
B:
     0:        0.000        0.000        0.000      400.000        0.000
     5:      500.000        0.000      500.000        0.000        0.000
    10:        0.000        0.000     1000.000 3000000000.000        0.000
    15:        0.000        0.000        0.000        0.000        0.000
    20:        0.000
C:
     0:       10.000       11.000       79.000       22.000     1072.000
     5:    10257.740        3.720       10.000      169.890       16.989
    10:       22.000       79.000        0.000        0.000        0.000
    15:        0.000        0.000        0.000        0.000        0.000
    20:        0.000
D:
     0:       38.840        0.750        8.640        1.390       78.260
     5:        4.150        4.790        7.470       21.880        3.720
E:
     0:       19.000       11.000       26.000       27.000        6.000
     5:        6.000        6.000        6.000        6.000        6.000
    10:        6.000        6.000        6.000        6.000        6.000
    15:        6.000        6.000        6.000        6.000        6.000
    20:        6.000        1.000        6.000        6.000        6.000
    25:        6.000        6.000        6.000        6.000        6.000
    30:        6.000        6.000        6.000        6.000        6.000
    35:        6.000        6.000        6.000        6.000        6.000
    40:        6.000        6.000        6.000        6.000        6.000
    45:        6.000        6.000        6.000        6.000        6.000
    50:        6.000        6.000        6.000        6.000        6.000
    55:        6.000        6.000        6.000        6.000        6.000
    60:        6.000        6.000        6.000        6.000        6.000
    65:        6.000        6.000        6.000        6.000        6.000
    70:        6.000        2.000        4.000       22.000       24.000
    75:       12.000       13.000        8.000        5.000       17.000
    80:       21.000       22.000       21.000       22.000       21.000
    85:       22.000       18.000       14.000       10.000       19.000
    90:       11.000        6.000        6.000        6.000        6.000
    95:        6.000        6.000        6.000        6.000        6.000
   100:        6.000        6.000        6.000        6.000        6.000
   105:        6.000        6.000        6.000        6.000        6.000
   110:        6.000        6.000        6.000        6.000        6.000
   115:        6.000        6.000        6.000        6.000        6.000
   120:        6.000        6.000        6.000        6.000        6.000
   125:        6.000        6.000        6.000        6.000        6.000
   130:        6.000        2.000        4.000       22.000       24.000
   135:       12.000       13.000        8.000        5.000       17.000
   140:        6.000        6.000       18.000        6.000       14.000
   145:       10.000        6.000        6.000       19.000       11.000
   150:        6.000        6.000        6.000        6.000        6.000
   155:        6.000        6.000        6.000        6.000        6.000
   160:        6.000        6.000        6.000        6.000        6.000
   165:        6.000        6.000        6.000        6.000        6.000
   170:        6.000        6.000        6.000        6.000        6.000
   175:        6.000        6.000        6.000        6.000        6.000
   180:        6.000        6.000        6.000        6.000        6.000
   185:        6.000        6.000        6.000        6.000        6.000
   190:        6.000        2.000        4.000       22.000       24.000
   195:       12.000       13.000        8.000        5.000       17.000
   200:       21.000       22.000       18.000       14.000       10.000
   205:        6.000        6.000       19.000       11.000        6.000
   210:        6.000        6.000        6.000        6.000        6.000
   215:        6.000        6.000        6.000        6.000        6.000
   220:        6.000        6.000        6.000        6.000        6.000
   225:        6.000        6.000        6.000        6.000        6.000
   230:        6.000        6.000        6.000        6.000        6.000
   235:        6.000        6.000        6.000        6.000        6.000
   240:        6.000        6.000        6.000        6.000        6.000
   245:        6.000        6.000        6.000        6.000        6.000
   250:        6.000        6.000        6.000        6.000        6.000
   255:        6.000        6.000        6.000        6.000        6.000
   260:        6.000        6.000        6.000        6.000        6.000
   265:        6.000        6.000        6.000        6.000        6.000
   270:        6.000        6.000        6.000        6.000        6.000
   275:        6.000        6.000        6.000        6.000        6.000
   280:        6.000        6.000        6.000        6.000        6.000
   285:        6.000        6.000        6.000        6.000        6.000
   290:        6.000        6.000        6.000        6.000        6.000
   295:        6.000        6.000        6.000        6.000        6.000
   300:        6.000        6.000        6.000        6.000        6.000
   305:        6.000        6.000        6.000        6.000        6.000
   310:        6.000        6.000        6.000        6.000        6.000
   315:        6.000        6.000        6.000        6.000        6.000
   320:        6.000        6.000        6.000        6.000        6.000
   325:        6.000        6.000        6.000        6.000        6.000
   330:        6.000        6.000        6.000        6.000        6.000
   335:        6.000        6.000        6.000        6.000        6.000
   340:        6.000        6.000        6.000        1.000        1.000
   345:        1.000        1.000        1.000        1.000        1.000
   350:        1.000        1.000        1.000        1.000        1.000
   355:        1.000        1.000        1.000        1.000        1.000
   360:        1.000        1.000        1.000        1.000        1.000
   365:        1.000        1.000        1.000        1.000        1.000
   370:        1.000        1.000        1.000        1.000        1.000
   375:        1.000        1.000        1.000        1.000        1.000
   380:        1.000        1.000        1.000        1.000        1.000
   385:        1.000        1.000        1.000        1.000        1.000
   390:        1.000        1.000        1.000        1.000        1.000
   395:        1.000        1.000        6.000        1.000        1.000
   400:        1.000        1.000        6.000        6.000        6.000
   405:        6.000        6.000        6.000        6.000        6.000
   410:        6.000        6.000        6.000        6.000        6.000
   415:        6.000        6.000        6.000        1.000        6.000
   420:        6.000        6.000        6.000        6.000        6.000
   425:        6.000        6.000        6.000        6.000        6.000
   430:        6.000        6.000        6.000        6.000        6.000
   435:        6.000        6.000        6.000        6.000        6.000
   440:        6.000        6.000        6.000        6.000        6.000
   445:        6.000        6.000        6.000        6.000        6.000
   450:        6.000        6.000        6.000        6.000        6.000
   455:        6.000        6.000        6.000        6.000        6.000
   460:        6.000        6.000        6.000        6.000        6.000
   465:        6.000        6.000        6.000        6.000        6.000
   470:        6.000        6.000        6.000        6.000        6.000
   475:        6.000        6.000        6.000        6.000        6.000
   480:        6.000        6.000        6.000        6.000        6.000
   485:        6.000        6.000        6.000        6.000        6.000
   490:        6.000        6.000        6.000        6.000        6.000
   495:        6.000        6.000        6.000        6.000        6.000
   500:        6.000        6.000        6.000        6.000        6.000
   505:        6.000        6.000        6.000        6.000        2.000
   510:        4.000       22.000       24.000       12.000       13.000
   515:        8.000        5.000       17.000        6.000       18.000
   520:       14.000       10.000        6.000        6.000        6.000
   525:        6.000        6.000        6.000        6.000       19.000
   530:       11.000        6.000        6.000        6.000        6.000
   535:        6.000        2.000        4.000       22.000       24.000
   540:       12.000       13.000        8.000        5.000       17.000
   545:       21.000       22.000       18.000       14.000       10.000
   550:       19.000       11.000        1.000        1.000        1.000
   555:        1.000        1.000        6.000        6.000        6.000
   560:        6.000        6.000        6.000        6.000        6.000
   565:        6.000        6.000        6.000        6.000        6.000
   570:        1.000        6.000        6.000        6.000        6.000
   575:        6.000        6.000        6.000        6.000        6.000
   580:        6.000        6.000        6.000        6.000        6.000
   585:        6.000        6.000        6.000        6.000        6.000
   590:        6.000        6.000        6.000        6.000        6.000
   595:        6.000        6.000        6.000        6.000        6.000
   600:        6.000        6.000        6.000        6.000        6.000
   605:        6.000        6.000        6.000        6.000        6.000
   610:        6.000        6.000        6.000        6.000        6.000
   615:        6.000        6.000        6.000        6.000        6.000
   620:        6.000        6.000        6.000        6.000        6.000
   625:        6.000        6.000        6.000        6.000        6.000
   630:        6.000        6.000        6.000        6.000        6.000
   635:        6.000        6.000        6.000        6.000        6.000
   640:        6.000        6.000        6.000        6.000        6.000
   645:        6.000        6.000        6.000        6.000        6.000
   650:        6.000        6.000        6.000        6.000        6.000
   655:        6.000        6.000        6.000        6.000        6.000
   660:        6.000        6.000        6.000        6.000        6.000
   665:        6.000        6.000        6.000        6.000        6.000
   670:        6.000        6.000        6.000        6.000        6.000
   675:        6.000        6.000        6.000        6.000        6.000
   680:        6.000        6.000        6.000        6.000        6.000
   685:        6.000        6.000        6.000        6.000        6.000
   690:        6.000        6.000        6.000        6.000        6.000
   695:        6.000        6.000        6.000        6.000        6.000
   700:        6.000        6.000        6.000        6.000        6.000
   705:        6.000        6.000        6.000        6.000        6.000
   710:        6.000        6.000        6.000        6.000        6.000
   715:        6.000        6.000        6.000        6.000        6.000
   720:        6.000        6.000        6.000        6.000        6.000
   725:        6.000        6.000        6.000        6.000        6.000
   730:        6.000        6.000        6.000        6.000        2.000
   735:        4.000       22.000       24.000       12.000       13.000
   740:        8.000        5.000       17.000       18.000        6.000
   745:       14.000       10.000        6.000        6.000        6.000
   750:        6.000       19.000       11.000        6.000        6.000
   755:        6.000        6.000        6.000        6.000        6.000
   760:        6.000        6.000        6.000        6.000        6.000
   765:        6.000        6.000        6.000        6.000        6.000
   770:        6.000        6.000        6.000        6.000        6.000
   775:        6.000        6.000        6.000        6.000        6.000
   780:        6.000        6.000        6.000        6.000        6.000
   785:        6.000        6.000        6.000        6.000        6.000
   790:        6.000        6.000        6.000        6.000        6.000
   795:        6.000        6.000        6.000        6.000        6.000
   800:        6.000        6.000        6.000        6.000        6.000
   805:        6.000        6.000        6.000        6.000        6.000
   810:        6.000        6.000        6.000        6.000        6.000
   815:        6.000        6.000        6.000        6.000        6.000
   820:        6.000        6.000        6.000        6.000        6.000
   825:        6.000        6.000        6.000        6.000        6.000
   830:        6.000        6.000        6.000        6.000        6.000
   835:        6.000        6.000        6.000        6.000        6.000
   840:        6.000        6.000        6.000        6.000        6.000
   845:        6.000        6.000        6.000        6.000        6.000
   850:        6.000        6.000        6.000        6.000        6.000
   855:        6.000        6.000        6.000        6.000        6.000
   860:        6.000        6.000        6.000        1.000        1.000
   865:        6.000        6.000        6.000        6.000        6.000
   870:        6.000        6.000        6.000        6.000        6.000
   875:        6.000        6.000        6.000        6.000        6.000
   880:        6.000        6.000        2.000        4.000       22.000
   885:       24.000       12.000       13.000        8.000        5.000
   890:       17.000       21.000       22.000       21.000       22.000
   895:       21.000       22.000       21.000       22.000       21.000
   900:       22.000       18.000        6.000       14.000       10.000
   905:        6.000        6.000        6.000       19.000       11.000
   910:        6.000        6.000        2.000        4.000       22.000
   915:       24.000       12.000       13.000        8.000        5.000
   920:       17.000       21.000       22.000       18.000       14.000
   925:       10.000       21.000       22.000        6.000        6.000
   930:        6.000       19.000       11.000        1.000        1.000
   935:        1.000        1.000        1.000        1.000        1.000
   940:        6.000        6.000        6.000        6.000        6.000
   945:        6.000        6.000        6.000        6.000        6.000
   950:        6.000        6.000        6.000        6.000        6.000
   955:        6.000        6.000        6.000        6.000        6.000
   960:        6.000        6.000        6.000        6.000        6.000
   965:        6.000        6.000        6.000        6.000        6.000
   970:        6.000        6.000        6.000        6.000        6.000
   975:        6.000        6.000        6.000        6.000        6.000
   980:        6.000        6.000        6.000        6.000        6.000
   985:        6.000        6.000        6.000        6.000        6.000
   990:        6.000        6.000        6.000        6.000        6.000
   995:        6.000        6.000        6.000        6.000        6.000
  1000:        6.000        6.000        6.000        6.000        6.000
  1005:        6.000        6.000        6.000        6.000        6.000
  1010:        6.000        6.000        6.000        6.000        6.000
  1015:        6.000        6.000        6.000        6.000        6.000
  1020:        6.000        6.000        6.000        6.000        6.000
  1025:        6.000        6.000        6.000        6.000        6.000
  1030:        6.000        6.000        6.000        6.000        6.000
  1035:        6.000        6.000        6.000        6.000        6.000
  1040:        6.000        6.000        6.000        6.000        6.000
  1045:        6.000        6.000        6.000        6.000        6.000
  1050:        6.000        6.000        1.000        1.000        6.000
  1055:        6.000        6.000        6.000        6.000        6.000
  1060:        6.000        6.000        6.000        6.000        6.000
  1065:        6.000        6.000        2.000        4.000       22.000
  1070:       24.000       12.000       13.000        8.000        5.000
  1075:       17.000       18.000       14.000       10.000       19.000
  1080:       11.000        6.000        6.000        6.000        6.000
  1085:        6.000        6.000        6.000        6.000        6.000
  1090:        6.000        6.000        6.000        6.000        6.000
  1095:        6.000        6.000        6.000        6.000        6.000
  1100:        6.000        6.000        6.000        6.000        6.000
  1105:        6.000        6.000        6.000        6.000        6.000
  1110:        6.000        6.000        6.000        6.000        6.000
  1115:        6.000        6.000        6.000        6.000        6.000
  1120:        6.000        6.000        6.000        6.000        6.000
  1125:        6.000        6.000        6.000        6.000        6.000
  1130:        6.000        6.000        6.000        6.000        6.000
  1135:        6.000        6.000        6.000        6.000        6.000
  1140:        6.000        6.000        6.000        6.000        6.000
  1145:        6.000        6.000        6.000        6.000        6.000
  1150:        6.000        6.000        6.000        6.000        6.000
  1155:        6.000        6.000        6.000        6.000        6.000
  1160:        6.000        6.000        6.000        6.000        6.000
  1165:        6.000        6.000        6.000        6.000        6.000
  1170:        6.000        6.000        6.000        6.000        6.000
  1175:        6.000        6.000        6.000        6.000        6.000
  1180:        6.000        6.000        6.000        6.000        6.000
  1185:        6.000        6.000        6.000        6.000        6.000
  1190:        6.000        6.000        6.000        6.000        6.000
  1195:        6.000        6.000        6.000        6.000        6.000
  1200:        6.000        6.000        6.000        6.000        6.000
  1205:        6.000        6.000        6.000        6.000        6.000
  1210:        6.000        6.000        6.000        6.000        6.000
  1215:        6.000        6.000        6.000        6.000        6.000
  1220:        6.000        6.000        6.000        6.000        6.000
  1225:        6.000        6.000        6.000        6.000        6.000
  1230:        6.000        6.000        6.000        6.000        6.000
  1235:        6.000        6.000        6.000        6.000        6.000
  1240:        6.000        6.000        6.000        6.000        6.000
  1245:        6.000        6.000        6.000        6.000        6.000
  1250:        6.000        1.000        6.000        6.000        6.000
  1255:        2.000        4.000       22.000       24.000       12.000
  1260:       13.000        8.000        5.000       17.000        6.000
  1265:       18.000       14.000       10.000       19.000       11.000
  1270:        6.000        6.000        6.000        6.000        6.000
  1275:        6.000        6.000        6.000        6.000        6.000
  1280:        6.000        6.000        6.000        6.000        6.000
  1285:        6.000        6.000        6.000        6.000        6.000
  1290:        6.000        6.000        6.000        6.000        6.000
  1295:        6.000        6.000        6.000        6.000        6.000
  1300:        6.000        1.000        6.000        6.000        6.000
  1305:        6.000        6.000        6.000        6.000        6.000
  1310:        6.000        6.000        6.000        6.000        6.000
  1315:        6.000        6.000        6.000        6.000      100.000
T:
     0:        0.000        0.000        0.000        0.000       16.680
     5:       38.760       39.240       39.950       54.300       56.700
    10:       63.430       73.550       73.780       78.440       78.520
    15:       78.710       80.720       81.210       81.280       81.700
    20:       81.880       91.800       98.610      124.470      140.320
    25:      161.710      162.280      164.370      167.430      168.100
    30:      170.280      203.580      203.840      204.130      204.860
    35:      204.960      206.750      215.260      229.520      229.840
    40:      231.140      232.170      232.620      232.690      242.490
    45:      243.130      243.160      243.290      243.540      243.580
    50:      243.660      243.720      257.360      259.310      262.110
    55:      269.290      269.910      270.060      270.100      270.350
    60:      270.810      271.840      273.550      273.840      274.060
    65:      274.280      276.160      284.290      285.830      286.520
    70:      287.980      319.530      319.530      319.530      319.540
    75:      319.540      319.540      319.540      319.540      319.540
    80:      320.750      320.750      321.740      321.740      322.770
    85:      322.770      323.540      324.540      324.540      329.530
    90:      329.540      358.380      361.870      362.390      362.480
    95:      364.680      365.040      377.150      394.330      410.660
   100:      412.540      423.680      425.910      431.110      433.190
   105:      434.030      437.860      444.840      445.810      458.360
   110:      458.480      461.730      461.810      462.540      463.560
   115:      499.060      499.100      499.350      500.090      501.470
   120:      501.840      570.150      570.890      570.960      571.140
   125:      571.240      571.290      571.510      571.600      580.700
   130:      589.750      606.810      606.810      606.810      606.820
   135:      606.820      606.820      606.820      606.820      606.820
   140:      607.570      608.310      610.820      611.700      611.820
   145:      611.820      613.520      615.170      616.810      616.820
   150:      617.700      627.480      629.730      629.870      630.250
   155:      630.380      637.310      637.370      638.210      639.150
   160:      639.250      639.490      639.540      639.810      668.650
   165:      669.000      671.200      673.030      673.550      675.650
   170:      687.630      687.800      690.450      692.200      692.980
   175:      693.140      693.300      693.620      693.670      693.900
   180:      694.990      695.390      695.590      695.760      696.170
   185:      697.700      698.030      700.460      700.770      721.840
   190:      721.890      741.310      741.310      741.310      741.320
   195:      741.320      741.320      741.320      741.320      741.320
   200:      742.850      742.850      745.320      746.320      746.320
   205:      749.960      750.190      751.310      751.320      753.830
   210:      753.910      755.500      756.010      756.070      756.130
   215:      756.340      756.520      756.580      756.620      756.680
   220:      756.870      757.030      761.430      761.740      761.950
   225:      761.990      762.130      762.200      816.360      816.880
   230:      816.940      817.030      824.480      827.360      836.160
   235:      867.700      867.960      868.500      868.530      921.210
   240:      921.470     1016.420     1091.460     1091.500     1343.320
   245:     1343.410     1343.600     1346.850     1347.180     1353.810
   250:     1360.110     1362.070     1362.320     1364.910     1366.020
   255:     1367.410     1367.520     1367.720     1369.670     1370.100
   260:     1370.260     1371.030     1371.290     1371.470     1371.570
   265:     1380.180     1384.130     1387.750     1389.020     1458.090
   270:     1479.750     1507.440     1507.510     1528.330     1528.680
   275:     1541.650     1542.190     1546.780     1548.020     1550.100
   280:     1550.440     1551.090     1554.540     1554.600     1554.850
   285:     1554.930     1777.870     1779.000     1779.090     1779.330
   290:     1780.250     1780.310     1780.750     1780.790     1781.920
   295:     1782.000     1782.890     1786.090     1787.890     1788.090
   300:     1788.560     1788.740     1789.910     1793.780     1797.300
   305:     1797.610     1798.470     1801.300     1871.400     1872.030
   310:     1875.100     1887.690     1887.940     1904.860     1913.160
   315:     1913.450     1975.000     1975.970     1976.020     1976.110
   320:     2005.860     2144.540     2145.430     2146.030     2151.870
   325:     2152.020     2152.550     2160.660     2161.420     2244.250
   330:     2247.910     2248.360     2249.200     2249.440     2250.450
   335:     2252.250     2260.510     2261.120     2261.230     2389.090
   340:     2389.320     2390.060     2390.820     2476.850     2477.510
   345:     2478.630     2479.450     2479.910     2481.740     2482.420
   350:     2488.100     2490.490     2491.760     2495.070     2495.640
   355:     2496.730     2497.670     2498.780     2500.370     2503.980
   360:     2504.940     2514.590     2519.420     2520.280     2523.140
   365:     2529.740     2530.480     2532.910     2533.190     2539.620
   370:     2543.480     2550.680     2562.650     2565.540     2566.400
   375:     2572.150     2580.130     2581.830     2581.970     2582.070
   380:     2586.380     2587.150     2590.050     2590.170     2596.380
   385:     2600.290     2602.660     2603.500     2603.640     2604.610
   390:     2607.260     2617.670     2618.360     2619.500     2622.490
   395:     2630.110     2630.570     2633.160     2668.020     2668.670
   400:     2671.110     2685.970     2785.770     2786.240     2789.420
   405:     2790.320     2790.360     2792.710     2795.180     2796.500
   410:     2802.370     2935.680     2937.680     2937.830     2939.210
   415:     2939.690     2939.710     2939.840     3057.440     3063.710
   420:     3068.060     3068.400     3069.480     3107.180     3108.390
   425:     3126.230     3255.730     3256.040     3256.920     3303.670
   430:     3307.080     3314.330     3314.660     3317.220     3323.090
   435:     3332.580     3333.450     3333.560     3521.160     3523.410
   440:     3523.440     3529.090     3530.970     3531.450     3532.050
   445:     3534.740     3535.150     3536.200     3536.350     3536.460
   450:     3538.030     3538.680     3539.310     3540.470     3553.150
   455:     3557.360     3557.510     3557.750     3559.730     3560.690
   460:     3561.900     3562.630     3562.930     3563.310     3591.720
   465:     3668.420     3671.020     3671.060     3678.060     3679.100
   470:     3679.260     3681.140     3681.580     3681.650     3681.870
   475:     3681.980     3682.040     3682.460     3688.560     3690.160
   480:     3694.010     3694.470     3700.500     3701.760     3701.960
   485:     3702.190     3705.860     3708.910     3709.310     3712.840
   490:     3712.960     3713.870     3714.080     3719.630     3719.890
   495:     3720.550     3720.940     4055.290     4056.440     4056.520
   500:     4056.910     4061.440     4063.020     4064.450     4064.500
   505:     4064.610     4065.710     4066.130     4069.480     4073.840
   510:     4073.840     4073.840     4073.850     4073.850     4073.850
   515:     4073.850     4073.850     4073.850     4075.240     4077.850
   520:     4078.850     4078.850     4079.880     4080.950     4081.010
   525:     4081.120     4081.210     4081.440     4081.650     4083.840
   530:     4083.850     4083.860     4084.810     4086.300     4100.700
   535:     4102.330     4141.920     4141.920     4141.920     4141.930
   540:     4141.930     4141.930     4141.930     4141.930     4141.930
   545:     4142.650     4142.650     4145.930     4146.930     4146.930
   550:     4151.920     4151.930     4181.720     4183.010     4183.340
   555:     4184.610     4185.490     4220.190     4227.080     4231.160
   560:     4238.350     4245.690     4246.510     4246.570     4246.790
   565:     4247.800     4640.840     4641.460     4641.610     4649.520
   570:     4655.020     4804.150     4805.190     4805.480     4806.190
   575:     4806.480     4806.530     4806.760     4807.410     4810.310
   580:     4815.570     4820.190     4820.540     4820.790     4820.820
   585:     4826.190     4836.620     4857.000     4857.190     4857.270
   590:     4857.630     4857.890     4858.190     4858.490     4866.100
   595:     4866.350     4866.560     4866.880     4867.100     4872.680
   600:     4873.240     4882.480     4918.320     4918.720     4919.140
   605:     4920.050     4923.720     4924.590     4924.620     4924.810
   610:     4925.010     4925.590     4925.680     4925.730     4925.920
   615:     4926.370     4926.500     4926.600     4930.690     4930.750
   620:     4932.540     4932.770     4963.910     4964.390     4978.710
   625:     4993.790     4994.250     5020.470     5020.810     5020.910
   630:     5021.690     5021.790     5092.620     5196.140     5203.330
   635:     5204.230     5295.030     5296.680     5296.780     5297.000
   640:     5297.150     5297.280     5297.580     5297.610     5300.050
   645:     5301.050     5302.430     5303.160     5303.220     5303.330
   650:     5303.430     5306.610     5306.700     5306.810     5306.900
   655:     5307.120     5307.270     5307.480     5311.790     5311.850
   660:     5312.350     5312.370     5312.630     5313.150     5313.390
   665:     5313.650     5315.080     5316.690     5317.000     5317.150
   670:     5318.280     5319.130     5319.550     5320.600     5321.370
   675:     5321.710     5321.870     5322.130     5322.160     5322.840
   680:     5323.920     5324.500     5325.600     5327.750     5328.650
   685:     5329.590     5329.700     5329.750     5330.000     5416.550
   690:     5416.600     5428.740     5429.310     5429.410     5429.480
   695:     5429.760     5429.830     5429.920     5550.190     5550.550
   700:     5550.880     5552.920     5568.120     5581.230     5581.340
   705:     5581.690     5581.720     5581.780     5581.970     5587.100
   710:     5603.520     5604.800     5606.040     5606.300     5606.380
   715:     5612.890     5613.660     5625.170     5629.050     5630.330
   720:     5631.730     5632.690     5634.090     5634.230     5701.580
   725:     5701.880     5710.820     5715.920     5717.610     5717.900
   730:     5729.280     5730.200     5734.290     5734.600     5742.930
   735:     5742.930     5742.930     5742.940     5742.940     5742.940
   740:     5742.940     5742.940     5742.940     5746.940     5747.090
   745:     5747.940     5747.940     5749.540     5749.920     5750.180
   750:     5750.700     5752.930     5752.940     5756.140     5758.510
   755:     5820.160     5822.760     5822.820     5849.050     5850.160
   760:     5850.840     5851.950     5860.130     5860.680     5861.280
   765:     5863.300     5864.610     5885.850     5887.050     5887.230
   770:     5888.230     5890.110     5890.890     5906.720     5908.060
   775:     5910.660     5910.980     5912.980     5917.110     5917.380
   780:     5922.230     5959.490     5959.730     5995.200     5997.550
   785:     6000.060     6001.610     6003.080     6003.420     6279.890
   790:     6280.030     6280.430     6282.380     6284.650     6284.740
   795:     6290.390     6290.830     6292.390     6292.430     6294.430
   800:     6294.620     6295.460     6295.960     6296.140     6300.200
   805:     6300.900     6301.110     6301.190     6302.950     6302.990
   810:     6303.050     6304.270     6304.960     6305.110     6307.580
   815:     6311.650     6312.360     6352.280     6353.170     6355.180
   820:     6355.530     6356.530     6356.580     6356.930     6357.110
   825:     6359.960     6360.940     6361.510     6362.190     6362.760
   830:     6368.980     6389.550     6390.020     6390.350     6390.470
   835:     6395.450     6395.970     6396.030     6397.720     6411.240
   840:     6412.940     6629.700     6631.080     6631.340     6631.400
   845:     6632.620     6632.670     6636.660     6638.230     6643.430
   850:     6645.780     6648.370     6648.490     6648.930     6652.740
   855:     6689.350     6689.800     6690.020     6691.290     6693.100
   860:     6726.110     6726.610     6753.530     6781.230     6782.120
   865:     6815.370     6815.610     6815.740     6816.720     6816.810
   870:     6817.380     6818.660     6818.950     6820.490     6821.060
   875:     6821.300     6821.450     6821.800     6822.850     6822.920
   880:     6893.010     6905.730     6914.260     6914.260     6914.260
   885:     6914.270     6914.270     6914.270     6914.270     6914.270
   890:     6914.270     6914.390     6914.390     6914.850     6914.850
   895:     6915.630     6915.630     6916.380     6916.380     6917.050
   900:     6917.050     6918.270     6919.060     6919.270     6919.270
   905:     6922.510     6923.470     6923.930     6924.260     6924.270
   910:     6924.600     6926.220     6939.020     6939.020     6939.020
   915:     6939.030     6939.030     6939.030     6939.030     6939.030
   920:     6939.030     6942.480     6942.480     6943.030     6944.030
   925:     6944.030     6945.610     6945.610     6946.500     6947.180
   930:     6947.260     6949.020     6949.030     6960.540     6961.480
   935:     6964.280     6964.610     6969.010     6970.340     6989.360
   940:     6997.760     7000.420     7003.620     7006.270     7052.120
   945:     7056.770     7056.970     7059.230     7059.260     7059.960
   950:     7076.470     7076.790     7092.390     7092.670     7093.350
   955:     7095.000     7095.640     7095.760     7096.730     7098.940
   960:     7099.200     7102.600     7107.370     7120.210     7126.020
   965:     7126.080     7133.240     7137.190     7137.900     7138.610
   970:     7139.280     7139.860     7148.990     7151.330     7154.460
   975:     7154.610     7154.710     7154.820     7155.000     7156.260
   980:     7164.040     7164.130     7164.800     7165.220     7166.040
   985:     7166.080     7166.510     7509.330     7633.530     7633.900
   990:     7645.560     7646.050     7647.220     7647.340     7647.990
   995:     7758.120     7758.570     7758.680     7758.860     7835.260
  1000:     7836.170     7836.480     7883.830     7884.300     7885.660
  1005:     7891.020     7901.420     7909.020     7910.190     7911.030
  1010:     7911.510     7911.630     7911.860     7913.540     8019.080
  1015:     8019.530     8019.990     8162.670     8164.140     8164.400
  1020:     8164.470     8167.150     8168.230     8242.790     8243.080
  1025:     8319.610     8395.930     8396.330     8428.510     8428.870
  1030:     8434.740     8434.820     8445.420     8447.310     8447.650
  1035:     8448.090     8449.410     8449.520     8449.900     8450.540
  1040:     8450.960     8702.250     8703.280     8703.380     8704.200
  1045:     8704.980     8705.430     8708.130     8708.370     8708.660
  1050:     8712.000     8712.340     8717.580     8718.810     8745.350
  1055:     8746.470     8746.610     8780.140     8780.370     8783.130
  1060:     8786.650     8787.660     8790.060     8798.570     8799.470
  1065:     8800.840     8812.110     8868.830     8868.830     8868.830
  1070:     8868.840     8868.840     8868.840     8868.840     8868.840
  1075:     8868.840     8872.840     8873.840     8873.840     8878.830
  1080:     8878.840     8890.720     8890.840     8890.980     8893.380
  1085:     8899.820     8911.000     8911.210     8916.010     8916.070
  1090:     8916.580     8917.380     8917.550     8929.930     8931.240
  1095:     8932.150     8932.170     8932.810     8933.040     8942.260
  1100:     8944.100     8945.010     8945.140     8945.240     8945.550
  1105:     9041.640     9048.100     9050.280     9050.340     9079.090
  1110:     9079.560     9103.520     9105.680     9121.910     9122.130
  1115:     9225.220     9226.000     9227.810     9231.000     9250.840
  1120:     9251.280     9262.110     9262.990     9263.840     9264.050
  1125:     9264.490     9264.550     9265.210     9265.630     9267.800
  1130:     9270.140     9270.250     9270.430     9272.800     9272.950
  1135:     9273.190     9273.290     9275.920     9280.310     9281.650
  1140:     9281.700     9281.950     9293.970     9294.070     9294.800
  1145:     9294.900     9313.170     9313.210     9313.300     9313.660
  1150:     9314.810     9315.000     9315.200     9316.620     9333.880
  1155:     9334.880     9800.310     9800.980     9804.460     9807.960
  1160:     9808.020     9809.960     9810.370     9815.470     9820.870
  1165:     9826.220     9827.200     9829.020     9829.240     9829.290
  1170:     9829.690     9831.250     9831.310     9832.310     9832.470
  1175:     9864.320     9866.450     9866.780     9866.850     9867.020
  1180:     9867.310     9867.350     9868.000     9872.980     9873.130
  1185:     9873.170     9874.990     9875.500     9875.860     9892.430
  1190:     9893.110     9893.750     9893.940     9896.210     9907.240
  1195:     9907.850     9908.490     9908.580     9908.710     9908.970
  1200:     9909.890     9910.560     9914.580     9915.400     9916.690
  1205:     9923.520     9924.610     9925.060     9925.210     9926.290
  1210:     9929.400     9929.960     9931.670     9931.760     9931.800
  1215:     9932.270     9932.310     9932.890     9933.390     9939.290
  1220:     9939.380     9939.480     9939.510     9940.640     9940.820
  1225:     9941.170     9941.230     9942.110     9942.210     9943.200
  1230:     9944.490     9954.670     9954.840     9954.960     9955.100
  1235:     9955.250     9955.330     9964.400     9966.000     9980.930
  1240:     9987.520     9988.350     9992.970     9995.950     9996.980
  1245:     9997.520     9998.680    10001.410    10005.580    10013.610
  1250:    10014.710    10171.970    10184.030    10218.810    10239.110
  1255:    10257.730    10257.730    10257.730    10257.740    10257.740
  1260:    10257.740    10257.740    10257.740    10257.740    10261.460
  1265:    10261.740    10262.740    10262.740    10267.730    10267.740
  1270:    10268.710    10348.640    10348.800    10380.600    10396.980
  1275:    10397.390    10403.350    10407.030    10409.450    10411.310
  1280:    10411.840    10423.970    10424.170    10425.650    10427.170
  1285:    10429.810    10432.210    10432.720    10432.760    10434.760
  1290:    10436.370    10438.140    10441.250    10443.850    10449.160
  1295:    10449.500    10449.630    10454.910    10455.100    10455.730
  1300:    10457.700    10475.740    10486.410    10494.940    10499.270
  1305:    10517.260    10532.760    10533.080    10533.350    10536.120
  1310:    10546.430    10547.650    10548.060    10548.500    10591.710
  1315:    10638.650    10656.790    10659.060    10705.590    10800.000
