File: C:\MED-PC\Data\2025-03-21_09h24m_Subject 73.txt


Start Date: 03/21/25
End Date: 03/21/25
Subject: 73
Experiment: OralFentSA
Group: One
Box: 1
Start Time: 09:24:09
End Time: 12:24:52
MSN: 20241014_Golden_Liq_SelfAdmin
F:       0.000
G:    1113.000
H:   10800.000
I:       0.000
J:       0.000
K:       0.000
L:       0.000
M:       0.000
N:       0.000
O:       0.000
P:       0.000
Q:       0.000
R:       0.000
S:       0.000
U:       0.000
V:       0.000
W:       0.000
X:       0.000
Y:       0.000
Z:       0.000
A:
     0:        0.000        0.000      180.000        4.000        0.000
     5:        5.000        0.000        5.000        0.000        0.000
    10:        1.000        0.000       10.000 30000000.000       23.000
    15:       15.000      640.000        0.000        0.000        0.000
    20:        0.000
B:
     0:        0.000        0.000        0.000      400.000        0.000
     5:      500.000        0.000      500.000        0.000        0.000
    10:        0.000        0.000     1000.000 3000000000.000        0.000
    15:        0.000        0.000        0.000        0.000        0.000
    20:        0.000
C:
     0:       67.000       68.000       36.000       87.000       95.000
     5:    10656.260      114.020       21.000     1933.080       92.051
    10:       87.000       36.000        0.000        0.000        0.000
    15:        0.000        0.000        0.000        0.000        0.000
    20:        0.000
D:
     0:       22.420       57.980       33.360       47.360      129.940
     5:        8.710       42.930       21.770       16.610       41.850
    10:        3.010       47.210       15.970      632.240      502.360
    15:       50.600       51.180       30.740       27.370       35.450
    20:      114.020
E:
     0:       19.000       11.000       26.000       27.000        1.000
     5:        1.000        2.000        4.000       22.000       24.000
    10:       12.000       13.000        8.000        5.000       17.000
    15:       18.000       14.000       10.000       19.000       11.000
    20:        6.000        6.000        6.000        6.000        2.000
    25:        4.000       22.000       24.000       12.000       13.000
    30:        8.000        5.000       17.000       18.000       14.000
    35:       10.000       19.000       11.000        6.000        1.000
    40:        2.000        4.000       22.000       24.000       12.000
    45:       13.000        8.000        5.000       17.000       18.000
    50:       14.000       10.000       19.000       11.000        2.000
    55:        4.000       22.000       24.000       12.000       13.000
    60:        8.000        5.000       17.000       20.000       18.000
    65:       20.000       14.000       10.000       20.000       19.000
    70:       11.000        6.000        6.000        1.000        6.000
    75:        6.000        2.000        4.000       22.000       24.000
    80:       12.000       13.000        8.000        5.000       17.000
    85:       18.000       20.000       14.000       10.000       19.000
    90:       11.000        2.000        4.000       22.000       24.000
    95:       12.000       13.000        8.000        5.000       17.000
   100:       18.000       14.000       10.000       19.000       11.000
   105:        1.000        6.000        1.000        6.000        6.000
   110:        6.000        6.000        1.000        2.000        4.000
   115:       22.000       24.000       12.000       13.000        8.000
   120:        5.000       17.000       18.000       14.000       10.000
   125:       19.000       11.000        6.000        6.000        1.000
   130:        6.000        2.000        4.000       22.000       24.000
   135:       12.000       13.000        8.000        5.000       17.000
   140:       18.000       14.000       10.000        6.000       19.000
   145:       11.000        6.000        6.000        6.000        6.000
   150:        1.000        1.000        1.000        6.000        6.000
   155:        6.000        6.000        6.000        2.000        4.000
   160:       22.000       24.000       12.000       13.000        8.000
   165:        5.000       17.000       21.000       22.000       18.000
   170:       21.000       22.000       14.000       10.000       19.000
   175:       11.000        6.000        2.000        4.000       22.000
   180:       24.000       12.000       13.000        8.000        5.000
   185:       17.000       18.000       14.000       10.000       19.000
   190:       11.000        1.000        1.000        1.000        2.000
   195:        4.000       22.000       24.000       12.000       13.000
   200:        8.000        5.000       17.000       21.000       22.000
   205:       18.000       14.000       10.000       20.000       19.000
   210:       11.000        6.000        6.000        2.000        4.000
   215:       22.000       24.000       12.000       13.000        8.000
   220:        5.000       17.000       18.000       14.000       10.000
   225:       19.000       11.000        6.000        6.000        6.000
   230:        6.000        6.000        6.000        6.000        6.000
   235:        6.000        6.000        6.000        6.000        6.000
   240:        6.000        6.000        6.000        6.000        6.000
   245:        6.000        6.000        1.000        1.000        1.000
   250:        1.000        2.000        4.000       22.000       24.000
   255:       12.000       13.000        8.000        5.000       17.000
   260:       18.000       14.000       10.000       19.000       11.000
   265:        6.000        6.000        6.000        1.000        6.000
   270:        6.000        6.000        6.000        6.000        2.000
   275:        4.000       22.000       24.000       12.000       13.000
   280:        8.000        5.000       17.000        6.000       18.000
   285:       14.000       10.000        6.000        6.000       19.000
   290:       11.000        6.000        6.000        2.000        4.000
   295:       22.000       24.000       12.000       13.000        8.000
   300:        5.000       17.000       18.000       14.000       10.000
   305:       19.000       11.000        1.000        6.000        6.000
   310:        1.000        2.000        4.000       22.000       24.000
   315:       12.000       13.000        8.000        5.000       17.000
   320:       18.000       14.000       10.000       21.000       22.000
   325:       19.000       11.000        2.000        4.000       22.000
   330:       24.000       12.000       13.000        8.000        5.000
   335:       17.000       18.000       14.000       10.000       19.000
   340:       11.000        2.000        4.000       22.000       24.000
   345:       12.000       13.000        8.000        5.000       17.000
   350:       18.000       14.000       10.000       21.000       22.000
   355:       19.000       11.000        2.000        4.000       22.000
   360:       24.000       12.000       13.000        8.000        5.000
   365:       17.000       21.000       22.000       18.000       14.000
   370:       10.000       21.000       22.000       21.000       22.000
   375:       19.000       11.000        6.000        6.000        6.000
   380:        2.000        4.000       22.000       24.000       12.000
   385:       13.000        8.000        5.000       17.000       18.000
   390:       14.000       10.000       21.000       22.000       19.000
   395:       11.000        2.000        4.000       22.000       24.000
   400:       12.000       13.000        8.000        5.000       17.000
   405:       18.000       14.000       10.000       19.000       11.000
   410:        2.000        4.000       22.000       24.000       12.000
   415:       13.000        8.000        5.000       17.000       18.000
   420:       14.000       10.000       19.000       11.000        2.000
   425:        4.000       22.000       24.000       12.000       13.000
   430:        8.000        5.000       17.000       18.000       14.000
   435:       10.000       19.000       11.000        2.000        4.000
   440:       22.000       24.000       12.000       13.000        8.000
   445:        5.000       17.000       21.000       22.000       18.000
   450:       14.000       10.000       19.000       11.000        2.000
   455:        4.000       22.000       24.000       12.000       13.000
   460:        8.000        5.000       17.000       18.000       14.000
   465:       10.000       19.000       11.000        2.000        4.000
   470:       22.000       24.000       12.000       13.000        8.000
   475:        5.000       17.000       21.000       22.000       21.000
   480:       22.000       21.000       22.000       18.000       14.000
   485:       10.000       19.000       11.000        2.000        4.000
   490:       22.000       24.000       12.000       13.000        8.000
   495:        5.000       17.000       18.000       14.000       10.000
   500:       19.000       11.000        2.000        4.000       22.000
   505:       24.000       12.000       13.000        8.000        5.000
   510:       17.000       18.000       14.000       10.000       19.000
   515:       11.000        2.000        4.000       22.000       24.000
   520:       12.000       13.000        8.000        5.000       17.000
   525:       21.000       22.000       18.000       14.000       10.000
   530:       19.000       11.000        2.000        4.000       22.000
   535:       24.000       12.000       13.000        8.000        5.000
   540:       17.000       18.000       14.000       10.000       19.000
   545:       11.000        2.000        4.000       22.000       24.000
   550:       12.000       13.000        8.000        5.000       17.000
   555:       18.000       14.000       10.000       19.000       11.000
   560:        2.000        4.000       22.000       24.000       12.000
   565:       13.000        8.000        5.000       17.000       18.000
   570:       14.000       10.000       19.000       11.000        2.000
   575:        4.000       22.000       24.000       12.000       13.000
   580:        8.000        5.000       17.000       18.000       14.000
   585:       10.000       19.000       11.000        2.000        4.000
   590:       22.000       24.000       12.000       13.000        8.000
   595:        5.000       17.000       18.000       21.000       22.000
   600:       14.000       10.000       19.000       11.000        2.000
   605:        4.000       22.000       24.000       12.000       13.000
   610:        8.000        5.000       17.000       18.000       14.000
   615:       10.000       19.000       21.000       22.000       11.000
   620:        2.000        4.000       22.000       24.000       12.000
   625:       13.000        8.000        5.000       17.000       18.000
   630:       14.000       10.000       19.000       11.000        2.000
   635:        4.000       22.000       24.000       12.000       13.000
   640:        8.000        5.000       17.000       18.000       14.000
   645:       10.000       19.000       11.000        2.000        4.000
   650:       22.000       24.000       12.000       13.000        8.000
   655:        5.000       17.000       18.000       14.000       10.000
   660:       19.000       11.000        2.000        4.000       22.000
   665:       24.000       12.000       13.000        8.000        5.000
   670:       17.000       18.000       14.000       10.000       19.000
   675:       11.000        2.000        4.000       22.000       24.000
   680:       12.000       13.000        8.000        5.000       17.000
   685:       18.000       14.000       10.000       19.000       11.000
   690:        2.000        4.000       22.000       24.000       12.000
   695:       13.000        8.000        5.000       17.000       18.000
   700:       14.000       10.000       19.000       11.000        2.000
   705:        4.000       22.000       24.000       12.000       13.000
   710:        8.000        5.000       17.000       18.000       14.000
   715:       10.000       19.000       11.000        2.000        4.000
   720:       22.000       24.000       12.000       13.000        8.000
   725:        5.000       17.000       18.000       14.000       10.000
   730:       21.000       22.000       19.000       11.000        2.000
   735:        4.000       22.000       24.000       12.000       13.000
   740:        8.000        5.000       17.000       18.000       14.000
   745:       10.000       19.000       11.000        2.000        4.000
   750:       22.000       24.000       12.000       13.000        8.000
   755:        5.000       17.000       18.000       14.000       10.000
   760:       19.000       11.000        2.000        4.000       22.000
   765:       24.000       12.000       13.000        8.000        5.000
   770:       17.000       18.000       14.000       10.000       19.000
   775:       11.000        2.000        4.000       22.000       24.000
   780:       12.000       13.000        8.000        5.000       17.000
   785:       18.000       14.000       10.000       19.000       11.000
   790:        2.000        4.000       22.000       24.000       12.000
   795:       13.000        8.000        5.000       17.000       18.000
   800:       14.000       10.000       19.000       11.000        2.000
   805:        4.000       22.000       24.000       12.000       13.000
   810:        8.000        5.000       17.000       18.000       14.000
   815:       10.000       19.000       11.000        2.000        4.000
   820:       22.000       24.000       12.000       13.000        8.000
   825:        5.000       17.000       18.000       14.000       10.000
   830:       19.000       11.000        2.000        4.000       22.000
   835:       24.000       12.000       13.000        8.000        5.000
   840:       17.000       18.000       14.000       10.000       19.000
   845:       11.000        2.000        4.000       22.000       24.000
   850:       12.000       13.000        8.000        5.000       17.000
   855:       18.000       14.000       10.000       19.000       11.000
   860:        2.000        4.000       22.000       24.000       12.000
   865:       13.000        8.000        5.000       17.000       18.000
   870:       14.000       10.000       19.000       11.000        2.000
   875:        4.000       22.000       24.000       12.000       13.000
   880:        8.000        5.000       17.000       18.000       14.000
   885:       10.000       19.000       11.000        2.000        4.000
   890:       22.000       24.000       12.000       13.000        8.000
   895:        5.000       17.000       18.000       14.000       10.000
   900:       19.000       11.000        2.000        4.000       22.000
   905:       24.000       12.000       13.000        8.000        5.000
   910:       17.000       21.000       22.000       18.000       14.000
   915:       10.000       19.000       11.000        2.000        4.000
   920:       22.000       24.000       12.000       13.000        8.000
   925:        5.000       17.000       18.000       14.000       10.000
   930:       19.000       11.000        2.000        4.000       22.000
   935:       24.000       12.000       13.000        8.000        5.000
   940:       17.000       21.000       22.000       18.000       14.000
   945:       10.000       19.000       11.000        6.000        2.000
   950:        4.000       22.000       24.000       12.000       13.000
   955:        8.000        5.000       17.000       18.000       14.000
   960:       10.000       19.000       11.000        2.000        4.000
   965:       22.000       24.000       12.000       13.000        8.000
   970:        5.000       17.000       18.000       14.000       10.000
   975:       19.000       11.000        6.000        6.000        2.000
   980:        4.000       22.000       24.000       12.000       13.000
   985:        8.000        5.000       17.000       20.000       18.000
   990:       14.000       10.000       19.000       11.000        6.000
   995:        6.000        6.000        6.000        2.000        4.000
  1000:       22.000       24.000       12.000       13.000        8.000
  1005:        5.000       17.000       18.000       14.000       10.000
  1010:       21.000       22.000       19.000       11.000        1.000
  1015:        1.000        6.000        6.000        6.000        6.000
  1020:        6.000        6.000        2.000        4.000       22.000
  1025:       24.000       12.000       13.000        8.000        5.000
  1030:       17.000       18.000       14.000       10.000       19.000
  1035:       11.000        2.000        4.000       22.000       24.000
  1040:       12.000       13.000        8.000        5.000       17.000
  1045:       18.000       14.000       10.000       19.000       11.000
  1050:        6.000        6.000        2.000        4.000       22.000
  1055:       24.000       12.000       13.000        8.000        5.000
  1060:       17.000       18.000       14.000       10.000       19.000
  1065:       11.000        1.000        6.000        6.000        6.000
  1070:        6.000        1.000        2.000        4.000       22.000
  1075:       24.000       12.000       13.000        8.000        5.000
  1080:       17.000       18.000       14.000       10.000       19.000
  1085:       11.000        6.000        6.000        6.000        6.000
  1090:        6.000        6.000        1.000        1.000        1.000
  1095:        1.000        2.000        4.000       22.000       24.000
  1100:       12.000       13.000        8.000        5.000       17.000
  1105:       18.000       14.000       10.000       19.000       11.000
  1110:        1.000        6.000        6.000      100.000
T:
     0:        0.000        0.000        0.000        0.000      130.260
     5:      147.220      169.570      169.570      169.570      169.580
    10:      169.580      169.580      169.580      169.580      169.580
    15:      173.580      174.580      174.580      179.570      179.580
    20:      192.000      197.740      289.210      295.080      309.690
    25:      309.690      309.690      309.700      309.700      309.700
    30:      309.700      309.700      309.700      313.700      314.700
    35:      314.700      319.690      319.700      367.680      412.110
    40:      418.060      418.060      418.060      418.070      418.070
    45:      418.070      418.070      418.070      418.070      422.070
    50:      423.070      423.070      428.060      428.070      436.110
    55:      436.110      436.110      436.120      436.120      436.120
    60:      436.120      436.120      436.120      439.770      440.120
    65:      440.250      441.120      441.120      445.730      446.110
    70:      446.120      469.480      470.580      735.500      759.530
    75:      805.720      808.400      808.400      808.400      808.410
    80:      808.410      808.410      808.410      808.410      808.410
    85:      812.410      812.580      813.410      813.410      818.400
    90:      818.410      822.700      822.700      822.700      822.710
    95:      822.710      822.710      822.710      822.710      822.710
   100:      826.710      827.710      827.710      832.700      832.710
   105:      845.880      870.070      883.980      946.060      946.330
   110:      947.720     1144.450     1163.490     1177.870     1177.870
   115:     1177.870     1177.880     1177.880     1177.880     1177.880
   120:     1177.880     1177.880     1181.880     1182.880     1182.880
   125:     1187.870     1187.880     1307.820     1307.840     1351.540
   130:     1454.450     2134.240     2134.240     2134.240     2134.250
   135:     2134.250     2134.250     2134.250     2134.250     2134.250
   140:     2138.250     2139.250     2139.250     2142.960     2144.240
   145:     2144.250     2145.550     2145.700     2148.990     2181.140
   150:     2209.730     2210.550     2260.030     2335.870     2338.360
   155:     2342.130     2348.790     2348.890     2367.460     2367.460
   160:     2367.460     2367.470     2367.470     2367.470     2367.470
   165:     2367.470     2367.470     2370.200     2370.200     2371.470
   170:     2371.580     2371.580     2372.470     2372.470     2377.460
   175:     2377.470     2410.400     2467.690     2467.690     2467.690
   180:     2467.700     2467.700     2467.700     2467.700     2467.700
   185:     2467.700     2471.700     2472.700     2472.700     2477.690
   190:     2477.700     2511.540     2551.470     2552.350     2573.570
   195:     2573.570     2573.570     2573.580     2573.580     2573.580
   200:     2573.580     2573.580     2573.580     2575.940     2575.940
   205:     2577.580     2578.580     2578.580     2579.820     2583.570
   210:     2583.580     2595.350     2600.390     2605.210     2605.210
   215:     2605.210     2605.220     2605.220     2605.220     2605.220
   220:     2605.220     2605.220     2609.220     2610.220     2610.220
   225:     2615.210     2615.220     2621.830     2626.260     2637.530
   230:     2642.570     2645.110     2652.620     2653.150     2656.820
   235:     2660.850     2660.880     2660.920     2661.350     2661.880
   240:     2662.690     2664.170     2665.300     2668.590     2671.830
   245:     2672.550     2673.030     2704.130     2706.280     2709.150
   250:     2873.330     2911.250     2911.250     2911.250     2911.260
   255:     2911.260     2911.260     2911.260     2911.260     2911.260
   260:     2915.260     2916.260     2916.260     2921.250     2921.260
   265:     2953.110     2955.600     2957.950     3264.830     3286.400
   270:     3291.080     3294.250     3307.870     3308.040     3321.520
   275:     3321.520     3321.520     3321.530     3321.530     3321.530
   280:     3321.530     3321.530     3321.530     3324.540     3325.530
   285:     3326.530     3326.530     3329.110     3329.220     3331.520
   290:     3331.530     3334.810     3336.130     3523.620     3523.620
   295:     3523.620     3523.630     3523.630     3523.630     3523.630
   300:     3523.630     3523.630     3527.630     3528.630     3528.630
   305:     3533.620     3533.630     3537.340     3570.840     3577.410
   310:     3640.990     4159.880     4159.880     4159.880     4159.890
   315:     4159.890     4159.890     4159.890     4159.890     4159.890
   320:     4163.890     4164.890     4164.890     4165.380     4165.380
   325:     4169.880     4169.890     4203.510     4203.510     4203.510
   330:     4203.520     4203.520     4203.520     4203.520     4203.520
   335:     4203.520     4207.520     4208.520     4208.520     4213.510
   340:     4213.520     4336.470     4336.470     4336.470     4336.480
   345:     4336.480     4336.480     4336.480     4336.480     4336.480
   350:     4340.480     4341.480     4341.480     4343.710     4343.710
   355:     4346.470     4346.480     4379.210     4379.210     4379.210
   360:     4379.220     4379.220     4379.220     4379.220     4379.220
   365:     4379.220     4381.520     4381.520     4383.220     4384.220
   370:     4384.220     4385.410     4385.410     4385.510     4385.510
   375:     4389.210     4389.220     4395.190     4395.880     4414.200
   380:     4424.800     4424.800     4424.800     4424.810     4424.810
   385:     4424.810     4424.810     4424.810     4424.810     4428.810
   390:     4429.810     4429.810     4430.910     4430.910     4434.800
   395:     4434.810     4435.470     4435.470     4435.470     4435.480
   400:     4435.480     4435.480     4435.480     4435.480     4435.480
   405:     4439.480     4440.480     4440.480     4445.470     4445.480
   410:     4469.560     4469.560     4469.560     4469.570     4469.570
   415:     4469.570     4469.570     4469.570     4469.570     4473.570
   420:     4474.570     4474.570     4479.560     4479.570     4514.410
   425:     4514.410     4514.410     4514.420     4514.420     4514.420
   430:     4514.420     4514.420     4514.420     4518.420     4519.420
   435:     4519.420     4524.410     4524.420     4546.620     4546.620
   440:     4546.620     4546.630     4546.630     4546.630     4546.630
   445:     4546.630     4546.630     4547.800     4547.800     4550.630
   450:     4551.630     4551.630     4556.620     4556.630     4564.310
   455:     4564.310     4564.310     4564.320     4564.320     4564.320
   460:     4564.320     4564.320     4564.320     4568.320     4569.320
   465:     4569.320     4574.310     4574.320     4575.460     4575.460
   470:     4575.460     4575.470     4575.470     4575.470     4575.470
   475:     4575.470     4575.470     4577.050     4577.050     4578.200
   480:     4578.200     4579.400     4579.400     4579.470     4580.470
   485:     4580.470     4585.460     4585.470     4596.440     4596.440
   490:     4596.440     4596.450     4596.450     4596.450     4596.450
   495:     4596.450     4596.450     4600.450     4601.450     4601.450
   500:     4606.440     4606.450     4612.800     4612.800     4612.800
   505:     4612.810     4612.810     4612.810     4612.810     4612.810
   510:     4612.810     4616.810     4617.810     4617.810     4622.800
   515:     4622.810     4631.410     4631.410     4631.410     4631.420
   520:     4631.420     4631.420     4631.420     4631.420     4631.420
   525:     4635.330     4635.330     4635.420     4636.420     4636.420
   530:     4641.410     4641.420     4672.490     4672.490     4672.490
   535:     4672.500     4672.500     4672.500     4672.500     4672.500
   540:     4672.500     4676.500     4677.500     4677.500     4682.490
   545:     4682.500     4698.740     4698.740     4698.740     4698.750
   550:     4698.750     4698.750     4698.750     4698.750     4698.750
   555:     4702.750     4703.750     4703.750     4708.740     4708.750
   560:     4728.790     4728.790     4728.790     4728.800     4728.800
   565:     4728.800     4728.800     4728.800     4728.800     4732.800
   570:     4733.800     4733.800     4738.790     4738.800     4938.890
   575:     4938.890     4938.890     4938.900     4938.900     4938.900
   580:     4938.900     4938.900     4938.900     4942.900     4943.900
   585:     4943.900     4948.890     4948.900     4949.410     4949.410
   590:     4949.410     4949.420     4949.420     4949.420     4949.420
   595:     4949.420     4949.420     4953.420     4954.160     4954.160
   600:     4954.420     4954.420     4959.410     4959.420     4964.330
   605:     4964.330     4964.330     4964.340     4964.340     4964.340
   610:     4964.340     4964.340     4964.340     4968.340     4969.340
   615:     4969.340     4974.330     4974.330     4974.330     4974.340
   620:     5027.700     5027.700     5027.700     5027.710     5027.710
   625:     5027.710     5027.710     5027.710     5027.710     5031.710
   630:     5032.710     5032.710     5037.700     5037.710     5111.340
   635:     5111.340     5111.340     5111.350     5111.350     5111.350
   640:     5111.350     5111.350     5111.350     5115.350     5116.350
   645:     5116.350     5121.340     5121.350     5594.680     5594.680
   650:     5594.680     5594.690     5594.690     5594.690     5594.690
   655:     5594.690     5594.690     5598.690     5599.690     5599.690
   660:     5604.680     5604.690     5707.720     5707.720     5707.720
   665:     5707.730     5707.730     5707.730     5707.730     5707.730
   670:     5707.730     5711.730     5712.730     5712.730     5717.720
   675:     5717.730     5729.570     5729.570     5729.570     5729.580
   680:     5729.580     5729.580     5729.580     5729.580     5729.580
   685:     5733.580     5734.580     5734.580     5739.570     5739.580
   690:     5940.260     5940.260     5940.260     5940.270     5940.270
   695:     5940.270     5940.270     5940.270     5940.270     5944.270
   700:     5945.270     5945.270     5950.260     5950.270     6641.590
   705:     6641.590     6641.590     6641.600     6641.600     6641.600
   710:     6641.600     6641.600     6641.600     6645.600     6646.600
   715:     6646.600     6651.590     6651.600     6711.420     6711.420
   720:     6711.420     6711.430     6711.430     6711.430     6711.430
   725:     6711.430     6711.430     6715.430     6716.430     6716.430
   730:     6717.450     6717.450     6721.420     6721.430     6814.860
   735:     6814.860     6814.860     6814.870     6814.870     6814.870
   740:     6814.870     6814.870     6814.870     6818.870     6819.870
   745:     6819.870     6824.860     6824.870     6975.250     6975.250
   750:     6975.250     6975.260     6975.260     6975.260     6975.260
   755:     6975.260     6975.260     6979.260     6980.260     6980.260
   760:     6985.250     6985.260     7091.830     7091.830     7091.830
   765:     7091.840     7091.840     7091.840     7091.840     7091.840
   770:     7091.840     7095.840     7096.840     7096.840     7101.830
   775:     7101.840     7257.930     7257.930     7257.930     7257.940
   780:     7257.940     7257.940     7257.940     7257.940     7257.940
   785:     7261.940     7262.940     7262.940     7267.930     7267.940
   790:     7349.730     7349.730     7349.730     7349.740     7349.740
   795:     7349.740     7349.740     7349.740     7349.740     7353.740
   800:     7354.740     7354.740     7359.730     7359.740     7384.650
   805:     7384.650     7384.650     7384.660     7384.660     7384.660
   810:     7384.660     7384.660     7384.660     7388.660     7389.660
   815:     7389.660     7394.650     7394.660     7429.540     7429.540
   820:     7429.540     7429.550     7429.550     7429.550     7429.550
   825:     7429.550     7429.550     7433.550     7434.550     7434.550
   830:     7439.540     7439.550     7486.000     7486.000     7486.000
   835:     7486.010     7486.010     7486.010     7486.010     7486.010
   840:     7486.010     7490.010     7491.010     7491.010     7496.000
   845:     7496.010     7599.750     7599.750     7599.750     7599.760
   850:     7599.760     7599.760     7599.760     7599.760     7599.760
   855:     7603.760     7604.760     7604.760     7609.750     7609.760
   860:     7633.910     7633.910     7633.910     7633.920     7633.920
   865:     7633.920     7633.920     7633.920     7633.920     7637.920
   870:     7638.920     7638.920     7643.910     7643.920     7658.870
   875:     7658.870     7658.870     7658.880     7658.880     7658.880
   880:     7658.880     7658.880     7658.880     7662.880     7663.880
   885:     7663.880     7668.870     7668.880     7962.060     7962.060
   890:     7962.060     7962.070     7962.070     7962.070     7962.070
   895:     7962.070     7962.070     7966.070     7967.070     7967.070
   900:     7972.060     7972.070     8096.120     8096.120     8096.120
   905:     8096.130     8096.130     8096.130     8096.130     8096.130
   910:     8096.130     8096.730     8096.730     8100.130     8101.130
   915:     8101.130     8106.120     8106.130     8182.170     8182.170
   920:     8182.170     8182.180     8182.180     8182.180     8182.180
   925:     8182.180     8182.180     8186.180     8187.180     8187.180
   930:     8192.170     8192.180     8239.110     8239.110     8239.110
   935:     8239.120     8239.120     8239.120     8239.120     8239.120
   940:     8239.120     8242.170     8242.170     8243.120     8244.120
   945:     8244.120     8249.110     8249.120     8871.360     8920.400
   950:     8920.400     8920.400     8920.410     8920.410     8920.410
   955:     8920.410     8920.410     8920.410     8924.410     8925.410
   960:     8925.410     8930.400     8930.410     9098.440     9098.440
   965:     9098.440     9098.450     9098.450     9098.450     9098.450
   970:     9098.450     9098.450     9102.450     9103.450     9103.450
   975:     9108.440     9108.450     9600.810     9619.240     9706.380
   980:     9706.380     9706.380     9706.390     9706.390     9706.390
   985:     9706.390     9706.390     9706.390     9710.240     9710.390
   990:     9711.390     9711.390     9716.380     9716.390     9756.990
   995:     9757.230     9757.580     9761.310     9830.540     9830.540
  1000:     9830.540     9830.550     9830.550     9830.550     9830.550
  1005:     9830.550     9830.550     9834.550     9835.550     9835.550
  1010:     9836.340     9836.340     9840.540     9840.550     9841.820
  1015:     9844.630     9881.730     9915.820     9922.340     9922.630
  1020:     9924.470     9924.490    10061.540    10061.540    10061.540
  1025:    10061.550    10061.550    10061.550    10061.550    10061.550
  1030:    10061.550    10065.550    10066.550    10066.550    10071.540
  1035:    10071.550    10077.170    10077.170    10077.170    10077.180
  1040:    10077.180    10077.180    10077.180    10077.180    10077.180
  1045:    10081.180    10082.180    10082.180    10087.170    10087.180
  1050:    10107.920    10162.330    10270.090    10270.090    10270.090
  1055:    10270.100    10270.100    10270.100    10270.100    10270.100
  1060:    10270.100    10274.100    10275.100    10275.100    10280.090
  1065:    10280.100    10281.040    10297.470    10300.270    10305.220
  1070:    10308.770    10367.000    10385.640    10385.640    10385.640
  1075:    10385.650    10385.650    10385.650    10385.650    10385.650
  1080:    10385.650    10389.650    10390.650    10390.650    10395.640
  1085:    10395.650    10421.100    10467.810    10467.910    10477.610
  1090:    10485.390    10559.840    10578.580    10581.970    10595.040
  1095:    10596.120    10656.250    10656.250    10656.250    10656.260
  1100:    10656.260    10656.260    10656.260    10656.260    10656.260
  1105:    10660.260    10661.260    10661.260    10666.250    10666.260
  1110:    10766.170    10770.280    10774.630    10800.000
