File: C:\MED-PC IV\DATA\!2025-03-05_12h26m.Subject 68



Start Date: 03/05/25
End Date: 03/05/25
Subject: 68
Experiment: OralFentSA
Group: One
Box: 4
Start Time: 12:26:28
End Time: 15:27:08
MSN: Golden_Liq_SelfAdmin_EXT
F:       0.000
G:    3289.000
H:   10800.010
I:       0.000
J:       0.000
K:       0.000
L:       0.000
M:       0.000
N:       0.000
O:       0.000
P:       0.000
Q:       0.000
R:       0.000
S:       0.000
U:       0.000
V:       0.000
W:       0.000
X:       0.000
Y:       0.000
Z:       0.000
A:
     0:        0.000        0.000      180.000        4.000        0.000
     5:        5.000        0.000        5.000        0.000        0.000
    10:        1.000        0.000       10.000 100000000.00       23.000
    15:       18.000      640.000        0.000        0.000        0.000
    20:        0.000
B:
     0:        0.000        0.000        0.000        0.000        0.000
     5:        0.000        0.000        0.000        0.000        0.000
    10:        0.000        0.000     1000.000 10000000000.        0.000
    15:        0.000        0.000        0.000        0.000        0.000
    20:        0.000
C:
     0:        0.000      122.000        0.000      353.000     2037.000
     5:    10687.570       50.370      105.000     2090.680       19.911
    10:      353.000       58.000        0.000        0.000        0.000
    15:        0.000        0.000        0.000        0.000        0.000
    20:        0.000
D:
     0:       78.150        3.190        9.800        3.750       14.520
     5:      116.620       23.110       47.390       21.360        5.760
    10:        2.130       15.460       35.410        3.410       59.810
    15:       32.310       12.900        4.900       14.390       14.990
    20:        4.930        1.620        4.240       15.670        2.320
    25:        6.280       17.280        2.010        1.830       10.660
    30:        2.530       40.110       10.450       59.790       23.000
    35:        4.030       11.060        2.240       17.950       23.770
    40:        1.880        3.360       18.750        1.730        7.830
    45:        6.440       22.170       19.140        2.360       11.320
    50:       65.150       17.720        5.660        1.740        3.710
    55:        4.460        2.570       11.280        5.810       15.890
    60:       68.070        7.520        4.780       66.970        5.670
    65:        9.170       12.070       15.970        6.410        5.150
    70:        7.140        2.210       10.610        7.660       23.360
    75:       17.200       13.820        1.840      119.650       17.820
    80:        3.280        2.300        1.010        5.880        2.270
    85:       11.980       11.550       33.930        3.130        7.960
    90:        4.770        9.040       74.040       47.710        1.430
    95:       28.750        1.780        3.020        2.330        1.880
   100:      271.610       69.510        4.930        3.030       50.370
E:
     0:       19.000       11.000       26.000       27.000        6.000
     5:        6.000        6.000       23.000        6.000        6.000
    10:        6.000        6.000        6.000        2.000        4.000
    15:       22.000       24.000       19.000       11.000        2.000
    20:        4.000       22.000       24.000       19.000       11.000
    25:        6.000        6.000        6.000        6.000       23.000
    30:       23.000        2.000        4.000       22.000       24.000
    35:        6.000       21.000       22.000       19.000       11.000
    40:        2.000        4.000       22.000       24.000        6.000
    45:       19.000       11.000        6.000        6.000        6.000
    50:        6.000        6.000        6.000        6.000        6.000
    55:        6.000        6.000        6.000        6.000        6.000
    60:        2.000        4.000       22.000       24.000       21.000
    65:       22.000        6.000        6.000        6.000       19.000
    70:       11.000       23.000        6.000       23.000       23.000
    75:        2.000        4.000       22.000       24.000       19.000
    80:       11.000        2.000        4.000       22.000       24.000
    85:       19.000       11.000        6.000        6.000        6.000
    90:        2.000        4.000       22.000       24.000       19.000
    95:       11.000       23.000       23.000        6.000        2.000
   100:        4.000       22.000       24.000       19.000       11.000
   105:        6.000        6.000        6.000        6.000        6.000
   110:        6.000        6.000        6.000        6.000        6.000
   115:        6.000        6.000        6.000        6.000        6.000
   120:        6.000        6.000        6.000        6.000        2.000
   125:        4.000       22.000       24.000       19.000       11.000
   130:       23.000        6.000        6.000        6.000        6.000
   135:        6.000       23.000       23.000        6.000        6.000
   140:        6.000        6.000        6.000        6.000        6.000
   145:        6.000       23.000        6.000        6.000        6.000
   150:        6.000        6.000        2.000        4.000       22.000
   155:       24.000       19.000       11.000        6.000        6.000
   160:       23.000       23.000        2.000        4.000       22.000
   165:       24.000       19.000       11.000        2.000        4.000
   170:       22.000       24.000        6.000        6.000        6.000
   175:       19.000       11.000        2.000        4.000       22.000
   180:       24.000        6.000        6.000        6.000        6.000
   185:        6.000       21.000       22.000       19.000       11.000
   190:        6.000        6.000        6.000        6.000        2.000
   195:        4.000       22.000       24.000       19.000       11.000
   200:        2.000        4.000       22.000       24.000       21.000
   205:       22.000       21.000       22.000       21.000       22.000
   210:       19.000       11.000        6.000        6.000        6.000
   215:        6.000        6.000        6.000        6.000        6.000
   220:        6.000        6.000        6.000        6.000        6.000
   225:       23.000       23.000        6.000        6.000        6.000
   230:        6.000        6.000        6.000        6.000        6.000
   235:        6.000        6.000        6.000        6.000        6.000
   240:        6.000        6.000        6.000        6.000        6.000
   245:        6.000        6.000        6.000        6.000        6.000
   250:        6.000        6.000        6.000        6.000        6.000
   255:        6.000       23.000        6.000        6.000        6.000
   260:        6.000        6.000        6.000        2.000        4.000
   265:       22.000       24.000       19.000       11.000        6.000
   270:        6.000        6.000        6.000        2.000        4.000
   275:       22.000       24.000        6.000        6.000        6.000
   280:        6.000        6.000        6.000       19.000       11.000
   285:        6.000        6.000        6.000        6.000        6.000
   290:        6.000        6.000        6.000        6.000        6.000
   295:        6.000        6.000        6.000        6.000        6.000
   300:        6.000        6.000        6.000        6.000        6.000
   305:        6.000        6.000        6.000        6.000        6.000
   310:        6.000        6.000        6.000        2.000        4.000
   315:       22.000       24.000       21.000       22.000       21.000
   320:       22.000       19.000       11.000       23.000        6.000
   325:        6.000        6.000        2.000        4.000       22.000
   330:       24.000       21.000       22.000       21.000       22.000
   335:       19.000       11.000        2.000        4.000       22.000
   340:       24.000       19.000       11.000       23.000        6.000
   345:        6.000        2.000        4.000       22.000       24.000
   350:       19.000       11.000        2.000        4.000       22.000
   355:       24.000       19.000       11.000        6.000        6.000
   360:        6.000        6.000        6.000        2.000        4.000
   365:       22.000       24.000       19.000       11.000        2.000
   370:        4.000       22.000       24.000        6.000        6.000
   375:       21.000       22.000       21.000       22.000       19.000
   380:       11.000        2.000        4.000       22.000       24.000
   385:       19.000       11.000        6.000        6.000        6.000
   390:        6.000        6.000        6.000        6.000        6.000
   395:        6.000        6.000        6.000        6.000        6.000
   400:        6.000        6.000        6.000        6.000        6.000
   405:        6.000        6.000        6.000        6.000        6.000
   410:        6.000        6.000        2.000        4.000       22.000
   415:       24.000       21.000       22.000       21.000       22.000
   420:       19.000       11.000        6.000        6.000        6.000
   425:       23.000       23.000       23.000       23.000        6.000
   430:        6.000        6.000        6.000        6.000        6.000
   435:        6.000        6.000        6.000        6.000        6.000
   440:        6.000        6.000        6.000        6.000        6.000
   445:        6.000        6.000        6.000        6.000        6.000
   450:        6.000        6.000        6.000        6.000        6.000
   455:        6.000        6.000        6.000        6.000        6.000
   460:        6.000        6.000        6.000        6.000        6.000
   465:        6.000        6.000        6.000        6.000        6.000
   470:        6.000        6.000        6.000        6.000        6.000
   475:        6.000        6.000        6.000        6.000        6.000
   480:        6.000        6.000        6.000        6.000        6.000
   485:        6.000        6.000        6.000        6.000        6.000
   490:        6.000        6.000        6.000        6.000        6.000
   495:        6.000        6.000        2.000        4.000       22.000
   500:       24.000        6.000        6.000       19.000       11.000
   505:        6.000        6.000        2.000        4.000       22.000
   510:       24.000        6.000        6.000        6.000        6.000
   515:        6.000        6.000        6.000        6.000       19.000
   520:       11.000        2.000        4.000       22.000       24.000
   525:        6.000        6.000       21.000       22.000       21.000
   530:       22.000       19.000       11.000       23.000        6.000
   535:        6.000        6.000        6.000        6.000        6.000
   540:        6.000        6.000        6.000        6.000        6.000
   545:        6.000        6.000        6.000        6.000        6.000
   550:        6.000        6.000        6.000        6.000        6.000
   555:        6.000        6.000        6.000        2.000        4.000
   560:       22.000       24.000       21.000       22.000       21.000
   565:       22.000       21.000       22.000       21.000       22.000
   570:       19.000       11.000        6.000        6.000       23.000
   575:        6.000        6.000        6.000        6.000        6.000
   580:        6.000        6.000        6.000       23.000        6.000
   585:        6.000        6.000        6.000        6.000        6.000
   590:        6.000        6.000        6.000        6.000        6.000
   595:        6.000        6.000        2.000        4.000       22.000
   600:       24.000       21.000       22.000       21.000       22.000
   605:        6.000        6.000        6.000        6.000        6.000
   610:        6.000        6.000        6.000        6.000        6.000
   615:        6.000        6.000        6.000        6.000        6.000
   620:        6.000        6.000        6.000        6.000        6.000
   625:        6.000        6.000        6.000       19.000       11.000
   630:        6.000        6.000        6.000        6.000        6.000
   635:        6.000        6.000        6.000        6.000        6.000
   640:        6.000        6.000        6.000        6.000        6.000
   645:        6.000        6.000        6.000        6.000        6.000
   650:        6.000        6.000        6.000        6.000        6.000
   655:        6.000        6.000        6.000        6.000        6.000
   660:        6.000        6.000        6.000        6.000        6.000
   665:        6.000        6.000        6.000        6.000        6.000
   670:        6.000        2.000        4.000       22.000       24.000
   675:        6.000        6.000        6.000        6.000        6.000
   680:       21.000       22.000       19.000       11.000        2.000
   685:        4.000       22.000       24.000       19.000       11.000
   690:        6.000        6.000        6.000        6.000        6.000
   695:        6.000        2.000        4.000       22.000       24.000
   700:        6.000        6.000        6.000        6.000        6.000
   705:        6.000        6.000        6.000        6.000        6.000
   710:       19.000       11.000        6.000        6.000        2.000
   715:        4.000       22.000       24.000        6.000        6.000
   720:        6.000        6.000        6.000        6.000        6.000
   725:        6.000        6.000        6.000        6.000        6.000
   730:        6.000        6.000        6.000        6.000       19.000
   735:       11.000        6.000        6.000        6.000        6.000
   740:        6.000        6.000        6.000        6.000        6.000
   745:        6.000        6.000        6.000        6.000        6.000
   750:        6.000        6.000        6.000        6.000        2.000
   755:        4.000       22.000       24.000       21.000       22.000
   760:       21.000       22.000       21.000       22.000       21.000
   765:       22.000       21.000       22.000       21.000       22.000
   770:       21.000       22.000       21.000       22.000       21.000
   775:       22.000       19.000       11.000       23.000        2.000
   780:        4.000       22.000       24.000       21.000       22.000
   785:       21.000       22.000       19.000       11.000        6.000
   790:        6.000        6.000        6.000        6.000        6.000
   795:        2.000        4.000       22.000       24.000        6.000
   800:        6.000        6.000        6.000       19.000       11.000
   805:        6.000        6.000        6.000        2.000        4.000
   810:       22.000       24.000       19.000       11.000        6.000
   815:        6.000        6.000        6.000        6.000        6.000
   820:        6.000        6.000        6.000        6.000        6.000
   825:        6.000        6.000        6.000        6.000        6.000
   830:        6.000        6.000        2.000        4.000       22.000
   835:       24.000       21.000       22.000       19.000       11.000
   840:        2.000        4.000       22.000       24.000       21.000
   845:       22.000       19.000       11.000        6.000        6.000
   850:        6.000        6.000        6.000        6.000        6.000
   855:        6.000        6.000        6.000        6.000        6.000
   860:        6.000        6.000        6.000        6.000        6.000
   865:        6.000        6.000        6.000        6.000        6.000
   870:        2.000        4.000       22.000       24.000       21.000
   875:       22.000       21.000       22.000       21.000       22.000
   880:       21.000       22.000       19.000       11.000        6.000
   885:        6.000        6.000        6.000        6.000        6.000
   890:        6.000        6.000       23.000       23.000        2.000
   895:        4.000       22.000       24.000       19.000       11.000
   900:        2.000        4.000       22.000       24.000       19.000
   905:       11.000        2.000        4.000       22.000       24.000
   910:       19.000       11.000        6.000        6.000        6.000
   915:        6.000        6.000        2.000        4.000       22.000
   920:       24.000        6.000        6.000        6.000        6.000
   925:        6.000       19.000       11.000        6.000        6.000
   930:        6.000        6.000        6.000        6.000        6.000
   935:        6.000        6.000        6.000        6.000        6.000
   940:        6.000        6.000        6.000        6.000        2.000
   945:        4.000       22.000       24.000       21.000       22.000
   950:       21.000       22.000       19.000       11.000        6.000
   955:        6.000        6.000        6.000        6.000        6.000
   960:        6.000        6.000        6.000        6.000        6.000
   965:        6.000        6.000        6.000        6.000        6.000
   970:        6.000        6.000        6.000        6.000        6.000
   975:        6.000        6.000        6.000        6.000        6.000
   980:        6.000        6.000        6.000        6.000        6.000
   985:        6.000        6.000        6.000        6.000        6.000
   990:        6.000        6.000        6.000        6.000        6.000
   995:        2.000        4.000       22.000       24.000       21.000
  1000:       22.000        6.000        6.000        6.000        6.000
  1005:        6.000        6.000        6.000        6.000        6.000
  1010:        6.000        6.000        6.000        6.000        6.000
  1015:        6.000        6.000        6.000        6.000        6.000
  1020:        6.000        6.000       19.000       11.000        6.000
  1025:        6.000        6.000        6.000        6.000        6.000
  1030:        6.000        6.000        6.000        6.000        6.000
  1035:        6.000        6.000        6.000        6.000        6.000
  1040:        6.000        6.000        6.000        6.000        6.000
  1045:        6.000        6.000        6.000        6.000        6.000
  1050:        6.000        6.000        6.000        6.000        6.000
  1055:        6.000        6.000        6.000        6.000        6.000
  1060:        6.000        6.000        6.000        6.000        6.000
  1065:        6.000        6.000        6.000        6.000        6.000
  1070:        6.000        6.000        6.000        6.000        6.000
  1075:        6.000        6.000        6.000        6.000        6.000
  1080:        6.000        6.000        6.000        6.000        6.000
  1085:        6.000        6.000        6.000        6.000        2.000
  1090:        4.000       22.000       24.000       21.000       22.000
  1095:       21.000       22.000       19.000       11.000        6.000
  1100:        6.000        2.000        4.000       22.000       24.000
  1105:       19.000       11.000       23.000        6.000        6.000
  1110:        6.000        6.000        6.000        6.000        6.000
  1115:        6.000        6.000        2.000        4.000       22.000
  1120:       24.000        6.000        6.000        6.000        6.000
  1125:        6.000        6.000       21.000       22.000        6.000
  1130:        6.000        6.000        6.000        6.000        6.000
  1135:        6.000        6.000        6.000        6.000        6.000
  1140:       19.000       11.000        6.000        6.000        6.000
  1145:        6.000        6.000        6.000        6.000        6.000
  1150:        6.000        6.000        2.000        4.000       22.000
  1155:       24.000        6.000        6.000        6.000        6.000
  1160:       21.000       22.000       21.000       22.000       21.000
  1165:       22.000       19.000       11.000        6.000       23.000
  1170:        6.000        6.000       23.000        6.000        6.000
  1175:        6.000        6.000        6.000        6.000        6.000
  1180:        6.000        6.000        6.000        6.000        6.000
  1185:        6.000        6.000        6.000        2.000        4.000
  1190:       22.000       24.000       19.000       11.000        6.000
  1195:        6.000        6.000        6.000        6.000        6.000
  1200:        6.000        6.000        6.000        6.000        6.000
  1205:        6.000        2.000        4.000       22.000       24.000
  1210:        6.000        6.000       19.000       11.000        6.000
  1215:        6.000        6.000        6.000        2.000        4.000
  1220:       22.000       24.000       21.000       22.000        6.000
  1225:       19.000       11.000        6.000        6.000        6.000
  1230:        6.000        6.000        6.000        6.000        6.000
  1235:        6.000        6.000        6.000        6.000        6.000
  1240:        6.000        6.000        6.000        6.000        6.000
  1245:        6.000        6.000        6.000        6.000        6.000
  1250:        6.000        6.000        2.000        4.000       22.000
  1255:       24.000       21.000       22.000       21.000       22.000
  1260:       21.000       22.000       21.000       22.000       21.000
  1265:       22.000        6.000        6.000        6.000        6.000
  1270:        6.000       21.000       22.000       19.000       11.000
  1275:        2.000        4.000       22.000       24.000       21.000
  1280:       22.000       21.000       22.000       19.000       11.000
  1285:        6.000        6.000        6.000        2.000        4.000
  1290:       22.000       24.000       21.000       22.000       21.000
  1295:       22.000       19.000       11.000        6.000        6.000
  1300:        6.000        6.000        6.000        6.000        6.000
  1305:        6.000        6.000        6.000        6.000        6.000
  1310:        6.000        6.000        6.000        6.000        6.000
  1315:        6.000        6.000        6.000        6.000        6.000
  1320:        6.000        6.000        6.000        6.000        6.000
  1325:        6.000        6.000        6.000        6.000        6.000
  1330:        6.000        2.000        4.000       22.000       24.000
  1335:        6.000        6.000        6.000        6.000        6.000
  1340:        6.000        6.000        6.000        6.000        6.000
  1345:        6.000        6.000        6.000        6.000        6.000
  1350:        6.000        6.000        6.000        6.000        6.000
  1355:        6.000        6.000        6.000        6.000        6.000
  1360:        6.000        6.000        6.000       19.000       11.000
  1365:        2.000        4.000       22.000       24.000       21.000
  1370:       22.000       21.000       22.000       21.000       22.000
  1375:       21.000       22.000       21.000       22.000       21.000
  1380:       22.000       19.000       11.000        6.000        6.000
  1385:        2.000        4.000       22.000       24.000       21.000
  1390:       22.000       19.000       11.000        6.000        6.000
  1395:        6.000        6.000        6.000        6.000        6.000
  1400:        6.000        6.000        6.000        6.000        6.000
  1405:        6.000        6.000        6.000        2.000        4.000
  1410:       22.000       24.000       21.000       22.000       21.000
  1415:       22.000       21.000       22.000       21.000       22.000
  1420:       21.000       22.000       21.000       22.000       21.000
  1425:       22.000       21.000       22.000       21.000       22.000
  1430:       21.000       22.000       21.000       22.000       21.000
  1435:       22.000       21.000       22.000       21.000       22.000
  1440:       21.000       22.000       19.000       11.000        2.000
  1445:        4.000       22.000       24.000       21.000       22.000
  1450:       21.000       22.000       21.000       22.000       21.000
  1455:       22.000       21.000       22.000       21.000       22.000
  1460:       21.000       22.000       21.000       22.000       21.000
  1465:       22.000       19.000       11.000        6.000        6.000
  1470:        6.000        6.000        6.000        6.000        6.000
  1475:       23.000       23.000        6.000        6.000        6.000
  1480:        6.000        6.000        6.000        2.000        4.000
  1485:       22.000       24.000       21.000       22.000       21.000
  1490:       22.000       21.000       22.000       21.000       22.000
  1495:        6.000        6.000        6.000       19.000       11.000
  1500:        6.000        6.000        6.000        6.000        6.000
  1505:        6.000        6.000        6.000        6.000        6.000
  1510:        6.000        6.000        2.000        4.000       22.000
  1515:       24.000        6.000        6.000        6.000        6.000
  1520:        6.000        6.000        6.000        6.000        6.000
  1525:        6.000        6.000        6.000       19.000       11.000
  1530:        6.000        6.000        6.000        6.000        6.000
  1535:        6.000        6.000        6.000        6.000        6.000
  1540:        6.000        6.000        6.000        6.000        6.000
  1545:        6.000        6.000        6.000        6.000        6.000
  1550:        6.000        6.000        6.000        6.000        6.000
  1555:        6.000        6.000        2.000        4.000       22.000
  1560:       24.000       21.000       22.000       21.000       22.000
  1565:       21.000       22.000       21.000       22.000       21.000
  1570:       22.000       21.000       22.000        6.000        6.000
  1575:        6.000       21.000       22.000       21.000       22.000
  1580:       19.000       11.000        2.000        4.000       22.000
  1585:       24.000       21.000       22.000        6.000        6.000
  1590:        6.000        6.000        6.000        6.000        6.000
  1595:        6.000        6.000        6.000        6.000        6.000
  1600:       19.000       11.000        6.000        2.000        4.000
  1605:       22.000       24.000       21.000       22.000        6.000
  1610:        6.000        6.000       21.000       22.000       21.000
  1615:       22.000        6.000        6.000        6.000       19.000
  1620:       11.000        6.000        6.000        6.000        6.000
  1625:        6.000        6.000        6.000        6.000        6.000
  1630:        6.000        6.000        6.000        6.000        6.000
  1635:        6.000        6.000        6.000        6.000        6.000
  1640:        6.000        6.000        6.000        6.000        6.000
  1645:        6.000        6.000        6.000        6.000        6.000
  1650:        6.000        6.000        6.000        6.000        6.000
  1655:        6.000        6.000        6.000        6.000        6.000
  1660:        6.000        6.000        6.000        6.000        6.000
  1665:        6.000        6.000        6.000        6.000        6.000
  1670:        6.000        6.000        6.000        6.000        6.000
  1675:        6.000        6.000        6.000        6.000        6.000
  1680:        6.000        6.000        6.000        6.000        6.000
  1685:        6.000        6.000        6.000        6.000        6.000
  1690:        6.000        6.000        6.000        6.000        6.000
  1695:        6.000        6.000        6.000        6.000        6.000
  1700:        2.000        4.000       22.000       24.000       21.000
  1705:       22.000       19.000       11.000        2.000        4.000
  1710:       22.000       24.000       21.000       22.000       21.000
  1715:       22.000       21.000       22.000       21.000       22.000
  1720:       19.000       11.000        6.000        6.000        6.000
  1725:        6.000        6.000        2.000        4.000       22.000
  1730:       24.000       21.000       22.000       21.000       22.000
  1735:       21.000       22.000       21.000       22.000       21.000
  1740:       22.000        6.000        6.000       21.000       22.000
  1745:       21.000       22.000       21.000       22.000        6.000
  1750:       19.000       11.000        2.000        4.000       22.000
  1755:       24.000       21.000       22.000       21.000       22.000
  1760:       19.000       11.000        6.000        6.000        2.000
  1765:        4.000       22.000       24.000       19.000       11.000
  1770:        6.000        6.000        6.000        6.000        6.000
  1775:        6.000        6.000        6.000        6.000        6.000
  1780:        6.000        6.000        6.000        6.000       23.000
  1785:        6.000        6.000        6.000        6.000        6.000
  1790:        2.000        4.000       22.000       24.000       21.000
  1795:       22.000       21.000       22.000        6.000        6.000
  1800:        6.000        6.000       19.000       11.000        6.000
  1805:        6.000        6.000        6.000        6.000        6.000
  1810:        6.000        6.000        6.000        6.000        6.000
  1815:        6.000        2.000        4.000       22.000       24.000
  1820:       21.000       22.000        6.000       19.000       11.000
  1825:        6.000        6.000        6.000        6.000        6.000
  1830:       23.000        6.000       23.000        6.000        6.000
  1835:        6.000        6.000        6.000        6.000        6.000
  1840:        6.000        6.000        6.000        6.000        6.000
  1845:        6.000        6.000        6.000        6.000        6.000
  1850:        6.000        6.000        6.000        6.000        6.000
  1855:        6.000        6.000        6.000        6.000        6.000
  1860:        6.000        6.000        6.000        2.000        4.000
  1865:       22.000       24.000       19.000       11.000        6.000
  1870:        6.000        6.000        6.000        6.000        6.000
  1875:        6.000        6.000       23.000        6.000        6.000
  1880:        6.000        6.000        6.000        6.000        6.000
  1885:        6.000        6.000        6.000        6.000        2.000
  1890:        4.000       22.000       24.000       21.000       22.000
  1895:        6.000        6.000        6.000        6.000        6.000
  1900:       19.000       11.000        6.000        6.000        6.000
  1905:        6.000        6.000        6.000        6.000        6.000
  1910:        6.000        6.000        6.000        6.000        6.000
  1915:        6.000        6.000        2.000        4.000       22.000
  1920:       24.000       21.000       22.000        6.000       19.000
  1925:       11.000        6.000        6.000        6.000        6.000
  1930:        6.000        6.000        6.000        6.000        6.000
  1935:        6.000        6.000        6.000        6.000        6.000
  1940:        6.000        6.000        6.000        6.000        6.000
  1945:        6.000        6.000        6.000        6.000        6.000
  1950:        6.000        6.000        6.000        6.000        6.000
  1955:        6.000        6.000       23.000        6.000        6.000
  1960:        6.000        6.000        6.000        2.000        4.000
  1965:       22.000       24.000       19.000       11.000        6.000
  1970:        6.000       23.000        6.000        6.000        6.000
  1975:        6.000        6.000        6.000        6.000        6.000
  1980:        6.000        6.000        6.000        2.000        4.000
  1985:       22.000       24.000       21.000       22.000       21.000
  1990:       22.000       19.000       11.000        6.000        6.000
  1995:        6.000        6.000        6.000        6.000        6.000
  2000:        2.000        4.000       22.000       24.000       21.000
  2005:       22.000       21.000       22.000        6.000        6.000
  2010:        6.000        6.000        6.000        6.000        6.000
  2015:        6.000        6.000        6.000        6.000        6.000
  2020:       19.000       11.000        6.000        6.000        6.000
  2025:        6.000        6.000        6.000        6.000        6.000
  2030:        6.000        6.000        6.000        6.000        6.000
  2035:        6.000        6.000        6.000        6.000        2.000
  2040:        4.000       22.000       24.000       21.000       22.000
  2045:       21.000       22.000       21.000       22.000       21.000
  2050:       22.000       21.000       22.000       21.000       22.000
  2055:        6.000        6.000        6.000        6.000        6.000
  2060:        6.000        6.000        6.000        6.000        6.000
  2065:        6.000        6.000        6.000       19.000       11.000
  2070:        6.000        6.000        6.000        6.000        6.000
  2075:        6.000        6.000        6.000        6.000        6.000
  2080:        6.000        6.000        6.000        6.000        6.000
  2085:        6.000        6.000        6.000        6.000        6.000
  2090:        6.000        6.000        6.000        6.000        6.000
  2095:        6.000        6.000        6.000        6.000        6.000
  2100:        6.000        6.000        6.000        2.000        4.000
  2105:       22.000       24.000       21.000       22.000       21.000
  2110:       22.000       21.000       22.000       21.000       22.000
  2115:        6.000        6.000       21.000       22.000       21.000
  2120:       22.000       19.000       11.000        2.000        4.000
  2125:       22.000       24.000        6.000       21.000       22.000
  2130:       21.000       22.000       19.000       11.000        6.000
  2135:       23.000       23.000        6.000        6.000        6.000
  2140:        6.000        6.000        6.000        6.000        6.000
  2145:        6.000        6.000        6.000        6.000        6.000
  2150:        6.000        6.000        6.000        6.000        6.000
  2155:        6.000        6.000        6.000        6.000        6.000
  2160:        6.000        6.000        6.000        6.000        2.000
  2165:        4.000       22.000       24.000       21.000       22.000
  2170:       21.000       22.000       19.000       11.000        6.000
  2175:        6.000        6.000        6.000        6.000        6.000
  2180:        2.000        4.000       22.000       24.000       21.000
  2185:       22.000       21.000       22.000       21.000       22.000
  2190:       21.000       22.000       21.000       22.000        6.000
  2195:        6.000        6.000        6.000       19.000       11.000
  2200:        2.000        4.000       22.000       24.000       21.000
  2205:       22.000       21.000       22.000       19.000       11.000
  2210:        2.000        4.000       22.000       24.000       21.000
  2215:       22.000       21.000       22.000       21.000       22.000
  2220:       21.000       22.000       21.000       22.000       21.000
  2225:       22.000       19.000       11.000        6.000        6.000
  2230:        6.000        6.000        6.000        6.000        6.000
  2235:        6.000        6.000        6.000        6.000        6.000
  2240:        6.000        6.000        6.000        6.000        6.000
  2245:        6.000        6.000        6.000        6.000        6.000
  2250:        6.000        6.000        6.000        6.000        6.000
  2255:        6.000        6.000        6.000        6.000        6.000
  2260:        6.000        6.000        6.000        6.000        6.000
  2265:        6.000        6.000        6.000        6.000        6.000
  2270:        6.000        6.000        6.000        6.000        6.000
  2275:        6.000        6.000        6.000        6.000        6.000
  2280:        6.000        6.000        6.000        6.000        6.000
  2285:        6.000        6.000        6.000        6.000        6.000
  2290:        6.000        6.000        6.000        6.000        6.000
  2295:        6.000        6.000        6.000        6.000        6.000
  2300:        6.000        6.000        6.000        6.000        6.000
  2305:        6.000        6.000        6.000        6.000        6.000
  2310:       23.000       23.000        6.000        6.000        6.000
  2315:       23.000        6.000        6.000        6.000        6.000
  2320:        6.000        6.000        6.000        6.000        6.000
  2325:        6.000        6.000        6.000        6.000        6.000
  2330:        6.000        6.000        6.000        6.000        2.000
  2335:        4.000       22.000       24.000       21.000       22.000
  2340:       19.000       11.000        6.000        6.000        6.000
  2345:        6.000        6.000        6.000        6.000        6.000
  2350:        2.000        4.000       22.000       24.000       21.000
  2355:       22.000       21.000       22.000       21.000       22.000
  2360:       21.000       22.000       21.000       22.000       19.000
  2365:       11.000        6.000        2.000        4.000       22.000
  2370:       24.000       21.000       22.000        6.000        6.000
  2375:        6.000        6.000        6.000        6.000        6.000
  2380:        6.000        6.000        6.000        6.000        6.000
  2385:        6.000        6.000        6.000       19.000       11.000
  2390:        6.000        6.000        6.000        6.000        6.000
  2395:        6.000        6.000        6.000        6.000        6.000
  2400:        6.000        6.000        6.000        6.000        6.000
  2405:        6.000        6.000        6.000        6.000        6.000
  2410:        6.000        6.000        6.000        6.000        6.000
  2415:        6.000        6.000        6.000        6.000        6.000
  2420:        6.000        6.000        2.000        4.000       22.000
  2425:       24.000       21.000       22.000       19.000       11.000
  2430:        2.000        4.000       22.000       24.000       19.000
  2435:       11.000        6.000        6.000        6.000        6.000
  2440:        6.000        6.000        6.000        6.000        6.000
  2445:        6.000        6.000        6.000        6.000        6.000
  2450:        6.000        6.000        6.000        6.000       23.000
  2455:        6.000        6.000        6.000        6.000        6.000
  2460:        6.000        6.000        6.000        6.000        6.000
  2465:        6.000        6.000        6.000        6.000        6.000
  2470:        6.000        6.000        6.000        6.000        6.000
  2475:        2.000        4.000       22.000       24.000       19.000
  2480:       11.000        6.000        6.000        6.000        6.000
  2485:        6.000        6.000        6.000        6.000        6.000
  2490:        6.000        6.000        6.000       23.000        2.000
  2495:        4.000       22.000       24.000       21.000       22.000
  2500:       21.000       22.000       21.000       22.000       21.000
  2505:       22.000        6.000        6.000        6.000       21.000
  2510:       22.000       21.000       22.000       19.000       11.000
  2515:        6.000        6.000        6.000        6.000        6.000
  2520:        2.000        4.000       22.000       24.000        6.000
  2525:        6.000        6.000        6.000        6.000        6.000
  2530:        6.000        6.000        6.000       19.000       11.000
  2535:        6.000        6.000        6.000        6.000        6.000
  2540:        6.000        6.000        6.000        6.000        6.000
  2545:        6.000        6.000        6.000        6.000        6.000
  2550:        6.000        6.000        6.000        6.000        6.000
  2555:        6.000        6.000        6.000        6.000        6.000
  2560:        6.000        6.000        6.000        6.000        6.000
  2565:        6.000        6.000        6.000        6.000        6.000
  2570:        6.000        6.000        6.000        6.000        6.000
  2575:        6.000        6.000        6.000        6.000        2.000
  2580:        4.000       22.000       24.000        6.000        6.000
  2585:        6.000        6.000        6.000        6.000        6.000
  2590:        6.000       19.000       11.000        6.000        6.000
  2595:        6.000        6.000        6.000       23.000        6.000
  2600:        6.000        2.000        4.000       22.000       24.000
  2605:       21.000       22.000       21.000       22.000        6.000
  2610:       19.000       11.000        2.000        4.000       22.000
  2615:       24.000       21.000       22.000       21.000       22.000
  2620:       21.000       22.000        6.000        6.000        6.000
  2625:        6.000        6.000       21.000       22.000       19.000
  2630:       11.000        2.000        4.000       22.000       24.000
  2635:       21.000       22.000       19.000       11.000        6.000
  2640:        6.000        6.000        6.000        6.000        6.000
  2645:        6.000        6.000        6.000        6.000        6.000
  2650:        6.000        6.000        6.000        6.000        6.000
  2655:       23.000        6.000        6.000        6.000       23.000
  2660:        6.000        6.000        6.000        6.000        6.000
  2665:        6.000        6.000        6.000        6.000        6.000
  2670:        6.000        2.000        4.000       22.000       24.000
  2675:       19.000       11.000        6.000        6.000        6.000
  2680:        6.000        2.000        4.000       22.000       24.000
  2685:       19.000       11.000        6.000        6.000        6.000
  2690:        6.000        6.000        6.000        6.000        6.000
  2695:        6.000        6.000        6.000        6.000        6.000
  2700:        6.000        6.000        6.000        6.000        6.000
  2705:        6.000        6.000        6.000        6.000        6.000
  2710:        6.000        6.000        6.000        2.000        4.000
  2715:       22.000       24.000       21.000       22.000        6.000
  2720:       19.000       11.000        6.000        6.000        6.000
  2725:        6.000        6.000        6.000        6.000        6.000
  2730:        6.000        6.000        6.000        6.000        6.000
  2735:        6.000        6.000        6.000        6.000        2.000
  2740:        4.000       22.000       24.000        6.000        6.000
  2745:        6.000        6.000       19.000       11.000        6.000
  2750:        6.000        6.000        6.000        2.000        4.000
  2755:       22.000       24.000       19.000       11.000        2.000
  2760:        4.000       22.000       24.000        6.000        6.000
  2765:        6.000       19.000       11.000        2.000        4.000
  2770:       22.000       24.000        6.000       19.000       11.000
  2775:        6.000        6.000        6.000        6.000        6.000
  2780:        6.000        6.000        6.000        6.000        6.000
  2785:        6.000        6.000        6.000        6.000        6.000
  2790:        6.000        6.000        6.000        6.000        6.000
  2795:        6.000        6.000        6.000        6.000        6.000
  2800:        6.000        6.000        6.000        6.000        6.000
  2805:        6.000        6.000        6.000        6.000        6.000
  2810:        6.000        6.000        6.000        6.000        6.000
  2815:        6.000        6.000        6.000        2.000        4.000
  2820:       22.000       24.000       21.000       22.000       21.000
  2825:       22.000       21.000       22.000       21.000       22.000
  2830:       21.000       22.000       21.000       22.000       21.000
  2835:       22.000       21.000       22.000       19.000       11.000
  2840:        6.000        6.000        6.000        6.000        6.000
  2845:        6.000        6.000        6.000        6.000        6.000
  2850:        6.000        2.000        4.000       22.000       24.000
  2855:       21.000       22.000       21.000       22.000       21.000
  2860:       22.000       21.000       22.000       21.000       22.000
  2865:       21.000       22.000       19.000       11.000        6.000
  2870:        6.000        2.000        4.000       22.000       24.000
  2875:        6.000        6.000        6.000        6.000        6.000
  2880:        6.000        6.000        6.000        6.000        6.000
  2885:        6.000        6.000        6.000        6.000        6.000
  2890:       21.000       22.000       19.000       11.000        2.000
  2895:        4.000       22.000       24.000       21.000       22.000
  2900:       19.000       11.000        6.000        6.000        6.000
  2905:        6.000        6.000        2.000        4.000       22.000
  2910:       24.000        6.000        6.000        6.000        6.000
  2915:        6.000        6.000        6.000       21.000       22.000
  2920:       21.000       22.000       21.000       22.000       21.000
  2925:       22.000       21.000       22.000       21.000       22.000
  2930:       21.000       22.000       21.000       22.000       19.000
  2935:       11.000        6.000        6.000       23.000       23.000
  2940:        6.000        6.000        6.000        6.000        6.000
  2945:        6.000        6.000        2.000        4.000       22.000
  2950:       24.000       21.000       22.000       21.000       22.000
  2955:       21.000       22.000       21.000       22.000       21.000
  2960:       22.000       21.000       22.000       21.000       22.000
  2965:        6.000        6.000        6.000        6.000       19.000
  2970:       11.000        6.000        6.000        6.000        6.000
  2975:        6.000        6.000        6.000        6.000        6.000
  2980:        6.000        6.000        6.000        6.000        6.000
  2985:        6.000        6.000        6.000        6.000        6.000
  2990:        6.000        6.000        6.000        6.000        6.000
  2995:        2.000        4.000       22.000       24.000       21.000
  3000:       22.000        6.000        6.000        6.000        6.000
  3005:        6.000        6.000        6.000        6.000        6.000
  3010:        6.000        6.000       19.000       11.000        6.000
  3015:        6.000        6.000        6.000        6.000        6.000
  3020:        6.000        6.000        6.000        6.000        6.000
  3025:        6.000        6.000        6.000        6.000        6.000
  3030:        6.000        6.000        6.000        6.000        6.000
  3035:        6.000        6.000        6.000        6.000        6.000
  3040:        6.000        6.000        6.000        6.000        6.000
  3045:        6.000        6.000        6.000        6.000        6.000
  3050:        6.000        6.000        6.000        6.000        6.000
  3055:        6.000        6.000        6.000        6.000        6.000
  3060:        6.000        6.000        6.000        6.000        6.000
  3065:        6.000        6.000        6.000        6.000        6.000
  3070:        6.000        2.000        4.000       22.000       24.000
  3075:       21.000       22.000        6.000        6.000        6.000
  3080:        6.000        6.000        6.000        6.000        6.000
  3085:        6.000        6.000        6.000        6.000        6.000
  3090:        6.000        6.000        6.000        6.000        6.000
  3095:       19.000       11.000        6.000        6.000        6.000
  3100:        6.000        6.000        6.000        6.000        6.000
  3105:        6.000        6.000        6.000        6.000        6.000
  3110:        6.000        6.000        6.000        6.000        6.000
  3115:        6.000        6.000        6.000        6.000        6.000
  3120:        6.000        6.000        6.000        6.000        6.000
  3125:        6.000        6.000        6.000        6.000        6.000
  3130:        6.000        6.000        6.000        6.000        6.000
  3135:        6.000        2.000        4.000       22.000       24.000
  3140:       21.000       22.000       21.000       22.000       21.000
  3145:       22.000       21.000       22.000       21.000       22.000
  3150:       19.000       11.000        6.000        6.000        6.000
  3155:       23.000       23.000       23.000        6.000        6.000
  3160:        6.000        6.000        6.000        6.000        6.000
  3165:        6.000        6.000        6.000        6.000        6.000
  3170:        6.000        6.000        6.000        6.000        6.000
  3175:        6.000        6.000        6.000        6.000        6.000
  3180:        6.000        6.000        6.000        6.000        6.000
  3185:        2.000        4.000       22.000       24.000       21.000
  3190:       22.000       19.000       11.000        6.000        6.000
  3195:        6.000        6.000        6.000        6.000        6.000
  3200:        6.000        6.000        6.000        6.000        6.000
  3205:        6.000        6.000       23.000        2.000        4.000
  3210:       22.000       24.000        6.000        6.000        6.000
  3215:        6.000        6.000        6.000        6.000        6.000
  3220:       19.000       11.000        6.000       23.000       23.000
  3225:        6.000        2.000        4.000       22.000       24.000
  3230:       21.000       22.000       21.000       22.000       21.000
  3235:       22.000       21.000       22.000       21.000       22.000
  3240:       21.000       22.000       21.000       22.000        6.000
  3245:        6.000        6.000        6.000        6.000        6.000
  3250:        6.000        6.000        6.000       21.000       22.000
  3255:       19.000       11.000        2.000        4.000       22.000
  3260:       24.000       21.000       22.000       21.000       22.000
  3265:       21.000       22.000       19.000       11.000        6.000
  3270:        6.000        6.000        6.000        6.000        6.000
  3275:        6.000        6.000        6.000        6.000        6.000
  3280:        6.000        6.000        6.000        6.000        6.000
  3285:        6.000        6.000        6.000        6.000      100.000
T:
     0:        0.000        0.000        0.000        0.000        2.500
     5:        3.920        4.200       19.590       57.500       57.790
    10:       57.950       62.180       65.680       88.020       88.020
    15:       88.020       88.030       98.020       98.030      148.850
    20:      148.850      148.850      148.860      158.850      158.860
    25:      227.010      227.450      231.640      232.480      251.800
    30:      256.110      257.720      257.720      257.720      257.730
    35:      260.920      264.340      264.340      267.720      267.730
    40:      293.240      293.240      293.240      293.250      303.050
    45:      303.240      303.250      322.470      322.740      323.280
    50:      326.230      326.300      331.560      331.640      331.690
    55:      331.760      332.030      332.290      347.940      355.650
    60:      380.150      380.150      380.150      380.160      380.660
    65:      380.660      383.910      384.250      384.560      390.150
    70:      390.160      402.860      415.150      430.540      612.290
    75:      643.500      643.500      643.500      643.510      653.500
    80:      653.510      657.250      657.250      657.250      657.260
    85:      667.250      667.260      671.780      672.230      672.750
    90:      699.350      699.350      699.350      699.360      709.350
    95:      709.360      715.860      725.530      815.980      905.550
   100:      905.550      905.550      905.560      915.550      915.560
   105:      928.670      928.720      928.750      928.790      928.850
   110:      928.910      929.070      932.870      933.170      933.320
   115:      933.620      933.720      933.850      933.960      934.100
   120:      936.480      946.650      949.150      950.910      956.650
   125:      956.650      956.650      956.660      966.650      966.660
   130:      993.920     1004.050     1006.420     1008.380     1008.420
   135:     1010.150     1016.930     1021.580     1097.320     1105.270
   140:     1107.420     1107.510     1108.630     1108.740     1108.760
   145:     1108.770     1162.710     1260.840     1313.740     1313.980
   150:     1313.990     1338.450     1346.900     1346.900     1346.900
   155:     1346.910     1356.900     1356.910     1368.270     1369.990
   160:     1408.570     1410.330     1459.290     1459.290     1459.290
   165:     1459.300     1469.290     1469.300     1473.440     1473.440
   170:     1473.440     1473.450     1479.210     1479.450     1482.870
   175:     1483.440     1483.450     1485.500     1485.500     1485.500
   180:     1485.510     1487.640     1487.930     1487.960     1488.110
   185:     1490.220     1491.440     1491.440     1495.500     1495.510
   190:     1507.400     1507.510     1507.920     1508.010     1509.180
   195:     1509.180     1509.180     1509.190     1519.180     1519.190
   200:     1533.790     1533.790     1533.790     1533.800     1534.010
   205:     1534.010     1534.470     1534.470     1535.690     1535.690
   210:     1543.790     1543.800     1549.260     1552.220     1552.550
   215:     1569.560     1570.040     1575.350     1581.640     1581.950
   220:     1582.000     1582.070     1582.810     1583.390     1583.540
   225:     1592.780     1594.660     1608.750     1610.520     1611.470
   230:     1611.950     1612.930     1612.980     1613.070     1613.250
   235:     1613.270     1613.370     1613.510     1614.770     1615.200
   240:     1615.230     1615.280     1615.300     1615.350     1615.660
   245:     1615.770     1616.240     1616.310     1616.450     1616.570
   250:     1616.730     1616.940     1617.520     1619.320     1619.350
   255:     1619.410     1777.270     1801.200     1801.500     1801.590
   260:     1810.950     1816.750     1818.090     1832.850     1832.850
   265:     1832.850     1832.860     1842.850     1842.860     1868.270
   270:     1870.470     1870.600     1870.700     1873.780     1873.780
   275:     1873.780     1873.790     1877.200     1880.750     1881.070
   280:     1881.700     1881.900     1881.960     1883.780     1883.790
   285:     1886.060     1888.150     1888.980     1889.180     1889.260
   290:     1889.850     1890.620     1893.440     1893.460     1893.820
   295:     1893.860     1894.070     1894.160     1894.220     1894.680
   300:     1895.570     1897.360     1897.590     1897.710     1897.740
   305:     1898.560     1899.400     1899.460     1917.010     1981.000
   310:     1981.120     1981.220     1981.260     1988.930     1988.930
   315:     1988.930     1988.940     1990.200     1990.200     1993.750
   320:     1993.750     1998.930     1998.940     2034.010     2048.750
   325:     2048.970     2049.500     2050.400     2050.400     2050.400
   330:     2050.410     2052.600     2052.600     2054.070     2054.070
   335:     2060.400     2060.410     2089.930     2089.930     2089.930
   340:     2089.940     2099.930     2099.940     2108.530     2122.250
   345:     2122.310     2123.730     2123.730     2123.730     2123.740
   350:     2133.730     2133.740     2138.170     2138.170     2138.170
   355:     2138.180     2148.170     2148.180     2151.080     2155.230
   360:     2155.260     2155.370     2156.210     2159.130     2159.130
   365:     2159.130     2159.140     2169.130     2169.140     2171.610
   370:     2171.610     2171.610     2171.620     2176.520     2176.550
   375:     2179.280     2179.280     2180.170     2180.170     2181.610
   380:     2181.620     2184.230     2184.230     2184.230     2184.240
   385:     2194.230     2194.240     2198.630     2198.680     2198.710
   390:     2198.840     2198.890     2198.960     2198.980     2199.240
   395:     2199.360     2199.620     2201.540     2202.410     2202.500
   400:     2211.730     2211.770     2211.920     2211.970     2212.250
   405:     2212.380     2212.400     2212.410     2212.480     2212.760
   410:     2212.770     2214.150     2215.070     2215.070     2215.070
   415:     2215.080     2217.700     2217.700     2219.290     2219.290
   420:     2225.070     2225.080     2230.070     2230.130     2288.110
   425:     2341.740     2344.610     2348.150     2348.530     2368.820
   430:     2380.690     2380.860     2381.370     2381.920     2382.300
   435:     2397.130     2397.870     2400.500     2401.780     2402.040
   440:     2402.140     2402.210     2403.460     2403.550     2406.250
   445:     2406.440     2406.490     2406.670     2406.780     2423.490
   450:     2423.600     2427.780     2427.790     2427.870     2429.650
   455:     2429.750     2430.760     2431.410     2438.760     2440.650
   460:     2440.720     2441.500     2441.530     2441.570     2441.590
   465:     2441.660     2441.690     2441.780     2441.980     2442.590
   470:     2443.450     2443.630     2443.730     2443.780     2443.800
   475:     2444.330     2444.450     2444.500     2446.390     2446.490
   480:     2446.530     2446.830     2447.010     2447.110     2447.240
   485:     2447.330     2447.880     2447.920     2448.020     2449.560
   490:     2451.020     2451.070     2451.150     2451.170     2451.290
   495:     2452.320     2452.780     2460.440     2460.440     2460.440
   500:     2460.450     2465.380     2465.510     2470.440     2470.450
   505:     2478.380     2479.130     2719.660     2719.660     2719.660
   510:     2719.670     2721.290     2722.510     2722.590     2723.050
   515:     2723.810     2723.840     2723.890     2724.860     2729.660
   520:     2729.670     2752.630     2752.630     2752.630     2752.640
   525:     2756.880     2758.210     2759.710     2759.710     2759.870
   530:     2759.870     2762.630     2762.640     2781.190     2783.650
   535:     2787.990     2788.040     2788.090     2788.310     2790.210
   540:     2790.220     2790.310     2790.470     2790.620     2790.650
   545:     2790.740     2790.800     2790.850     2791.100     2792.500
   550:     2792.670     2793.260     2793.560     2793.650     2793.770
   555:     2793.980     2799.860     2800.050     2808.300     2808.300
   560:     2808.300     2808.310     2809.160     2809.160     2816.060
   565:     2816.060     2816.520     2816.520     2817.050     2817.050
   570:     2818.300     2818.310     2823.980     2830.360     2857.900
   575:     2870.350     2870.550     2871.150     2871.220     2871.260
   580:     2882.180     2882.230     2882.250     2886.290     2889.810
   585:     2889.980     2890.000     2890.390     2890.510     2890.600
   590:     2890.710     2890.820     2890.880     2891.100     2891.890
   595:     2893.210     2893.560     2894.520     2894.520     2894.520
   600:     2894.530     2894.990     2894.990     2895.110     2895.110
   605:     2896.850     2897.160     2897.260     2897.300     2897.360
   610:     2897.440     2897.700     2898.240     2899.520     2899.820
   615:     2899.980     2900.110     2900.230     2900.430     2900.550
   620:     2901.440     2901.510     2901.880     2902.940     2903.010
   625:     2903.070     2903.500     2904.380     2904.520     2904.530
   630:     2904.530     2906.040     2906.510     2908.100     2908.490
   635:     2908.670     2909.360     2912.240     2913.130     2913.250
   640:     2913.520     2913.950     2914.280     2914.480     2914.620
   645:     2914.700     2915.090     2915.150     2915.190     2915.370
   650:     2915.440     2915.620     2915.640     2916.430     2916.520
   655:     2918.220     2919.530     2920.160     2929.050     2929.800
   660:     2929.910     2930.000     2930.060     2930.520     2946.940
   665:     2946.950     2957.590     2962.330     2962.570     2962.610
   670:     2963.090     2969.040     2969.040     2969.040     2969.050
   675:     2975.330     2975.590     2976.390     2976.890     2977.880
   680:     2978.780     2978.780     2979.040     2979.050     2985.440
   685:     2985.440     2985.440     2985.450     2995.440     2995.450
   690:     3002.730     3011.860     3011.900     3011.940     3012.710
   695:     3019.780     3020.920     3020.920     3020.920     3020.930
   700:     3022.940     3024.780     3025.350     3026.370     3026.480
   705:     3026.840     3027.450     3027.980     3029.760     3030.670
   710:     3030.920     3030.930     3031.020     3031.090     3032.180
   715:     3032.180     3032.180     3032.190     3034.020     3034.060
   720:     3034.140     3034.380     3035.440     3036.270     3036.560
   725:     3036.620     3037.040     3037.100     3040.180     3040.290
   730:     3040.370     3040.390     3040.740     3041.910     3042.180
   735:     3042.190     3042.460     3042.540     3042.590     3043.930
   740:     3044.120     3044.880     3045.240     3045.460     3048.500
   745:     3048.520     3048.760     3048.800     3049.230     3049.240
   750:     3050.340     3050.530     3050.790     3051.370     3054.240
   755:     3054.240     3054.240     3054.250     3054.910     3054.910
   760:     3058.590     3058.590     3059.220     3059.220     3061.020
   765:     3061.020     3061.150     3061.150     3061.300     3061.300
   770:     3061.790     3061.790     3062.320     3062.320     3062.660
   775:     3062.660     3064.240     3064.250     3066.580     3074.330
   780:     3074.330     3074.330     3074.340     3075.510     3075.510
   785:     3082.690     3082.690     3084.330     3084.340     3085.000
   790:     3085.170     3085.370     3085.420     3085.580     3085.900
   795:     3087.430     3087.430     3087.430     3087.440     3089.970
   800:     3090.160     3090.300     3094.110     3097.430     3097.440
   805:     3101.690     3102.930     3103.010     3120.700     3120.700
   810:     3120.700     3120.710     3130.700     3130.710     3160.820
   815:     3161.310     3161.780     3161.820     3162.270     3163.180
   820:     3163.430     3163.550     3163.730     3168.940     3169.070
   825:     3169.180     3169.240     3169.660     3169.940     3169.970
   830:     3170.000     3170.840     3171.780     3171.780     3171.780
   835:     3171.790     3180.980     3180.980     3181.780     3181.790
   840:     3185.340     3185.340     3185.340     3185.350     3186.680
   845:     3186.680     3195.340     3195.350     3195.800     3196.100
   850:     3196.130     3198.880     3199.000     3317.110     3319.530
   855:     3319.770     3319.880     3319.920     3320.010     3320.030
   860:     3320.160     3325.030     3325.200     3325.270     3325.610
   865:     3328.270     3329.680     3330.030     3331.200     3331.280
   870:     3333.660     3333.660     3333.660     3333.670     3334.310
   875:     3334.310     3335.500     3335.500     3337.230     3337.230
   880:     3337.840     3337.840     3343.660     3343.670     3393.460
   885:     3393.470     3395.970     3396.010     3408.850     3409.010
   890:     3409.110     3410.490     3436.440     3448.440     3450.600
   895:     3450.600     3450.600     3450.610     3460.600     3460.610
   900:     3480.040     3480.040     3480.040     3480.050     3490.040
   905:     3490.050     3490.820     3490.820     3490.820     3490.830
   910:     3500.820     3500.830     3513.830     3514.660     3536.100
   915:     3536.400     3537.120     3537.960     3537.960     3537.960
   920:     3537.970     3542.000     3542.010     3542.030     3542.060
   925:     3542.370     3547.960     3547.970     3564.420     3564.510
   930:     3564.590     3565.910     3566.190     3566.710     3568.530
   935:     3570.030     3570.050     3570.750     3571.900     3572.230
   940:     3572.650     3572.730     3573.410     3573.430     3575.030
   945:     3575.030     3575.030     3575.040     3576.730     3576.730
   950:     3578.390     3578.390     3585.030     3585.040     3586.100
   955:     3586.980     3660.400     3665.970     3666.350     3666.410
   960:     3667.030     3676.610     3678.770     3681.170     3681.740
   965:     3682.110     3682.350     3683.310     3684.230     3684.770
   970:     3685.410     3685.960     3686.030     3686.150     3695.850
   975:     3696.070     3696.140     3697.020     3699.830     3699.960
   980:     3701.700     3703.360     3703.430     3703.490     3703.520
   985:     3703.600     3703.640     3704.020     3704.320     3704.620
   990:     3704.680     3704.970     3705.020     3710.480     3710.810
   995:     3714.370     3714.370     3714.370     3714.380     3714.740
  1000:     3714.740     3716.620     3717.350     3718.310     3718.440
  1005:     3718.650     3718.780     3718.930     3719.000     3719.490
  1010:     3719.570     3719.660     3719.710     3719.750     3720.030
  1015:     3721.080     3721.840     3723.030     3723.100     3723.330
  1020:     3723.540     3723.920     3724.370     3724.380     3724.650
  1025:     3724.680     3725.280     3729.160     3729.230     3729.270
  1030:     3729.320     3729.530     3730.250     3730.500     3730.620
  1035:     3730.700     3731.030     3731.440     3733.440     3733.840
  1040:     3734.090     3734.140     3734.870     3736.980     3737.050
  1045:     3737.260     3737.420     3738.910     3741.070     3742.890
  1050:     3745.020     3745.910     3746.080     3746.120     3746.280
  1055:     3746.360     3748.200     3753.320     3754.840     3754.860
  1060:     3755.270     3776.390     3779.230     3779.550     3779.630
  1065:     3780.010     3784.120     3784.240     3784.950     3785.360
  1070:     3785.590     3785.630     3786.170     3786.240     3786.350
  1075:     3787.190     3788.350     3792.030     3792.120     3792.140
  1080:     3792.900     3792.930     3793.440     3793.600     3794.540
  1085:     3794.560     3795.220     3795.920     3796.170     3797.800
  1090:     3797.800     3797.800     3797.810     3798.130     3798.130
  1095:     3799.940     3799.940     3807.800     3807.810     3815.760
  1100:     3822.770     3832.040     3832.040     3832.040     3832.050
  1105:     3842.040     3842.050     3847.550     3855.820     3857.470
  1110:     3857.810     3857.840     3858.280     3858.330     3858.450
  1115:     3859.460     3859.510     3860.830     3860.830     3860.830
  1120:     3860.840     3862.720     3862.800     3862.890     3863.960
  1125:     3864.110     3864.620     3866.340     3866.340     3868.240
  1130:     3868.400     3868.770     3869.150     3869.240     3869.360
  1135:     3869.390     3869.450     3869.540     3869.560     3869.820
  1140:     3870.830     3870.840     3893.530     3899.240     3899.280
  1145:     3899.360     3899.500     3993.750     3996.850     3996.920
  1150:     3996.970     3997.010     4013.670     4013.670     4013.670
  1155:     4013.680     4017.040     4017.200     4017.330     4017.700
  1160:     4019.100     4019.100     4019.720     4019.720     4021.500
  1165:     4021.500     4023.670     4023.680     4041.240     4055.370
  1170:     4078.540     4245.930     4250.970     4259.130     4259.820
  1175:     4263.090     4263.330     4277.440     4277.490     4277.540
  1180:     4277.560     4284.720     4284.730     4284.930     4285.460
  1185:     4285.510     4286.110     4286.200     4337.560     4337.560
  1190:     4337.560     4337.570     4347.560     4347.570     4356.320
  1195:     4360.740     4366.940     4475.290     4502.650     4503.280
  1200:     4503.350     4504.480     4506.560     4506.820     4507.870
  1205:     4508.120     4510.100     4510.100     4510.100     4510.110
  1210:     4511.840     4511.990     4520.100     4520.110     4545.180
  1215:     4545.260     4545.360     4545.400     4549.910     4549.910
  1220:     4549.910     4549.920     4551.850     4551.850     4557.750
  1225:     4559.910     4559.920     4599.940     4600.160     4600.470
  1230:     4600.510     4600.540     4601.380     4601.420     4601.530
  1235:     4602.680     4644.290     4650.840     4650.880     4650.930
  1240:     4653.330     4653.420     4653.740     4653.870     4654.090
  1245:     4654.210     4654.310     4656.650     4656.970     4656.980
  1250:     4659.390     4659.550     4664.630     4664.630     4664.630
  1255:     4664.640     4664.650     4664.650     4664.970     4664.970
  1260:     4664.990     4664.990     4665.020     4665.020     4669.210
  1265:     4669.210     4671.080     4671.110     4671.250     4671.510
  1270:     4671.620     4673.190     4673.190     4674.630     4674.640
  1275:     4691.670     4691.670     4691.670     4691.680     4691.980
  1280:     4691.980     4692.060     4692.060     4701.670     4701.680
  1285:     4713.850     4714.170     4715.530     4716.250     4716.250
  1290:     4716.250     4716.260     4717.680     4717.680     4722.910
  1295:     4722.910     4726.250     4726.260     4735.400     4758.030
  1300:     4758.040     4758.080     4758.910     4759.110     4763.120
  1305:     4763.410     4763.520     4764.040     4766.640     4766.930
  1310:     4766.950     4767.130     4767.410     4768.120     4768.470
  1315:     4768.620     4768.750     4768.830     4769.650     4769.680
  1320:     4770.200     4774.000     4774.010     4774.060     4774.340
  1325:     4774.390     4774.410     4774.760     4776.840     4777.370
  1330:     4777.500     4782.430     4782.430     4782.430     4782.440
  1335:     4784.800     4785.300     4785.400     4785.500     4785.820
  1340:     4785.840     4785.860     4785.880     4785.990     4786.000
  1345:     4786.650     4786.700     4786.760     4786.800     4786.820
  1350:     4786.930     4786.970     4787.550     4787.630     4787.870
  1355:     4788.170     4788.420     4789.020     4789.070     4789.340
  1360:     4789.460     4791.890     4792.000     4792.430     4792.440
  1365:     4793.450     4793.450     4793.450     4793.460     4796.930
  1370:     4796.930     4798.140     4798.140     4798.990     4798.990
  1375:     4799.240     4799.240     4799.290     4799.290     4799.500
  1380:     4799.500     4803.450     4803.460     4804.780     4807.030
  1385:     4811.190     4811.190     4811.190     4811.200     4811.320
  1390:     4811.320     4821.190     4821.200     4876.350     4876.440
  1395:     4876.490     4876.530     4888.130     4888.310     4889.090
  1400:     4889.520     4890.880     4891.120     4891.130     4891.200
  1405:     4892.060     4919.130     4919.230     4922.260     4922.260
  1410:     4922.260     4922.270     4922.300     4922.300     4923.090
  1415:     4923.090     4923.920     4923.920     4924.050     4924.050
  1420:     4924.240     4924.240     4924.280     4924.280     4925.150
  1425:     4925.150     4925.200     4925.200     4925.500     4925.500
  1430:     4928.430     4928.430     4928.460     4928.460     4928.630
  1435:     4928.630     4928.750     4928.750     4928.810     4928.810
  1440:     4928.950     4928.950     4932.260     4932.270     4953.950
  1445:     4953.950     4953.950     4953.960     4954.010     4954.010
  1450:     4954.380     4954.380     4954.820     4954.820     4954.880
  1455:     4954.880     4954.960     4954.960     4955.000     4955.000
  1460:     4955.230     4955.230     4955.680     4955.680     4955.750
  1465:     4955.750     4963.950     4963.960     4971.680     4971.750
  1470:     4972.800     4972.850     4973.830     4978.790     4978.950
  1475:     5031.110     5078.060     5085.250     5129.610     5129.820
  1480:     5129.870     5130.100     5142.770     5193.740     5193.740
  1485:     5193.740     5193.750     5193.770     5193.770     5193.960
  1490:     5193.960     5194.050     5194.050     5194.390     5194.390
  1495:     5199.410     5199.470     5200.680     5203.740     5203.750
  1500:     5211.340     5211.360     5212.660     5213.330     5213.980
  1505:     5224.350     5228.850     5234.680     5234.810     5239.360
  1510:     5239.620     5239.640     5242.590     5242.590     5242.590
  1515:     5242.600     5244.340     5244.630     5244.690     5244.770
  1520:     5245.680     5245.910     5246.140     5246.170     5248.160
  1525:     5248.400     5248.500     5248.690     5252.590     5252.600
  1530:     5336.060     5339.840     5339.900     5340.500     5340.910
  1535:     5341.600     5342.000     5342.020     5342.050     5342.320
  1540:     5345.460     5347.270     5352.610     5352.670     5352.680
  1545:     5352.760     5352.780     5352.810     5352.840     5352.920
  1550:     5352.960     5353.000     5353.080     5354.200     5449.380
  1555:     5449.600     5449.780     5455.360     5455.360     5455.360
  1560:     5455.370     5456.040     5456.040     5456.430     5456.430
  1565:     5456.480     5456.480     5456.820     5456.820     5457.990
  1570:     5457.990     5458.310     5458.310     5459.080     5459.240
  1575:     5459.640     5460.940     5460.940     5460.980     5460.980
  1580:     5465.360     5465.370     5467.670     5467.670     5467.670
  1585:     5467.680     5467.780     5467.780     5472.140     5472.250
  1590:     5473.620     5475.100     5475.220     5475.560     5476.010
  1595:     5476.060     5476.100     5476.190     5476.210     5477.170
  1600:     5477.670     5477.680     5477.750     5499.780     5499.780
  1605:     5499.780     5499.790     5499.990     5499.990     5502.360
  1610:     5502.440     5504.100     5504.780     5504.780     5504.820
  1615:     5504.820     5507.090     5507.230     5508.070     5509.780
  1620:     5509.790     5510.000     5511.570     5511.850     5512.130
  1625:     5512.740     5513.040     5513.090     5513.380     5514.290
  1630:     5514.950     5516.760     5517.430     5518.050     5518.740
  1635:     5518.820     5519.960     5520.020     5520.140     5521.400
  1640:     5521.620     5521.730     5521.980     5522.220     5522.530
  1645:     5522.590     5522.610     5522.720     5523.650     5523.710
  1650:     5528.040     5529.350     5529.420     5529.950     5530.720
  1655:     5530.770     5530.900     5530.930     5531.330     5531.390
  1660:     5531.430     5532.490     5535.490     5535.570     5535.710
  1665:     5535.800     5535.980     5536.070     5540.620     5540.740
  1670:     5541.420     5541.450     5541.680     5543.350     5545.470
  1675:     5554.480     5554.700     5554.710     5554.840     5555.450
  1680:     5555.740     5556.030     5556.070     5556.280     5556.310
  1685:     5556.360     5562.800     5563.020     5564.240     5564.430
  1690:     5584.320     5584.360     5584.370     5584.720     5585.090
  1695:     5585.750     5586.240     5587.180     5587.370     5587.520
  1700:     5621.140     5621.140     5621.140     5621.150     5621.470
  1705:     5621.470     5631.140     5631.150     5635.620     5635.620
  1710:     5635.620     5635.630     5636.500     5636.500     5636.660
  1715:     5636.660     5639.370     5639.370     5639.760     5639.760
  1720:     5645.620     5645.630     5646.910     5646.920     5651.030
  1725:     5651.210     5651.770     5652.550     5652.550     5652.550
  1730:     5652.560     5652.600     5652.600     5652.920     5652.920
  1735:     5653.790     5653.790     5653.840     5653.840     5654.060
  1740:     5654.060     5658.370     5659.220     5659.920     5659.920
  1745:     5659.960     5659.960     5660.140     5660.140     5661.530
  1750:     5662.550     5662.560     5662.700     5662.700     5662.700
  1755:     5662.710     5663.000     5663.000     5668.270     5668.270
  1760:     5672.700     5672.710     5678.600     5678.620     5681.400
  1765:     5681.400     5681.400     5681.410     5691.400     5691.410
  1770:     5749.480     5762.970     5763.100     5785.340     5785.540
  1775:     5785.840     5785.990     5786.250     5786.470     5786.530
  1780:     5786.620     5787.860     5798.400     5823.010     5832.060
  1785:     5844.420     5844.430     5847.740     5848.080     5848.170
  1790:     5848.960     5848.960     5848.960     5848.970     5851.290
  1795:     5851.290     5852.780     5852.780     5856.490     5856.580
  1800:     5857.690     5858.020     5858.960     5858.970     5891.770
  1805:     5891.960     5893.660     5893.840     5893.930     5894.140
  1810:     5898.280     5898.330     5898.360     5899.010     5899.070
  1815:     5899.630     5937.130     5937.130     5937.130     5937.140
  1820:     5938.370     5938.370     5941.920     5947.130     5947.140
  1825:     5948.320     5948.440     5948.520     5948.540     5950.330
  1830:     5965.830     5982.300     6013.160     6041.580     6046.800
  1835:     6047.310     6047.820     6049.050     6050.190     6329.810
  1840:     6329.960     6331.210     6331.260     6331.490     6331.580
  1845:     6332.550     6332.970     6377.270     6377.480     6377.870
  1850:     6409.390     6409.510     6410.750     6410.780     6411.330
  1855:     6411.420     6411.640     6411.710     6412.360     6414.510
  1860:     6414.770     6414.850     6414.900     6459.810     6459.810
  1865:     6459.810     6459.820     6469.810     6469.820     6526.790
  1870:     6526.810     6528.730     6528.820     6583.610     6583.890
  1875:     6586.350     6586.860     6597.380     6672.510     6672.540
  1880:     6672.550     6672.730     6675.040     6675.860     6675.870
  1885:     6675.890     6675.930     6676.320     6676.380     6679.620
  1890:     6679.620     6679.620     6679.630     6680.320     6680.320
  1895:     6685.300     6687.720     6688.340     6688.560     6689.090
  1900:     6689.620     6689.630     6691.270     6691.410     6691.490
  1905:     6691.930     6692.360     6693.230     6693.480     6693.990
  1910:     6695.120     6703.900     6704.130     6705.300     6705.810
  1915:     6706.030     6706.090     6730.340     6730.340     6730.340
  1920:     6730.350     6731.700     6731.700     6739.520     6740.340
  1925:     6740.350     6756.290     6758.910     6759.240     6759.550
  1930:     6759.770     6760.780     6833.520     6833.550     6834.200
  1935:     6836.300     6837.740     6838.000     6838.540     6838.570
  1940:     6838.960     6839.140     6841.510     6841.550     6841.580
  1945:     6844.300     6844.740     6845.450     6845.550     6845.930
  1950:     6853.680     6853.860     6856.340     6856.520     6861.340
  1955:     6861.680     6861.700     6869.410     6901.990     6925.360
  1960:     6925.440     6925.470     6927.210     6936.220     6936.220
  1965:     6936.220     6936.230     6946.220     6946.230     6948.300
  1970:     6948.810     6950.560     6954.400     6954.630     6954.640
  1975:     6956.480     6957.900     6960.750     6960.850     6960.900
  1980:     6961.030     6961.080     6961.970     6963.520     6963.520
  1985:     6963.520     6963.530     6966.470     6966.470     6970.270
  1990:     6970.270     6973.520     6973.530     6979.500     6979.530
  1995:     6982.050     6998.080     6998.120     6998.190     7013.510
  2000:     7014.910     7014.910     7014.910     7014.920     7018.100
  2005:     7018.100     7019.640     7019.640     7021.330     7021.600
  2010:     7022.630     7023.220     7023.330     7023.380     7023.430
  2015:     7023.940     7024.030     7024.130     7024.220     7024.490
  2020:     7024.910     7024.920     7025.160     7026.980     7028.180
  2025:     7028.210     7028.860     7028.920     7029.740     7030.270
  2030:     7030.570     7030.640     7030.910     7031.590     7032.740
  2035:     7032.850     7032.960     7033.220     7033.960     7036.690
  2040:     7036.690     7036.690     7036.700     7037.580     7037.580
  2045:     7038.050     7038.050     7038.320     7038.320     7039.530
  2050:     7039.530     7039.570     7039.570     7039.800     7039.800
  2055:     7041.850     7041.960     7042.040     7042.130     7042.400
  2060:     7042.630     7042.660     7042.730     7043.120     7043.360
  2065:     7043.370     7043.390     7043.580     7046.690     7046.700
  2070:     7050.970     7050.990     7052.520     7052.640     7052.710
  2075:     7053.020     7054.140     7055.550     7056.600     7064.740
  2080:     7064.850     7064.860     7064.900     7065.650     7078.260
  2085:     7078.310     7078.790     7078.830     7079.560     7079.860
  2090:     7120.820     7122.000     7122.550     7122.830     7123.140
  2095:     7123.570     7179.700     7184.650     7184.950     7184.990
  2100:     7192.970     7193.070     7193.090     7220.030     7220.030
  2105:     7220.030     7220.040     7221.430     7221.430     7221.810
  2110:     7221.810     7222.340     7222.340     7224.230     7224.230
  2115:     7227.180     7227.520     7228.460     7228.460     7228.740
  2120:     7228.740     7230.030     7230.040     7234.700     7234.700
  2125:     7234.700     7234.710     7236.920     7238.960     7238.960
  2130:     7241.800     7241.800     7244.700     7244.710     7260.000
  2135:     7267.920     7268.100     7284.540     7286.550     7295.200
  2140:     7295.340     7295.500     7295.600     7303.200     7303.450
  2145:     7303.720     7305.840     7306.100     7306.940     7307.120
  2150:     7307.130     7307.170     7307.210     7307.280     7307.360
  2155:     7307.550     7307.570     7308.820     7310.120     7310.160
  2160:     7310.540     7311.330     7311.850     7313.260     7319.020
  2165:     7319.020     7319.020     7319.030     7319.740     7319.740
  2170:     7321.420     7321.420     7329.020     7329.030     7329.640
  2175:     7329.650     7329.730     7332.290     7332.300     7332.370
  2180:     7333.670     7333.670     7333.670     7333.680     7336.130
  2185:     7336.130     7338.720     7338.720     7339.280     7339.280
  2190:     7339.620     7339.620     7339.780     7339.780     7341.340
  2195:     7341.640     7341.930     7342.440     7343.670     7343.680
  2200:     7344.690     7344.690     7344.690     7344.700     7345.300
  2205:     7345.300     7345.490     7345.490     7354.690     7354.700
  2210:     7365.050     7365.050     7365.050     7365.060     7365.100
  2215:     7365.100     7365.330     7365.330     7369.630     7369.630
  2220:     7369.680     7369.680     7370.330     7370.330     7371.070
  2225:     7371.070     7375.050     7375.060     7388.420     7392.380
  2230:     7392.510     7392.860     7392.910     7393.340     7393.380
  2235:     7407.180     7407.270     7407.340     7407.680     7407.760
  2240:     7409.050     7418.470     7418.480     7418.540     7421.100
  2245:     7516.750     7516.780     7516.900     7517.470     7517.790
  2250:     7519.550     7519.680     7520.470     7520.620     7520.650
  2255:     7526.330     7527.470     7527.620     7527.800     7527.870
  2260:     7527.960     7528.070     7528.160     7528.280     7528.370
  2265:     7528.530     7528.700     7529.080     7529.140     7529.190
  2270:     7529.240     7529.330     7529.640     7529.650     7529.940
  2275:     7530.060     7532.660     7532.710     7532.800     7532.860
  2280:     7533.180     7533.210     7533.320     7533.400     7533.560
  2285:     7533.720     7534.060     7534.330     7534.760     7536.540
  2290:     7536.890     7538.100     7539.210     7539.300     7539.360
  2295:     7541.800     7548.440     7559.710     7559.740     7559.790
  2300:     7559.820     7559.870     7559.990     7560.000     7560.230
  2305:     7561.070     7574.430     7574.460     7577.000     7585.120
  2310:     7594.510     7607.700     7637.590     7637.690     7638.940
  2315:     7669.550     7673.770     7673.780     7673.990     7674.110
  2320:     7674.690     7674.760     7674.930     7675.120     7675.190
  2325:     7675.230     7675.360     7675.410     7676.320     7676.870
  2330:     7676.910     7695.520     7696.450     7696.560     7728.290
  2335:     7728.290     7728.290     7728.300     7728.850     7728.850
  2340:     7738.290     7738.300     7745.500     7745.520     7745.580
  2345:     7745.850     7746.080     7746.360     7746.540     7746.740
  2350:     7781.720     7781.720     7781.720     7781.730     7781.950
  2355:     7781.950     7783.270     7783.270     7783.300     7783.300
  2360:     7783.510     7783.510     7790.370     7790.370     7791.720
  2365:     7791.730     7795.550     7797.050     7797.050     7797.050
  2370:     7797.060     7797.330     7797.330     7798.900     7799.220
  2375:     7799.350     7799.430     7799.520     7799.720     7801.160
  2380:     7801.970     7802.190     7802.370     7803.670     7803.690
  2385:     7804.820     7805.580     7806.590     7807.050     7807.060
  2390:     7807.160     7807.640     7807.850     7808.060     7808.120
  2395:     7809.290     7809.320     7809.480     7809.540     7809.770
  2400:     7810.000     7810.520     7810.610     7810.730     7811.640
  2405:     7811.760     7811.770     7811.930     7812.340     7823.020
  2410:     7823.260     7838.640     7852.730     7852.860     7852.940
  2415:     7853.080     7853.170     7853.260     7853.890     7853.950
  2420:     7853.980     7854.700     7855.470     7855.470     7855.470
  2425:     7855.480     7864.800     7864.800     7865.470     7865.480
  2430:     7876.790     7876.790     7876.790     7876.800     7886.790
  2435:     7886.800     7996.450     8028.430     8028.460     8029.660
  2440:     8029.730     8034.300     8034.860     8083.070     8086.120
  2445:     8087.740     8089.170     8090.760     8090.780     8090.990
  2450:     8097.710     8097.730     8097.760     8098.350     8123.760
  2455:     8132.300     8132.430     8132.900     8134.080     8134.140
  2460:     8134.180     8134.630     8135.200     8135.350     8135.450
  2465:     8135.520     8135.580     8135.670     8137.400     8138.040
  2470:     8138.080     8139.390     8147.670     8148.490     8148.880
  2475:     8150.080     8150.080     8150.080     8150.090     8160.080
  2480:     8160.090     8167.910     8168.090     8168.350     8168.450
  2485:     8169.240     8169.350     8170.010     8170.240     8170.420
  2490:     8170.730     8170.780     8184.370     8213.410     8232.010
  2495:     8232.010     8232.010     8232.020     8232.510     8232.510
  2500:     8233.340     8233.340     8233.440     8233.440     8233.610
  2505:     8233.610     8235.300     8235.500     8236.040     8236.640
  2510:     8236.640     8237.880     8237.880     8242.010     8242.020
  2515:     8243.440     8244.090     8244.300     8244.670     8244.730
  2520:     8245.290     8245.290     8245.290     8245.300     8247.600
  2525:     8247.910     8248.000     8251.890     8252.110     8252.250
  2530:     8254.510     8255.000     8255.020     8255.290     8255.300
  2535:     8256.440     8256.720     8256.990     8257.040     8262.030
  2540:     8262.140     8263.060     8263.140     8263.350     8263.650
  2545:     8263.680     8263.770     8263.800     8264.110     8265.830
  2550:     8266.180     8266.280     8266.320     8266.590     8266.690
  2555:     8266.780     8266.790     8267.070     8267.110     8270.600
  2560:     8270.650     8270.830     8270.850     8271.590     8273.870
  2565:     8275.450     8277.020     8278.360     8278.380     8278.620
  2570:     8279.330     8279.500     8279.540     8279.950     8280.360
  2575:     8372.750     8372.850     8373.110     8373.210     8380.940
  2580:     8380.940     8380.940     8380.950     8381.960     8382.720
  2585:     8383.080     8383.260     8383.620     8383.660     8383.980
  2590:     8384.340     8390.940     8390.950     8399.150     8401.150
  2595:     8401.160     8401.220     8402.460     8424.540     8431.370
  2600:     8431.390     8435.820     8435.820     8435.820     8435.830
  2605:     8435.920     8435.920     8436.540     8436.540     8441.710
  2610:     8445.820     8445.830     8468.510     8468.510     8468.510
  2615:     8468.520     8468.530     8468.530     8468.550     8468.550
  2620:     8468.580     8468.580     8470.790     8470.800     8471.260
  2625:     8471.670     8471.970     8472.580     8472.580     8478.510
  2630:     8478.520     8479.640     8479.640     8479.640     8479.650
  2635:     8480.570     8480.570     8489.640     8489.650     8491.630
  2640:     8491.930     8512.500     8515.490     8515.580     8515.610
  2645:     8515.760     8515.790     8515.960     8516.030     8516.290
  2650:     8516.430     8517.720     8517.890     8533.670     8570.170
  2655:     8588.330     8622.610     8622.660     8627.530     8631.600
  2660:     8659.480     8659.620     8659.640     8662.100     8663.800
  2665:     8664.040     8664.230     8678.950     8679.190     8679.450
  2670:     8680.330     8681.500     8681.500     8681.500     8681.510
  2675:     8691.500     8691.510     8693.060     8693.340     8694.050
  2680:     8703.070     8703.290     8703.290     8703.290     8703.300
  2685:     8713.290     8713.300     8737.230     8737.520     8737.600
  2690:     8737.790     8737.890     8739.750     8745.520     8745.660
  2695:     8745.690     8748.350     8754.320     8754.350     8754.380
  2700:     8754.420     8754.450     8754.480     8754.550     8754.650
  2705:     8974.110     8977.110     8980.610     8981.180     8981.830
  2710:     8981.890     8982.940     8998.210     9006.320     9006.320
  2715:     9006.320     9006.330     9006.890     9006.890     9009.460
  2720:     9016.320     9016.330     9020.970     9021.010     9021.190
  2725:     9086.190     9089.310     9090.920     9091.320     9091.600
  2730:     9091.620     9091.750     9094.740     9110.390     9112.300
  2735:     9153.630     9153.690     9153.810     9154.880     9175.730
  2740:     9175.730     9175.730     9175.740     9183.700     9183.940
  2745:     9184.180     9185.120     9185.730     9185.740     9281.820
  2750:     9285.580     9285.900     9291.780     9307.680     9307.680
  2755:     9307.680     9307.690     9317.680     9317.690     9345.370
  2760:     9345.370     9345.370     9345.380     9350.150     9350.220
  2765:     9350.300     9355.370     9355.380     9358.830     9358.830
  2770:     9358.830     9358.840     9367.880     9368.830     9368.840
  2775:     9371.850     9372.050     9373.000     9374.770     9374.960
  2780:     9374.980     9375.050     9375.620     9375.740     9376.600
  2785:     9376.610     9376.920     9379.060     9383.980     9384.090
  2790:     9388.450     9388.580     9388.610     9389.870     9390.230
  2795:     9390.310     9390.390     9391.070     9391.180     9391.500
  2800:     9391.760     9393.070     9394.120     9394.270     9394.370
  2805:     9394.690     9396.150     9399.310     9399.550     9402.370
  2810:     9409.830     9411.630     9411.720     9411.810     9411.950
  2815:     9441.570     9496.380     9498.310     9528.870     9528.870
  2820:     9528.870     9528.880     9530.080     9530.080     9530.740
  2825:     9530.740     9530.830     9530.830     9531.030     9531.030
  2830:     9531.100     9531.100     9531.360     9531.360     9536.260
  2835:     9536.260     9536.830     9536.830     9538.870     9538.880
  2840:     9602.920     9603.040     9603.240     9603.740     9603.770
  2845:     9603.900     9603.930     9603.980     9606.700     9607.300
  2850:     9607.780     9609.570     9609.570     9609.570     9609.580
  2855:     9609.800     9609.800     9612.080     9612.080     9612.420
  2860:     9612.420     9613.340     9613.340     9613.390     9613.390
  2865:     9613.460     9613.460     9619.570     9619.580     9657.290
  2870:     9658.990     9660.970     9660.970     9660.970     9660.980
  2875:     9662.410     9662.510     9662.590     9662.610     9662.700
  2880:     9663.700     9663.980     9664.180     9665.130     9665.290
  2885:     9666.350     9666.680     9667.000     9668.200     9668.300
  2890:     9669.680     9669.680     9670.970     9670.980     9671.860
  2895:     9671.860     9671.860     9671.870     9673.670     9673.670
  2900:     9681.860     9681.870     9700.620     9700.790     9701.570
  2905:     9702.010     9702.310     9703.530     9703.530     9703.530
  2910:     9703.540     9705.320     9705.450     9705.900     9705.940
  2915:     9706.060     9707.600     9707.680     9708.660     9708.660
  2920:     9708.990     9708.990     9710.000     9710.000     9710.060
  2925:     9710.060     9711.400     9711.400     9711.440     9711.440
  2930:     9711.470     9711.470     9711.620     9711.620     9713.530
  2935:     9713.540     9719.350     9720.650     9727.910     9730.050
  2940:     9754.720     9754.870     9754.880     9755.130     9755.350
  2945:     9755.540     9756.900     9782.550     9782.550     9782.550
  2950:     9782.560     9782.600     9782.600     9782.860     9782.860
  2955:     9783.050     9783.050     9783.090     9783.090     9783.630
  2960:     9783.630     9783.810     9783.810     9784.170     9784.170
  2965:     9785.580     9785.630     9787.190     9791.900     9792.550
  2970:     9792.560     9792.760     9793.060     9793.240     9793.260
  2975:     9793.280     9793.340     9793.570     9794.700     9794.730
  2980:     9796.660     9799.440     9799.490     9800.780     9800.940
  2985:     9802.380     9802.830     9803.100     9804.230     9804.920
  2990:     9805.750     9811.970     9812.120     9813.170     9816.170
  2995:     9818.340     9818.340     9818.340     9818.350     9818.830
  3000:     9818.830     9820.680     9821.060     9821.080     9821.390
  3005:     9822.300     9822.470     9823.240     9823.340     9824.640
  3010:     9825.230     9827.140     9828.340     9828.350     9829.500
  3015:     9829.840     9830.210     9833.160     9833.320     9833.440
  3020:     9836.810     9836.870     9836.910     9836.940     9837.180
  3025:     9837.210     9837.250     9837.330     9837.360     9837.740
  3030:     9838.190     9840.500     9840.740     9840.770     9844.410
  3035:     9844.520     9844.700     9844.770     9844.810     9844.850
  3040:     9844.900     9845.100     9846.200     9847.840     9850.230
  3045:     9850.310     9850.540     9850.570     9853.890     9854.420
  3050:     9854.570     9854.700     9857.540     9858.520     9858.630
  3055:     9859.740     9860.200     9861.570     9861.890     9861.920
  3060:     9863.490     9864.550     9864.620     9865.160     9865.290
  3065:     9867.800     9867.840     9867.990     9868.210     9868.670
  3070:     9870.590     9873.280     9873.280     9873.280     9873.290
  3075:     9873.740     9873.740     9875.170     9875.460     9875.560
  3080:     9875.570     9876.940     9877.400     9877.430     9877.670
  3085:     9878.670     9878.780     9878.800     9879.280     9879.700
  3090:     9879.950     9881.950     9882.340     9882.760     9883.040
  3095:     9883.280     9883.290     9883.290     9889.220     9889.270
  3100:     9889.300     9890.310     9891.280     9891.840     9891.940
  3105:     9892.570     9893.590     9894.440     9896.710     9896.800
  3110:     9898.000     9898.720     9900.170     9902.590     9902.800
  3115:     9904.970     9907.270     9908.720     9909.190     9911.060
  3120:     9911.090     9911.140     9911.190     9912.830     9913.030
  3125:     9913.090     9914.000     9914.140     9914.200     9914.270
  3130:     9916.310     9917.420     9917.720     9919.520     9920.720
  3135:     9922.300     9923.510     9923.510     9923.510     9923.520
  3140:     9924.210     9924.210     9924.330     9924.330     9924.420
  3145:     9924.420     9924.570     9924.570     9926.980     9926.980
  3150:     9933.510     9933.520    10195.130    10195.220    10240.410
  3155:    10249.460    10269.730    10314.030    10321.800    10321.930
  3160:    10321.940    10322.000    10322.020    10322.980    10324.320
  3165:    10333.840    10336.160    10336.190    10336.230    10359.290
  3170:    10362.670    10372.610    10372.630    10372.710    10372.920
  3175:    10373.000    10373.070    10374.360    10374.420    10374.670
  3180:    10374.760    10374.840    10374.940    10375.020    10375.120
  3185:    10418.580    10418.580    10418.580    10418.590    10423.930
  3190:    10423.930    10428.580    10428.590    10488.100    10488.370
  3195:    10488.380    10512.100    10512.320    10513.980    10514.310
  3200:    10514.320    10515.050    10516.780    10516.910    10516.970
  3205:    10516.990    10517.130    10520.590    10577.430    10577.430
  3210:    10577.430    10577.440    10582.370    10585.750    10586.010
  3215:    10586.170    10586.250    10586.280    10586.860    10587.350
  3220:    10587.430    10587.440    10587.890    10642.530    10644.820
  3225:    10673.860    10677.540    10677.540    10677.540    10677.550
  3230:    10677.960    10677.960    10678.380    10678.380    10678.490
  3235:    10678.490    10678.530    10678.530    10678.570    10678.570
  3240:    10678.620    10678.620    10678.740    10678.740    10680.580
  3245:    10681.370    10681.470    10681.520    10684.190    10684.520
  3250:    10684.560    10685.380    10685.700    10687.250    10687.250
  3255:    10687.540    10687.550    10687.560    10687.560    10687.560
  3260:    10687.570    10688.260    10688.260    10688.330    10688.330
  3265:    10688.460    10688.460    10697.560    10697.570    10737.940
  3270:    10769.570    10773.240    10773.560    10773.660    10773.770
  3275:    10774.190    10774.400    10774.640    10776.690    10776.890
  3280:    10783.220    10783.450    10783.570    10786.230    10791.610
  3285:    10791.650    10792.870    10793.150    10793.330    10800.010
