File: C:\MED-PC\Data\2025-03-24_12h45m_Subject 91.txt


Start Date: 03/24/25
End Date: 03/24/25
Subject: 91
Experiment: OralFentSA
Group: One
Box: 8
Start Time: 12:45:10
End Time: 15:48:57
MSN: Golden_Liq_SelfAdmin_EXT
F:       0.000
G:    1595.000
H:   10800.000
I:       0.000
J:       0.000
K:       0.000
L:       0.000
M:       0.000
N:       0.000
O:       0.000
P:       0.000
Q:       0.000
R:       0.000
S:       0.000
U:       0.000
V:       0.000
W:       0.000
X:       0.000
Y:       0.000
Z:       0.000
A:
     0:        0.000        0.000      180.000        4.000        0.000
     5:        5.000        0.000        5.000        0.000        0.000
    10:        1.000        0.000       10.000   100000.000       22.000
    15:       16.000      600.000        0.000        0.000        0.000
    20:        0.000
B:
     0:        0.000        0.000        0.000        0.000        0.000
     5:        0.000        0.000        0.000        0.000        0.000
    10:        0.000        0.000     1000.000 10000000.000        0.000
    15:        0.000        0.000        0.000        0.000        0.000
    20:        0.000
C:
     0:        0.000      116.000      129.000      236.000      412.000
     5:    10799.660       53.130       77.000     2901.720       37.685
    10:      236.000      129.000        0.000        0.000        0.000
    15:        0.000        0.000        0.000        0.000        0.000
    20:        0.000
D:
     0:        4.440        0.600        2.530        2.070        0.030
     5:      119.390      124.860       73.420        6.060       10.150
    10:        0.710        0.540        1.120       45.300       87.760
    15:        9.890        2.680       66.130       49.990        3.040
    20:        4.180       19.470       24.410        9.970        9.050
    25:      112.430       70.560      202.250       70.330        9.690
    30:      211.910        1.950        8.630       11.120        2.200
    35:        2.150        8.740       16.230       23.900       62.320
    40:        6.200       73.920       21.490        2.330       96.870
    45:       49.090        3.510       10.580        9.490        6.860
    50:        4.060        2.880        1.170        1.910        2.480
    55:        2.130       23.380        3.560       27.670       46.680
    60:       70.050      229.600       10.480       16.110        0.950
    65:      133.480       45.610      135.600       11.270       31.180
    70:       45.730      116.590        3.750        8.150       80.510
    75:       21.070       53.130
E:
     0:       19.000       11.000       26.000       27.000        2.000
     5:        4.000       22.000       24.000       12.000       21.000
    10:       22.000       21.000       22.000        6.000       19.000
    15:       11.000        1.000        2.000        4.000       22.000
    20:       24.000       12.000        6.000       19.000       11.000
    25:        6.000        6.000        6.000        6.000        6.000
    30:        6.000        6.000        6.000        6.000        6.000
    35:        6.000        2.000        4.000       22.000       24.000
    40:       12.000        6.000       19.000       11.000        6.000
    45:        2.000        4.000       22.000       24.000       12.000
    50:        6.000       19.000       11.000        6.000        6.000
    55:        2.000        4.000       22.000       24.000       12.000
    60:        6.000        6.000        6.000       19.000       11.000
    65:        2.000        4.000       22.000       24.000       12.000
    70:       19.000       11.000        6.000        6.000        1.000
    75:        6.000        6.000        2.000        4.000       22.000
    80:       24.000       12.000       19.000       11.000        1.000
    85:        1.000        6.000        2.000        4.000       22.000
    90:       24.000       12.000       19.000       11.000        6.000
    95:        2.000        4.000       22.000       24.000       12.000
   100:        6.000        6.000       19.000       11.000        1.000
   105:        1.000        1.000        6.000        6.000        2.000
   110:        4.000       22.000       24.000       12.000       19.000
   115:       11.000        6.000        6.000        2.000        4.000
   120:       22.000       24.000       12.000       21.000       22.000
   125:       19.000       11.000        2.000        4.000       22.000
   130:       24.000       12.000        6.000        6.000        6.000
   135:        6.000       19.000       11.000        6.000        2.000
   140:        4.000       22.000       24.000       12.000       20.000
   145:       19.000       11.000        2.000        4.000       22.000
   150:       24.000       12.000       21.000       22.000       19.000
   155:       11.000        1.000        2.000        4.000       22.000
   160:       24.000       12.000       21.000       22.000       20.000
   165:       20.000       19.000       11.000        2.000        4.000
   170:       22.000       24.000       12.000       19.000       11.000
   175:        1.000        2.000        4.000       22.000       24.000
   180:       12.000        6.000        6.000       21.000       22.000
   185:       21.000       22.000       19.000       11.000        1.000
   190:        1.000        6.000        6.000        6.000        6.000
   195:        2.000        4.000       22.000       24.000       12.000
   200:        6.000        6.000       19.000       11.000        1.000
   205:        1.000        6.000        6.000        6.000        6.000
   210:        6.000        2.000        4.000       22.000       24.000
   215:       12.000       21.000       22.000       19.000       11.000
   220:        2.000        4.000       22.000       24.000       12.000
   225:       19.000       11.000        1.000        1.000        2.000
   230:        4.000       22.000       24.000       12.000       19.000
   235:       11.000        6.000        2.000        4.000       22.000
   240:       24.000       12.000       19.000       11.000        2.000
   245:        4.000       22.000       24.000       12.000       19.000
   250:       11.000        1.000        1.000        6.000        6.000
   255:        6.000        6.000        6.000        6.000        6.000
   260:        6.000        6.000        6.000        1.000        1.000
   265:        1.000        1.000        1.000        1.000        1.000
   270:        2.000        4.000       22.000       24.000       12.000
   275:       21.000       22.000       21.000       22.000       19.000
   280:       11.000        2.000        4.000       22.000       24.000
   285:       12.000       21.000       22.000       21.000       22.000
   290:       21.000       22.000       19.000       11.000        2.000
   295:        4.000       22.000       24.000       12.000       21.000
   300:       22.000       19.000       11.000        1.000        2.000
   305:        4.000       22.000       24.000       12.000       21.000
   310:       22.000        6.000       19.000       11.000        1.000
   315:        1.000        1.000        1.000        1.000        2.000
   320:        4.000       22.000       24.000       12.000       20.000
   325:       19.000       11.000        1.000        2.000        4.000
   330:       22.000       24.000       12.000       21.000       22.000
   335:       21.000       22.000       21.000       22.000        6.000
   340:        6.000        6.000        6.000        6.000       19.000
   345:       11.000        6.000        2.000        4.000       22.000
   350:       24.000       12.000       19.000       11.000        2.000
   355:        4.000       22.000       24.000       12.000       19.000
   360:       11.000        1.000        1.000        1.000        2.000
   365:        4.000       22.000       24.000       12.000       19.000
   370:       11.000        6.000        6.000        6.000        6.000
   375:        6.000        6.000        6.000        6.000        6.000
   380:        6.000        6.000        6.000        2.000        4.000
   385:       22.000       24.000       12.000       20.000       19.000
   390:       11.000        2.000        4.000       22.000       24.000
   395:       12.000       19.000       11.000        6.000        6.000
   400:        6.000        2.000        4.000       22.000       24.000
   405:       12.000       21.000       22.000        6.000       21.000
   410:       22.000       19.000       11.000        1.000        2.000
   415:        4.000       22.000       24.000       12.000       21.000
   420:       22.000       19.000       11.000        1.000        1.000
   425:        1.000        1.000        1.000        2.000        4.000
   430:       22.000       24.000       12.000       21.000       22.000
   435:        6.000        6.000        6.000        6.000       21.000
   440:       22.000       19.000       11.000        2.000        4.000
   445:       22.000       24.000       12.000       19.000       11.000
   450:        2.000        4.000       22.000       24.000       12.000
   455:       19.000       11.000        2.000        4.000       22.000
   460:       24.000       12.000       19.000       11.000        6.000
   465:        6.000        6.000        6.000        6.000        6.000
   470:        2.000        4.000       22.000       24.000       12.000
   475:       19.000       11.000        6.000        6.000        6.000
   480:        2.000        4.000       22.000       24.000       12.000
   485:       21.000       22.000       21.000       22.000        6.000
   490:       19.000       11.000        6.000        6.000        1.000
   495:        1.000        2.000        4.000       22.000       24.000
   500:       12.000       19.000       11.000        2.000        4.000
   505:       22.000       24.000       12.000       21.000       22.000
   510:        6.000       19.000       11.000        1.000        6.000
   515:        6.000        1.000        1.000        1.000        1.000
   520:        2.000        4.000       22.000       24.000       12.000
   525:       19.000       11.000        1.000        6.000        6.000
   530:        6.000        6.000        6.000        2.000        4.000
   535:       22.000       24.000       12.000       19.000       11.000
   540:        1.000        6.000        6.000        6.000        6.000
   545:        6.000        6.000        6.000        6.000        6.000
   550:        6.000        6.000        6.000        6.000        6.000
   555:        6.000        6.000        2.000        4.000       22.000
   560:       24.000       12.000       21.000       22.000       21.000
   565:       22.000       21.000       22.000       21.000       22.000
   570:       19.000       11.000        1.000        1.000        1.000
   575:        1.000        1.000        1.000        1.000        1.000
   580:        1.000        1.000        6.000        2.000        4.000
   585:       22.000       24.000       12.000       21.000       22.000
   590:       21.000       22.000       19.000       11.000        6.000
   595:        6.000        6.000        6.000        2.000        4.000
   600:       22.000       24.000       12.000        6.000       19.000
   605:       11.000        1.000        6.000        2.000        4.000
   610:       22.000       24.000       12.000       21.000       22.000
   615:       19.000       11.000        1.000        1.000        1.000
   620:        6.000        2.000        4.000       22.000       24.000
   625:       12.000       19.000       11.000        2.000        4.000
   630:       22.000       24.000       12.000       19.000       11.000
   635:        1.000        1.000        1.000        2.000        4.000
   640:       22.000       24.000       12.000        6.000        6.000
   645:       19.000       11.000        2.000        4.000       22.000
   650:       24.000       12.000        6.000        6.000        6.000
   655:       19.000       11.000        6.000        6.000        6.000
   660:        2.000        4.000       22.000       24.000       12.000
   665:       19.000       11.000        6.000        6.000        6.000
   670:        6.000        6.000        6.000        2.000        4.000
   675:       22.000       24.000       12.000        6.000       19.000
   680:       11.000        1.000        6.000        6.000        6.000
   685:        2.000        4.000       22.000       24.000       12.000
   690:       19.000       11.000        1.000        2.000        4.000
   695:       22.000       24.000       12.000        6.000        6.000
   700:        6.000       19.000       11.000        1.000        1.000
   705:        1.000        1.000        6.000        2.000        4.000
   710:       22.000       24.000       12.000       21.000       22.000
   715:       21.000       22.000        6.000       19.000       11.000
   720:        2.000        4.000       22.000       24.000       12.000
   725:       21.000       22.000       19.000       11.000        6.000
   730:        2.000        4.000       22.000       24.000       12.000
   735:       21.000       22.000       19.000       11.000        2.000
   740:        4.000       22.000       24.000       12.000       21.000
   745:       22.000       19.000       11.000        1.000        2.000
   750:        4.000       22.000       24.000       12.000       19.000
   755:       11.000        2.000        4.000       22.000       24.000
   760:       12.000       19.000       11.000        2.000        4.000
   765:       22.000       24.000       12.000       21.000       22.000
   770:       21.000       22.000       19.000       11.000        6.000
   775:        1.000        2.000        4.000       22.000       24.000
   780:       12.000       19.000       11.000        6.000        6.000
   785:        6.000        6.000        6.000        6.000        2.000
   790:        4.000       22.000       24.000       12.000       21.000
   795:       22.000       21.000       22.000       21.000       22.000
   800:        6.000        6.000        6.000        6.000        6.000
   805:       19.000       11.000        2.000        4.000       22.000
   810:       24.000       12.000       21.000       22.000       21.000
   815:       22.000       21.000       22.000       21.000       22.000
   820:       21.000       22.000       19.000       11.000        1.000
   825:        6.000        6.000        6.000        6.000        6.000
   830:        1.000        6.000        6.000        6.000        6.000
   835:        6.000        6.000        6.000        6.000        2.000
   840:        4.000       22.000       24.000       12.000       19.000
   845:       11.000        6.000        6.000        6.000        6.000
   850:        6.000        6.000        6.000        2.000        4.000
   855:       22.000       24.000       12.000        6.000        6.000
   860:        6.000        6.000        6.000       19.000       11.000
   865:        2.000        4.000       22.000       24.000       12.000
   870:       20.000       19.000       11.000        1.000        1.000
   875:        6.000        6.000        6.000        2.000        4.000
   880:       22.000       24.000       12.000       19.000       11.000
   885:        6.000        6.000        6.000        6.000        2.000
   890:        4.000       22.000       24.000       12.000        6.000
   895:       19.000       11.000        6.000        2.000        4.000
   900:       22.000       24.000       12.000       21.000       22.000
   905:       21.000       22.000       21.000       22.000       20.000
   910:       19.000       11.000        1.000        1.000        1.000
   915:        2.000        4.000       22.000       24.000       12.000
   920:       21.000       22.000       21.000       22.000       21.000
   925:       22.000       21.000       22.000       21.000       22.000
   930:       21.000       22.000       21.000       22.000       21.000
   935:       22.000       19.000       11.000        6.000        2.000
   940:        4.000       22.000       24.000       12.000       21.000
   945:       22.000       21.000       22.000       21.000       22.000
   950:       21.000       22.000       21.000       22.000       21.000
   955:       22.000       21.000       22.000       21.000       22.000
   960:       21.000       22.000       21.000       22.000       21.000
   965:       22.000       21.000       22.000       21.000       22.000
   970:        6.000        6.000        6.000       19.000       11.000
   975:        2.000        4.000       22.000       24.000       12.000
   980:       21.000       22.000       21.000       22.000       21.000
   985:       22.000       21.000       22.000       21.000       22.000
   990:       19.000       11.000        2.000        4.000       22.000
   995:       24.000       12.000        6.000       19.000       11.000
  1000:        2.000        4.000       22.000       24.000       12.000
  1005:       19.000       11.000        1.000        1.000        1.000
  1010:        2.000        4.000       22.000       24.000       12.000
  1015:        6.000        6.000       21.000       22.000       21.000
  1020:       22.000       19.000       11.000        2.000        4.000
  1025:       22.000       24.000       12.000       21.000       22.000
  1030:       21.000       22.000       21.000       22.000        6.000
  1035:        6.000        6.000       21.000       22.000       21.000
  1040:       22.000       21.000       22.000       21.000       22.000
  1045:       19.000       11.000        2.000        4.000       22.000
  1050:       24.000       12.000       21.000       22.000        6.000
  1055:        6.000        6.000        6.000        6.000        6.000
  1060:       21.000       22.000       21.000       22.000       21.000
  1065:       22.000       21.000       22.000       19.000       11.000
  1070:        2.000        4.000       22.000       24.000       12.000
  1075:       21.000       22.000       21.000       22.000       21.000
  1080:       22.000        6.000        6.000        6.000        6.000
  1085:        6.000        6.000       19.000       11.000        6.000
  1090:        6.000        6.000        6.000        6.000        6.000
  1095:        1.000        1.000        2.000        4.000       22.000
  1100:       24.000       12.000       21.000       22.000        6.000
  1105:        6.000        6.000        6.000        6.000       19.000
  1110:       11.000        6.000        6.000        2.000        4.000
  1115:       22.000       24.000       12.000        6.000       21.000
  1120:       22.000       19.000       11.000        6.000        6.000
  1125:        6.000        6.000        6.000        6.000        6.000
  1130:        2.000        4.000       22.000       24.000       12.000
  1135:       19.000       11.000        6.000        6.000        6.000
  1140:        6.000        6.000        6.000        6.000        2.000
  1145:        4.000       22.000       24.000       12.000        6.000
  1150:        6.000       19.000       11.000        6.000        6.000
  1155:        6.000        6.000        6.000        6.000        6.000
  1160:        1.000        1.000        1.000        6.000        6.000
  1165:        6.000        6.000        6.000        1.000        1.000
  1170:        1.000        2.000        4.000       22.000       24.000
  1175:       12.000       19.000       11.000        6.000        6.000
  1180:        2.000        4.000       22.000       24.000       12.000
  1185:       19.000       11.000        1.000        6.000        2.000
  1190:        4.000       22.000       24.000       12.000       21.000
  1195:       22.000       19.000       11.000        6.000        6.000
  1200:        6.000        6.000        6.000        6.000        6.000
  1205:        6.000        6.000        6.000        2.000        4.000
  1210:       22.000       24.000       12.000       21.000       22.000
  1215:       19.000       11.000        1.000        1.000        1.000
  1220:        1.000        6.000        6.000        1.000        2.000
  1225:        4.000       22.000       24.000       12.000       21.000
  1230:       22.000       19.000       11.000        6.000        6.000
  1235:        2.000        4.000       22.000       24.000       12.000
  1240:       21.000       22.000       21.000       22.000       21.000
  1245:       22.000       21.000       22.000       21.000       22.000
  1250:       21.000       22.000       19.000       11.000        2.000
  1255:        4.000       22.000       24.000       12.000       21.000
  1260:       22.000       21.000       22.000       21.000       22.000
  1265:       19.000       11.000        6.000        6.000        6.000
  1270:        6.000        6.000        6.000        6.000        6.000
  1275:        6.000        6.000        6.000        6.000        6.000
  1280:        6.000        6.000        6.000        6.000        6.000
  1285:        6.000        6.000        6.000        6.000        6.000
  1290:        6.000        6.000        6.000        6.000        6.000
  1295:        6.000        6.000        6.000        6.000        6.000
  1300:        6.000        6.000        6.000        6.000        6.000
  1305:        6.000        6.000        6.000        6.000        6.000
  1310:        6.000        6.000        6.000        6.000        6.000
  1315:        6.000        6.000        1.000        2.000        4.000
  1320:       22.000       24.000       12.000        6.000        6.000
  1325:       21.000       22.000       21.000       22.000       19.000
  1330:       11.000        1.000        2.000        4.000       22.000
  1335:       24.000       12.000       19.000       11.000        1.000
  1340:        1.000        1.000        1.000        2.000        4.000
  1345:       22.000       24.000       12.000       21.000       22.000
  1350:       19.000       11.000        2.000        4.000       22.000
  1355:       24.000       12.000       19.000       11.000        2.000
  1360:        4.000       22.000       24.000       12.000       19.000
  1365:       11.000        1.000        6.000        6.000        2.000
  1370:        4.000       22.000       24.000       12.000       21.000
  1375:       22.000       21.000       22.000       19.000       11.000
  1380:        6.000        6.000        6.000        1.000        2.000
  1385:        4.000       22.000       24.000       12.000       19.000
  1390:       11.000        2.000        4.000       22.000       24.000
  1395:       12.000       21.000       22.000       19.000       11.000
  1400:        1.000        1.000        6.000        6.000        6.000
  1405:        6.000        6.000        6.000        6.000        6.000
  1410:        6.000        6.000        6.000        6.000        6.000
  1415:        6.000        6.000        2.000        4.000       22.000
  1420:       24.000       12.000       19.000       11.000        6.000
  1425:        2.000        4.000       22.000       24.000       12.000
  1430:       19.000       11.000        6.000        6.000        6.000
  1435:        6.000        6.000        6.000        6.000        6.000
  1440:        6.000        6.000        6.000        6.000        6.000
  1445:        6.000        6.000        6.000        6.000        6.000
  1450:        2.000        4.000       22.000       24.000       12.000
  1455:       19.000       11.000        2.000        4.000       22.000
  1460:       24.000       12.000       19.000       11.000        6.000
  1465:        6.000        6.000        6.000        6.000        6.000
  1470:        6.000        6.000        6.000        2.000        4.000
  1475:       22.000       24.000       12.000       20.000       20.000
  1480:       20.000       19.000       11.000        1.000        1.000
  1485:        1.000        1.000        1.000        6.000        2.000
  1490:        4.000       22.000       24.000       12.000        6.000
  1495:        6.000       19.000       11.000        1.000        2.000
  1500:        4.000       22.000       24.000       12.000       21.000
  1505:       22.000        6.000       19.000       11.000        2.000
  1510:        4.000       22.000       24.000       12.000       21.000
  1515:       22.000       19.000       11.000        6.000        6.000
  1520:        6.000        6.000        2.000        4.000       22.000
  1525:       24.000       12.000       21.000       22.000       19.000
  1530:       11.000        6.000        6.000        6.000        6.000
  1535:        6.000        6.000        6.000        6.000        6.000
  1540:        6.000        1.000        1.000        1.000        6.000
  1545:        6.000        6.000        6.000        6.000        1.000
  1550:        2.000        4.000       22.000       24.000       12.000
  1555:       21.000       22.000       19.000       11.000        2.000
  1560:        4.000       22.000       24.000       12.000       19.000
  1565:       11.000        2.000        4.000       22.000       24.000
  1570:       12.000       21.000       22.000       19.000       11.000
  1575:        2.000        4.000       22.000       24.000       12.000
  1580:       21.000       22.000       19.000       11.000        6.000
  1585:        6.000        6.000        6.000        6.000        1.000
  1590:        2.000        4.000       22.000       24.000       12.000
  1595:      100.000
T:
     0:        0.000        0.000        0.000        0.000       22.180
     5:       22.180       22.180       22.190       22.190       22.990
    10:       22.990       25.710       25.710       26.630       32.180
    15:       32.190       42.640       44.970       44.970       44.970
    20:       44.980       44.980       45.580       54.970       54.980
    25:       74.560      220.160      224.160      227.040      229.180
    30:      229.200      261.530      261.790      261.920      262.220
    35:      262.890      269.100      269.100      269.100      269.110
    40:      269.110      271.640      279.100      279.110      312.200
    45:      394.310      394.310      394.310      394.320      394.320
    50:      396.390      404.310      404.320      406.530      406.630
    55:      406.740      406.740      406.740      406.750      406.750
    60:      406.780      407.770      407.880      416.740      416.750
    65:      425.640      425.640      425.640      425.650      425.650
    70:      435.640      435.650      545.040      545.220      552.150
    75:      602.070      606.020      668.050      668.050      668.050
    80:      668.060      668.060      678.050      678.060      728.520
    85:      781.080      792.920      794.690      794.690      794.690
    90:      794.700      794.700      804.690      804.700      868.120
    95:      870.010      870.010      870.010      870.020      870.020
   100:      876.080      877.560      880.010      880.020      918.990
   105:      921.320      979.130      995.320      996.870      999.060
   110:      999.060      999.060      999.070      999.070     1009.060
   115:     1009.070     1009.220     1009.250     1009.400     1009.400
   120:     1009.400     1009.410     1009.410     1009.630     1009.630
   125:     1019.400     1019.410     1024.740     1024.740     1024.740
   130:     1024.750     1024.750     1025.460     1025.850     1028.880
   135:     1028.930     1034.740     1034.750     1224.090     1244.480
   140:     1244.480     1244.480     1244.490     1244.490     1254.460
   145:     1254.480     1254.490     1264.660     1264.660     1264.660
   150:     1264.670     1264.670     1267.290     1267.290     1274.660
   155:     1274.670     1335.610     1385.210     1385.210     1385.210
   160:     1385.220     1385.220     1387.360     1387.360     1392.520
   165:     1393.170     1395.210     1395.220     1440.790     1440.790
   170:     1440.790     1440.800     1440.800     1450.790     1450.800
   175:     1486.570     1491.440     1491.440     1491.440     1491.450
   180:     1491.450     1491.990     1492.160     1494.720     1494.720
   185:     1500.530     1500.530     1501.440     1501.450     1536.870
   190:     1543.680     1755.800     1756.040     1757.010     1757.620
   195:     1780.130     1780.130     1780.130     1780.140     1780.140
   200:     1781.260     1782.750     1790.130     1790.140     1803.830
   205:     1805.230     1816.480     1817.760     1819.150     1835.350
   210:     1835.540     1842.280     1842.280     1842.280     1842.290
   215:     1842.290     1850.720     1850.720     1852.280     1852.290
   220:     1883.880     1883.880     1883.880     1883.890     1883.890
   225:     1893.880     1893.890     1987.850     1991.430     1996.210
   230:     1996.210     1996.210     1996.220     1996.220     2006.210
   235:     2006.220     2041.520     2047.210     2047.210     2047.210
   240:     2047.220     2047.220     2057.210     2057.220     2100.840
   245:     2100.840     2100.840     2100.850     2100.850     2110.840
   250:     2110.850     2135.030     2156.140     2188.610     2190.130
   255:     2190.210     2191.240     2192.520     2193.160     2193.240
   260:     2194.200     2195.930     2201.130     2253.110     2277.840
   265:     2281.830     2282.720     2282.890     2286.780     2296.510
   270:     2342.030     2342.030     2342.030     2342.040     2342.040
   275:     2346.570     2346.570     2347.260     2347.260     2352.030
   280:     2352.040     2352.670     2352.670     2352.670     2352.680
   285:     2352.680     2355.150     2355.150     2355.960     2355.960
   290:     2356.150     2356.150     2362.670     2362.680     2363.950
   295:     2363.950     2363.950     2363.960     2363.960     2366.670
   300:     2366.670     2373.950     2373.960     2374.040     2419.750
   305:     2419.750     2419.750     2419.760     2419.760     2425.850
   310:     2425.850     2429.650     2429.750     2429.760     2464.960
   315:     2469.690     2470.530     2471.200     2471.280     2493.010
   320:     2493.010     2493.010     2493.020     2493.020     2497.830
   325:     2503.010     2503.020     2612.080     2617.940     2617.940
   330:     2617.940     2617.950     2617.950     2618.050     2618.050
   335:     2618.200     2618.200     2620.040     2620.040     2620.630
   340:     2621.020     2627.270     2627.340     2627.540     2627.940
   345:     2627.950     2628.100     2636.550     2636.550     2636.550
   350:     2636.560     2636.560     2646.550     2646.560     2680.960
   355:     2680.960     2680.960     2680.970     2680.970     2690.960
   360:     2690.970     2737.460     2771.080     2777.710     2859.970
   365:     2859.970     2859.970     2859.980     2859.980     2869.970
   370:     2869.980     2926.110     2927.460     2929.280     2929.360
   375:     2929.530     2934.460     2985.300     2986.910     2988.420
   380:     2991.450     2991.600     2991.720     2995.580     2995.580
   385:     2995.580     2995.590     2995.590     3000.850     3005.580
   390:     3005.590     3005.630     3005.630     3005.630     3005.640
   395:     3005.640     3015.630     3015.640     3055.630     3071.680
   400:     3076.390     3088.820     3088.820     3088.820     3088.830
   405:     3088.830     3090.390     3090.390     3091.870     3095.700
   410:     3095.700     3098.820     3098.830     3155.220     3262.650
   415:     3262.650     3262.650     3262.660     3262.660     3264.220
   420:     3264.220     3272.650     3272.660     3273.760     3274.470
   425:     3318.110     3326.070     3334.860     3363.490     3363.490
   430:     3363.490     3363.500     3363.500     3365.580     3365.580
   435:     3367.680     3370.080     3371.370     3371.620     3373.390
   440:     3373.390     3373.490     3373.500     3375.510     3375.510
   445:     3375.510     3375.520     3375.520     3385.510     3385.520
   450:     3387.350     3387.350     3387.350     3387.360     3387.360
   455:     3397.350     3397.360     3404.840     3404.840     3404.840
   460:     3404.850     3404.850     3414.840     3414.850     3424.320
   465:     3429.010     3459.280     3459.400     3459.860     3460.000
   470:     3461.760     3461.760     3461.760     3461.770     3461.770
   475:     3471.760     3471.770     3486.180     3486.530     3486.730
   480:     3493.150     3493.150     3493.150     3493.160     3493.160
   485:     3494.240     3494.240     3498.800     3498.800     3503.130
   490:     3503.150     3503.160     3508.590     3508.690     3531.120
   495:     3566.870     3656.480     3656.480     3656.480     3656.490
   500:     3656.490     3666.480     3666.490     3682.830     3682.830
   505:     3682.830     3682.840     3682.840     3690.740     3690.740
   510:     3691.890     3692.830     3692.840     3709.030     3814.270
   515:     3866.570     3870.340     3878.020     3884.420     3887.050
   520:     3913.860     3913.860     3913.860     3913.870     3913.870
   525:     3923.860     3923.870     4006.710     4026.300     4026.410
   530:     4027.380     4027.430     4027.520     4029.620     4029.620
   535:     4029.620     4029.630     4029.630     4039.620     4039.630
   540:     4054.880     4100.190     4100.650     4100.750     4100.830
   545:     4102.270     4102.300     4104.080     4104.580     4104.890
   550:     4105.450     4105.570     4108.140     4108.410     4109.480
   555:     4111.390     4120.100     4123.930     4123.930     4123.930
   560:     4123.940     4123.940     4125.980     4125.980     4127.190
   565:     4127.190     4128.310     4128.310     4128.810     4128.810
   570:     4133.930     4133.940     4177.140     4253.020     4253.370
   575:     4263.600     4271.770     4272.900     4273.960     4280.170
   580:     4296.340     4298.200     4326.190     4329.000     4329.000
   585:     4329.000     4329.010     4329.010     4330.370     4330.370
   590:     4337.920     4337.920     4339.000     4339.010     4399.340
   595:     4399.740     4400.880     4402.200     4416.680     4416.680
   600:     4416.680     4416.690     4416.690     4426.380     4426.680
   605:     4426.690     4435.970     4457.280     4483.930     4483.930
   610:     4483.930     4483.940     4483.940     4485.820     4485.820
   615:     4493.930     4493.940     4571.490     4625.910     4653.370
   620:     4695.850     4712.830     4712.830     4712.830     4712.840
   625:     4712.840     4722.830     4722.840     4726.610     4726.610
   630:     4726.610     4726.620     4726.620     4736.610     4736.620
   635:     4761.420     4763.000     4775.730     4844.400     4844.400
   640:     4844.400     4844.410     4844.410     4846.360     4846.940
   645:     4854.400     4854.410     4860.420     4860.420     4860.420
   650:     4860.430     4860.430     4869.060     4869.210     4869.380
   655:     4870.420     4870.430     4877.970     4887.570     4887.920
   660:     4891.240     4891.240     4891.240     4891.250     4891.250
   665:     4901.240     4901.250     4902.370     4905.620     4909.510
   670:     4911.360     4914.620     4917.320     4918.990     4918.990
   675:     4918.990     4919.000     4919.000     4921.200     4928.990
   680:     4929.000     4936.260     5058.970     5059.340     5062.270
   685:     5066.070     5066.070     5066.070     5066.080     5066.080
   690:     5076.070     5076.080     5085.850     5246.290     5246.290
   695:     5246.290     5246.300     5246.300     5248.450     5249.040
   700:     5249.240     5256.290     5256.300     5304.930     5310.690
   705:     5336.340     5383.400     5412.960     5416.760     5416.760
   710:     5416.760     5416.770     5416.770     5423.470     5423.470
   715:     5424.710     5424.710     5425.510     5426.760     5426.770
   720:     5465.550     5465.550     5465.550     5465.560     5465.560
   725:     5465.830     5465.830     5475.550     5475.560     5481.790
   730:     5488.630     5488.630     5488.630     5488.640     5488.640
   735:     5489.620     5489.620     5498.630     5498.640     5520.570
   740:     5520.570     5520.570     5520.580     5520.580     5524.310
   745:     5524.310     5530.570     5530.580     5560.870     5587.070
   750:     5587.070     5587.070     5587.080     5587.080     5597.070
   755:     5597.080     5613.200     5613.200     5613.200     5613.210
   760:     5613.210     5623.200     5623.210     5624.560     5624.560
   765:     5624.560     5624.570     5624.570     5626.080     5626.080
   770:     5632.320     5632.320     5634.560     5634.570     5648.470
   775:     5653.200     5657.710     5657.710     5657.710     5657.720
   780:     5657.720     5667.710     5667.720     5720.040     5720.620
   785:     5720.980     5721.880     5727.410     5728.420     5730.660
   790:     5730.660     5730.660     5730.670     5730.670     5733.660
   795:     5733.660     5734.550     5734.550     5735.560     5735.560
   800:     5736.870     5737.030     5737.220     5737.780     5738.100
   805:     5740.660     5740.670     5742.180     5742.180     5742.180
   810:     5742.190     5742.190     5742.550     5742.550     5744.650
   815:     5744.650     5745.860     5745.860     5748.680     5748.680
   820:     5748.990     5748.990     5752.180     5752.190     5780.560
   825:     5816.110     5816.300     5816.610     5819.490     5820.000
   830:     5835.640     5842.950     5845.680     5846.480     5848.980
   835:     5849.100     5850.960     5851.400     5851.490     5979.920
   840:     5979.920     5979.920     5979.930     5979.930     5989.920
   845:     5989.930     6001.420     6001.570     6051.820     6053.430
   850:     6053.870     6053.980     6054.160     6057.430     6057.430
   855:     6057.430     6057.440     6057.440     6059.770     6059.930
   860:     6060.770     6060.860     6060.900     6067.430     6067.440
   865:     6069.310     6069.310     6069.310     6069.320     6069.320
   870:     6073.910     6079.310     6079.320     6085.490     6086.840
   875:     6166.190     6167.250     6168.990     6239.910     6239.910
   880:     6239.910     6239.920     6239.920     6249.910     6249.920
   885:     6289.010     6289.740     6289.780     6304.480     6326.330
   890:     6326.330     6326.330     6326.340     6326.340     6329.850
   895:     6336.330     6336.340     6354.140     6360.310     6360.310
   900:     6360.310     6360.320     6360.320     6360.490     6360.490
   905:     6360.680     6360.680     6361.310     6361.310     6364.120
   910:     6370.310     6370.320     6387.210     6395.240     6426.590
   915:     6616.640     6616.640     6616.640     6616.650     6616.650
   920:     6616.780     6616.780     6620.810     6620.810     6621.280
   925:     6621.280     6623.220     6623.220     6623.730     6623.730
   930:     6624.730     6624.730     6625.710     6625.710     6626.030
   935:     6626.030     6626.640     6626.650     6627.230     6629.300
   940:     6629.300     6629.300     6629.310     6629.310     6629.370
   945:     6629.370     6629.630     6629.630     6630.490     6630.490
   950:     6631.690     6631.690     6632.400     6632.400     6632.590
   955:     6632.590     6634.230     6634.230     6634.630     6634.630
   960:     6634.770     6634.770     6634.950     6634.950     6636.520
   965:     6636.520     6636.810     6636.810     6637.880     6637.880
   970:     6638.800     6638.830     6638.960     6639.300     6639.310
   975:     6641.990     6641.990     6641.990     6642.000     6642.000
   980:     6642.960     6642.960     6643.970     6643.970     6645.110
   985:     6645.110     6647.620     6647.620     6648.850     6648.850
   990:     6651.990     6652.000     6659.710     6659.710     6659.710
   995:     6659.720     6659.720     6666.580     6669.710     6669.720
  1000:     6689.040     6689.040     6689.040     6689.050     6689.050
  1005:     6699.040     6699.050     6712.390     6718.420     6728.630
  1010:     6826.020     6826.020     6826.020     6826.030     6826.030
  1015:     6830.090     6830.400     6834.050     6834.050     6835.310
  1020:     6835.310     6836.020     6836.030     6839.330     6839.330
  1025:     6839.330     6839.340     6839.340     6839.660     6839.660
  1030:     6840.850     6840.850     6841.210     6841.210     6842.220
  1035:     6842.340     6843.300     6844.680     6844.680     6845.430
  1040:     6845.430     6845.540     6845.540     6848.130     6848.130
  1045:     6849.330     6849.340     6851.280     6851.280     6851.280
  1050:     6851.290     6851.290     6851.530     6851.530     6852.460
  1055:     6853.000     6853.220     6853.240     6853.580     6853.660
  1060:     6854.940     6854.940     6855.990     6855.990     6856.900
  1065:     6856.900     6857.260     6857.260     6861.280     6861.290
  1070:     6862.220     6862.220     6862.220     6862.230     6862.230
  1075:     6862.700     6862.700     6862.770     6862.770     6862.950
  1080:     6862.950     6864.140     6864.220     6864.830     6865.080
  1085:     6865.130     6869.660     6872.220     6872.230     6906.070
  1090:     6907.970     6908.030     6908.190     6967.210     7004.800
  1095:     7012.510     7036.680     7059.620     7059.620     7059.620
  1100:     7059.630     7059.630     7060.270     7060.270     7062.110
  1105:     7062.670     7062.720     7063.930     7064.060     7069.620
  1110:     7069.630     7096.670     7108.520     7154.500     7154.500
  1115:     7154.500     7154.510     7154.510     7156.640     7159.150
  1120:     7159.150     7164.500     7164.510     7211.980     7213.550
  1125:     7214.550     7214.910     7215.160     7215.480     7215.510
  1130:     7258.220     7258.220     7258.220     7258.230     7258.230
  1135:     7268.220     7268.230     7281.610     7281.690     7281.720
  1140:     7281.770     7281.840     7281.880     7282.200     7284.380
  1145:     7284.380     7284.380     7284.390     7284.390     7287.950
  1150:     7293.160     7294.380     7294.390     7300.220     7300.420
  1155:     7300.620     7301.120     7357.170     7357.830     7357.960
  1160:     7388.060     7392.820     7393.990     7415.490     7469.560
  1165:     7469.650     7470.130     7470.280     7564.030     7581.550
  1170:     7600.660     7628.050     7628.050     7628.050     7628.060
  1175:     7628.060     7638.050     7638.060     7655.730     7655.920
  1180:     7658.850     7658.850     7658.850     7658.860     7658.860
  1185:     7668.850     7668.860     7702.170     7705.540     7744.100
  1190:     7744.100     7744.100     7744.110     7744.110     7744.870
  1195:     7744.870     7754.100     7754.110     7814.160     7815.120
  1200:     7815.350     7816.590     7837.450     7839.010     7839.160
  1205:     7840.730     7840.750     7840.850     7842.470     7842.470
  1210:     7842.470     7842.480     7842.480     7843.210     7843.210
  1215:     7852.470     7852.480     7874.710     7879.560     7920.280
  1220:     7939.350     8072.080     8072.800     8090.620     8095.060
  1225:     8095.060     8095.060     8095.070     8095.070     8104.010
  1230:     8104.010     8105.060     8105.070     8105.550     8105.970
  1235:     8107.320     8107.320     8107.320     8107.330     8107.330
  1240:     8111.630     8111.630     8112.710     8112.710     8113.110
  1245:     8113.110     8113.650     8113.650     8115.940     8115.940
  1250:     8116.900     8116.900     8117.320     8117.330     8117.350
  1255:     8117.350     8117.350     8117.360     8117.360     8119.030
  1260:     8119.030     8120.300     8120.300     8120.530     8120.530
  1265:     8127.350     8127.360     8133.470     8133.640     8141.370
  1270:     8141.400     8142.000     8142.480     8142.510     8143.350
  1275:     8143.810     8143.850     8143.890     8143.910     8144.510
  1280:     8144.940     8145.990     8149.710     8149.770     8149.870
  1285:     8151.540     8151.770     8156.710     8157.210     8157.240
  1290:     8157.370     8161.740     8162.400     8165.970     8167.200
  1295:     8170.290     8170.310     8172.850     8174.810     8175.890
  1300:     8176.260     8176.370     8177.220     8178.510     8179.070
  1305:     8179.120     8180.440     8202.670     8204.710     8204.830
  1310:     8242.430     8242.620     8243.000     8243.170     8278.650
  1315:     8278.760     8278.850     8284.140     8306.320     8306.320
  1320:     8306.320     8306.330     8306.330     8307.280     8307.480
  1325:     8309.960     8309.960     8311.430     8311.430     8316.320
  1330:     8316.330     8375.690     8671.450     8671.450     8671.450
  1335:     8671.460     8671.460     8681.450     8681.460     8682.590
  1340:     8684.110     8684.930     8687.340     8739.860     8739.860
  1345:     8739.860     8739.870     8739.870     8747.630     8747.630
  1350:     8749.860     8749.870     8771.750     8771.750     8771.750
  1355:     8771.760     8771.760     8781.750     8781.760     8783.320
  1360:     8783.320     8783.320     8783.330     8783.330     8793.320
  1365:     8793.330     8797.920     8916.810     8917.610     9021.320
  1370:     9021.320     9021.320     9021.330     9021.330     9021.720
  1375:     9021.720     9022.080     9022.080     9031.320     9031.330
  1380:     9066.940     9067.130     9068.310     9095.370     9153.630
  1385:     9153.630     9153.630     9153.640     9153.640     9163.630
  1390:     9163.640     9207.650     9207.650     9207.650     9207.660
  1395:     9207.660     9214.410     9214.410     9217.650     9217.660
  1400:     9225.950     9260.470     9343.260     9347.470     9349.310
  1405:     9349.350     9349.380     9350.400     9350.520     9350.690
  1410:     9350.930     9351.090     9351.260     9352.980     9353.850
  1415:     9353.990     9355.860     9375.780     9375.780     9375.780
  1420:     9375.790     9375.790     9385.780     9385.790     9387.060
  1425:     9389.110     9389.110     9389.110     9389.120     9389.120
  1430:     9399.110     9399.120     9420.300     9420.370     9420.430
  1435:     9420.770     9421.150     9458.690     9458.790     9458.880
  1440:     9459.480     9460.160     9460.230     9463.130     9463.180
  1445:     9463.670     9463.870     9469.640     9473.460     9475.050
  1450:     9482.930     9482.930     9482.930     9482.940     9482.940
  1455:     9492.930     9492.940     9497.050     9497.050     9497.050
  1460:     9497.060     9497.060     9507.050     9507.060     9542.790
  1465:     9580.460     9659.940     9666.650     9667.160     9667.190
  1470:     9668.470     9668.510     9671.830     9675.660     9675.660
  1475:     9675.660     9675.670     9675.670     9681.220     9682.760
  1480:     9684.730     9685.660     9685.670     9726.360     9761.050
  1485:     9762.340     9762.810     9762.900     9792.260     9812.910
  1490:     9812.910     9812.910     9812.920     9812.920     9816.670
  1495:     9817.370     9822.910     9822.920     9900.960     9922.330
  1500:     9922.330     9922.330     9922.340     9922.340     9928.970
  1505:     9928.970     9930.490     9932.330     9932.340     9940.000
  1510:     9940.000     9940.000     9940.010     9940.010     9944.000
  1515:     9944.000     9950.000     9950.010    10020.520    10023.640
  1520:    10023.890    10024.230    10026.440    10026.440    10026.440
  1525:    10026.450    10026.450    10031.890    10031.890    10036.440
  1530:    10036.450    10047.520    10048.840    10105.730    10106.170
  1535:    10106.380    10107.470    10107.910    10112.240    10112.390
  1540:    10113.700    10118.190    10134.920    10174.340    10241.210
  1545:    10255.590    10258.340    10262.620    10263.870    10305.880
  1550:    10311.670    10311.670    10311.670    10311.680    10311.680
  1555:    10311.770    10311.770    10321.670    10321.680    10484.500
  1560:    10484.500    10484.500    10484.510    10484.510    10494.500
  1565:    10494.510    10508.870    10508.870    10508.870    10508.880
  1570:    10508.880    10509.710    10509.710    10518.870    10518.880
  1575:    10575.690    10575.690    10575.690    10575.700    10575.700
  1580:    10577.540    10577.540    10585.690    10585.700    10628.830
  1585:    10629.520    10697.070    10748.960    10749.890    10789.430
  1590:    10799.650    10799.650    10799.650    10799.660    10799.660
  1595:    10800.000
