File: C:\MED-PC IV\DATA\!2025-03-04_08h59m.Subject 59



Start Date: 03/04/25
End Date: 03/04/25
Subject: 59
Experiment: OralFentSA
Group: One
Box: 3
Start Time:  8:59:21
End Time: 11:59:35
MSN: Golden_Liq_SelfAdmin_EXT
F:       0.000
G:     388.000
H:   10800.010
I:       0.000
J:       0.000
K:       0.000
L:       0.000
M:       0.000
N:       0.000
O:       0.000
P:       0.000
Q:       0.000
R:       0.000
S:       0.000
U:       0.000
V:       0.000
W:       0.000
X:       0.000
Y:       0.000
Z:       0.000
A:
     0:        0.000        0.000      180.000        4.000        0.000
     5:        5.000        0.000        5.000        0.000        0.000
    10:        1.000        0.000       10.000 100000000.00       27.000
    15:       17.000      640.000        0.000        0.000        0.000
    20:        0.000
B:
     0:        0.000        0.000        0.000        0.000        0.000
     5:        0.000        0.000        0.000        0.000        0.000
    10:        0.000        0.000        0.000 10000000000.        0.000
    15:        0.000        0.000        0.000        0.000        0.000
    20:        0.000
C:
     0:        0.000        1.000        0.000        0.000      384.000
     5:        0.000        0.000        0.000        0.000        0.000
    10:        0.000        0.000        0.000        0.000        0.000
    15:        0.000        0.000        0.000        0.000        0.000
    20:        0.000
D:
E:
     0:       19.000       11.000       26.000       27.000        6.000
     5:        6.000        6.000        6.000        6.000        6.000
    10:        6.000        6.000        6.000        6.000        6.000
    15:        6.000        6.000        6.000        6.000        6.000
    20:        6.000        6.000        6.000        6.000        6.000
    25:        6.000        6.000        6.000        6.000        6.000
    30:        6.000        6.000        6.000        6.000        6.000
    35:        6.000        6.000        6.000        6.000        6.000
    40:        6.000        6.000        6.000        6.000        6.000
    45:        6.000        6.000        6.000        6.000        6.000
    50:        6.000        6.000        6.000        6.000        6.000
    55:        6.000        6.000        6.000        6.000        6.000
    60:        6.000        6.000        6.000        6.000        6.000
    65:        6.000        6.000        6.000        6.000        6.000
    70:        6.000        6.000        6.000        6.000        6.000
    75:        6.000        6.000        6.000        6.000        6.000
    80:        6.000        6.000        6.000        6.000        6.000
    85:        6.000        6.000        6.000        6.000        6.000
    90:        6.000        6.000        6.000        6.000        6.000
    95:        6.000        6.000        6.000        6.000        6.000
   100:        6.000        6.000        6.000        6.000        6.000
   105:        6.000        6.000        6.000        6.000        6.000
   110:        6.000        6.000        6.000        6.000        6.000
   115:        6.000        6.000        6.000        6.000        6.000
   120:        6.000        6.000        6.000        6.000        6.000
   125:        6.000        6.000        6.000        6.000        6.000
   130:        6.000        6.000        6.000        6.000        6.000
   135:        6.000        6.000        6.000        6.000        6.000
   140:        6.000        6.000        6.000        6.000        6.000
   145:        6.000        6.000        6.000        6.000        6.000
   150:        6.000        6.000        6.000        6.000        6.000
   155:        6.000        6.000        6.000        6.000        6.000
   160:        6.000        6.000        6.000        6.000        6.000
   165:        6.000        6.000        6.000        6.000        6.000
   170:        6.000        6.000        6.000        6.000        6.000
   175:        6.000        6.000        6.000        6.000        6.000
   180:        6.000        6.000        6.000        6.000        6.000
   185:        6.000        6.000        6.000        6.000        6.000
   190:        6.000        6.000        6.000        6.000        6.000
   195:        6.000        6.000        6.000        6.000        6.000
   200:        6.000        6.000        6.000        6.000        6.000
   205:        6.000        6.000        6.000        6.000        6.000
   210:        6.000        6.000        6.000        6.000        6.000
   215:        6.000        6.000        6.000        6.000        6.000
   220:        6.000        6.000        6.000        6.000        6.000
   225:        6.000        6.000        6.000        6.000        6.000
   230:        6.000        6.000        6.000        6.000        6.000
   235:        6.000        6.000        6.000        6.000        6.000
   240:        6.000        6.000        6.000        6.000        6.000
   245:        6.000        6.000        6.000        6.000        6.000
   250:        6.000        6.000        6.000        6.000        6.000
   255:        6.000        6.000        6.000        6.000        6.000
   260:        6.000        6.000        6.000        6.000        6.000
   265:        6.000        6.000        6.000        6.000        6.000
   270:        6.000        6.000        6.000        6.000        6.000
   275:        6.000        6.000        6.000        6.000        6.000
   280:        6.000        6.000        6.000        6.000        6.000
   285:        6.000        6.000        6.000        6.000        6.000
   290:        6.000        6.000        6.000        6.000        6.000
   295:        6.000        6.000        6.000        6.000        6.000
   300:        6.000        6.000        6.000        6.000        6.000
   305:        6.000        6.000        6.000        6.000        6.000
   310:        6.000        6.000        6.000        6.000        6.000
   315:        6.000        6.000        6.000        6.000        6.000
   320:        6.000        6.000        6.000        6.000        6.000
   325:        6.000        6.000        6.000        6.000        6.000
   330:        6.000        6.000        6.000        6.000        6.000
   335:        6.000        6.000        6.000        6.000        6.000
   340:        6.000        6.000        6.000        6.000        6.000
   345:        6.000        6.000        6.000        6.000        6.000
   350:        6.000        6.000        6.000        6.000        6.000
   355:        6.000        6.000        6.000        6.000        6.000
   360:        6.000        6.000        6.000        6.000        6.000
   365:        6.000        6.000        6.000        6.000        6.000
   370:        6.000        6.000        6.000        6.000        6.000
   375:        6.000        6.000        6.000        6.000        6.000
   380:        6.000        6.000        6.000        6.000        6.000
   385:        6.000        6.000        6.000      100.000
T:
     0:        0.000        0.000        0.000        0.000       39.000
     5:       71.810       99.980      120.300      396.120      397.920
    10:      398.250      398.580      399.660      412.090      412.270
    15:      469.060      469.320      469.450      469.950      470.210
    20:      470.340      492.910      802.210      912.470     1334.880
    25:     1339.730     1432.200     1432.420     1434.740     1437.400
    30:     1441.820     1442.370     1776.590     1777.810     1790.970
    35:     1791.770     1837.590     1918.850     3743.620     3768.530
    40:     5960.030     6005.500     6005.920     6100.010     6166.540
    45:     6166.750     6188.310     6371.860     6680.070     6684.950
    50:     6685.440     6756.770     6820.610     6820.850     6840.830
    55:     6842.170     6898.270     7027.350     7028.190     7060.870
    60:     7147.750     7258.490     7262.550     7287.120     7353.980
    65:     7463.250     7467.940     7468.430     7485.680     7487.450
    70:     7491.240     7491.960     7492.230     7492.330     7492.400
    75:     7498.360     7499.630     7500.620     7501.220     7504.110
    80:     7504.840     7505.990     7520.000     7524.770     7525.510
    85:     7525.980     7526.080     7526.120     7528.880     7531.800
    90:     7532.240     7533.040     7533.130     7533.180     7533.310
    95:     7533.420     7536.810     7537.110     7538.780     7539.880
   100:     7541.080     7541.410     7542.240     7542.280     7542.410
   105:     7545.020     7545.880     7546.080     7548.190     7548.560
   110:     7549.210     7549.390     7549.780     7549.890     7550.590
   115:     7566.110     7567.820     7568.050     7568.090     7568.210
   120:     7568.620     7569.030     7569.290     7569.370     7569.730
   125:     7571.130     7572.750     7576.970     7577.040     7577.070
   130:     7577.110     7577.140     7577.860     7578.060     7578.240
   135:     7578.330     7580.470     7580.710     7580.810     7580.850
   140:     7582.290     7582.360     7589.050     7703.140     7732.550
   145:     7732.570     7733.100     7733.560     7735.610     7737.600
   150:     7737.640     7783.490     7790.220     7798.340     7844.650
   155:     7844.770     7852.260     7852.410     7853.110     7853.210
   160:     7853.240     7853.250     7853.300     7853.350     7853.480
   165:     7853.800     7917.770     7918.340     8010.480     8022.400
   170:     8068.710     8068.740     8068.840     8069.010     8069.140
   175:     8078.540     8078.640     8081.010     8081.330     8081.560
   180:     8081.680     8082.260     8082.310     8082.620     8082.880
   185:     8083.660     8083.670     8083.850     8083.900     8087.190
   190:     8089.200     8090.000     8091.700     8091.750     8092.150
   195:     8092.860     8092.900     8093.660     8093.980     8095.160
   200:     8095.370     8095.510     8107.080     8108.560     8110.100
   205:     8112.880     8113.180     8113.200     8113.680     8113.850
   210:     8114.190     8114.210     8114.490     8115.850     8116.110
   215:     8116.130     8116.590     8116.880     8117.530     8139.730
   220:     8139.930     8142.350     8152.940     8155.000     8214.620
   225:     8214.630     8217.790     8782.330     8982.490     8982.600
   230:     8982.730     8986.030     8986.310     8986.480     8986.530
   235:     9017.090     9163.870     9164.880     9191.090     9191.170
   240:     9191.250     9192.150     9192.180     9221.280     9221.770
   245:     9226.240     9227.110     9227.720     9228.810     9229.880
   250:     9231.770     9232.500     9232.540     9232.610     9233.150
   255:     9233.410     9233.450     9234.770     9236.020     9236.500
   260:     9236.750     9238.590     9240.010     9240.210     9240.480
   265:     9241.510     9242.510     9242.870     9243.030     9243.110
   270:     9244.180     9300.900     9303.310     9304.800     9305.120
   275:     9305.400     9305.430     9305.600     9305.650     9305.910
   280:     9306.050     9306.230     9343.320     9352.950     9353.080
   285:     9365.180     9417.020     9417.380     9439.940     9727.520
   290:     9758.830     9785.740     9785.780     9785.850     9785.880
   295:     9785.990     9786.310     9787.290     9789.530     9789.580
   300:     9789.690     9789.880     9790.010     9791.820     9794.040
   305:     9829.400     9843.170     9926.710     9927.650     9929.560
   310:     9929.630     9930.110     9942.620     9946.870     9946.970
   315:     9947.040    10021.910    10021.920    10024.650    10057.140
   320:    10057.280    10084.670    10095.680    10096.220    10167.520
   325:    10169.570    10169.620    10169.830    10207.980    10208.010
   330:    10208.290    10209.850    10210.650    10210.780    10210.810
   335:    10211.560    10211.790    10211.920    10213.650    10213.860
   340:    10214.260    10216.240    10216.630    10220.280    10220.730
   345:    10220.810    10220.960    10222.270    10222.450    10267.810
   350:    10338.210    10339.140    10360.080    10362.990    10586.110
   355:    10686.650    10695.240    10752.260    10755.760    10755.830
   360:    10755.890    10756.600    10758.520    10759.020    10759.180
   365:    10759.580    10759.690    10759.800    10760.660    10760.940
   370:    10761.040    10761.100    10761.130    10761.690    10762.440
   375:    10762.530    10763.050    10764.730    10764.900    10764.980
   380:    10765.080    10765.170    10765.360    10767.410    10767.470
   385:    10767.670    10791.510    10798.380    10800.010
