File: C:\MED-PC IV\DATA\!2025-03-04_12h26m.Subject 70



Start Date: 03/04/25
End Date: 03/04/25
Subject: 70
Experiment: OralFentSA
Group: One
Box: 6
Start Time: 12:26:33
End Time: 15:27:07
MSN: Golden_Liq_SelfAdmin_EXT
F:       0.000
G:    2535.000
H:   10800.010
I:       0.000
J:       0.000
K:       0.000
L:       0.000
M:       0.000
N:       0.000
O:       0.000
P:       0.000
Q:       0.000
R:       0.000
S:       0.000
U:       0.000
V:       0.000
W:       0.000
X:       0.000
Y:       0.000
Z:       0.000
A:
     0:        0.000        0.000      180.000        4.000        0.000
     5:        5.000        0.000        5.000        0.000        0.000
    10:        1.000        0.000       10.000 100000000.00       27.000
    15:       17.000      640.000        0.000        0.000        0.000
    20:        0.000
B:
     0:        0.000        0.000        0.000        0.000        0.000
     5:        0.000        0.000        0.000        0.000        0.000
    10:        0.000        0.000     1000.000 10000000000.        0.000
    15:        0.000        0.000        0.000        0.000        0.000
    20:        0.000
C:
     0:        0.000       30.000        0.000       73.000     2211.000
     5:    10403.120        1.720       24.000     1148.560       47.857
    10:       73.000       58.000        0.000        0.000        0.000
    15:        0.000        0.000        0.000        0.000        0.000
    20:        0.000
D:
     0:       78.390       42.590       21.480      204.770        1.810
     5:       13.740       54.720        3.030       72.970       93.170
    10:        9.700        2.190       47.620        6.860        2.380
    15:       60.740       63.630       10.330       94.150      216.100
    20:       42.780        0.580        3.110        1.720
E:
     0:       19.000       11.000       26.000       27.000       23.000
     5:        6.000        6.000        6.000        6.000        6.000
    10:        6.000        6.000        6.000        2.000        4.000
    15:       22.000       24.000       21.000       22.000       19.000
    20:       11.000        6.000        6.000        6.000        6.000
    25:        6.000        6.000        6.000        6.000        6.000
    30:       23.000        6.000       23.000       23.000       23.000
    35:        2.000        4.000       22.000       24.000       21.000
    40:       22.000       19.000       11.000        6.000        6.000
    45:        6.000        6.000        6.000        6.000        6.000
    50:        6.000        6.000        6.000        6.000        6.000
    55:        6.000        6.000        6.000        6.000        6.000
    60:        6.000        6.000        6.000        6.000        6.000
    65:        6.000        6.000        6.000        6.000        6.000
    70:        6.000        6.000        6.000        6.000        6.000
    75:        6.000        6.000        6.000        2.000        4.000
    80:       22.000       24.000       21.000       22.000       21.000
    85:       22.000       19.000       11.000        6.000        6.000
    90:        6.000        6.000        6.000        6.000        2.000
    95:        4.000       22.000       24.000       21.000       22.000
   100:       21.000       22.000       19.000       11.000        6.000
   105:       23.000       23.000       23.000       23.000        6.000
   110:        6.000        6.000        2.000        4.000       22.000
   115:       24.000        6.000        6.000        6.000        6.000
   120:        6.000        6.000        6.000       19.000       11.000
   125:        6.000        6.000        6.000       23.000       23.000
   130:       23.000       23.000       23.000       23.000       23.000
   135:       23.000        6.000        6.000        6.000        6.000
   140:        6.000        6.000        6.000        6.000        6.000
   145:        6.000        6.000        6.000        6.000        6.000
   150:        6.000        6.000        6.000        6.000        6.000
   155:        6.000        6.000        6.000        6.000        6.000
   160:        6.000        6.000        6.000        6.000        6.000
   165:        6.000        6.000        6.000        6.000        6.000
   170:        6.000        6.000        6.000        6.000        6.000
   175:        6.000        6.000        6.000        6.000        6.000
   180:        6.000        6.000        6.000        6.000        6.000
   185:        6.000        6.000        6.000        6.000        6.000
   190:        6.000        6.000        6.000        2.000        4.000
   195:       22.000       24.000       21.000       22.000       21.000
   200:       22.000       21.000       22.000       19.000       11.000
   205:        6.000       23.000        6.000        6.000        6.000
   210:        6.000        6.000       23.000        6.000       23.000
   215:        6.000        6.000        6.000        6.000        6.000
   220:        6.000        6.000        6.000        6.000        6.000
   225:        6.000        6.000        6.000        6.000        6.000
   230:        6.000       23.000        6.000        6.000        6.000
   235:        6.000        6.000       23.000       23.000        6.000
   240:        6.000        6.000        6.000        6.000        6.000
   245:        6.000        6.000        6.000        6.000        6.000
   250:       23.000        6.000        6.000        6.000        6.000
   255:        6.000        6.000        6.000        6.000        6.000
   260:        6.000        6.000        6.000        6.000        6.000
   265:        2.000        4.000       22.000       24.000       21.000
   270:       22.000       21.000       22.000       19.000       11.000
   275:        6.000        6.000        6.000        6.000        6.000
   280:        6.000        6.000        6.000        6.000        6.000
   285:        6.000        6.000        6.000        6.000        6.000
   290:        6.000        6.000        6.000        6.000        6.000
   295:        6.000        6.000        6.000        6.000        6.000
   300:        6.000        6.000        6.000        6.000        6.000
   305:        6.000        6.000        6.000        6.000        6.000
   310:        6.000        6.000        6.000        6.000        6.000
   315:        6.000        6.000        6.000        6.000        6.000
   320:        6.000        6.000        6.000        6.000        6.000
   325:        6.000        6.000        6.000        6.000        6.000
   330:        6.000        6.000        6.000        6.000        6.000
   335:        6.000        6.000        6.000        6.000        6.000
   340:        6.000        6.000        6.000        6.000        6.000
   345:        6.000        6.000        6.000        6.000        6.000
   350:        6.000        6.000        6.000        6.000        6.000
   355:        6.000        6.000        6.000        6.000        6.000
   360:        6.000        6.000        6.000        6.000        6.000
   365:        6.000        6.000        6.000        6.000        6.000
   370:        6.000        6.000        2.000        4.000       22.000
   375:       24.000        6.000       19.000       11.000        6.000
   380:        6.000        6.000        2.000        4.000       22.000
   385:       24.000       19.000       11.000        6.000       23.000
   390:       23.000        6.000        6.000        6.000        2.000
   395:        4.000       22.000       24.000       19.000       11.000
   400:        6.000        6.000        6.000        6.000       23.000
   405:       23.000        6.000        6.000        6.000       23.000
   410:        6.000        6.000        6.000        6.000        6.000
   415:        6.000        6.000        6.000        6.000        6.000
   420:        6.000        6.000        6.000        6.000        6.000
   425:        6.000        6.000        6.000        6.000        6.000
   430:        6.000        6.000        6.000        6.000        6.000
   435:        6.000        6.000        6.000        6.000        6.000
   440:        6.000        6.000        6.000        6.000        6.000
   445:        6.000        6.000        6.000        6.000        6.000
   450:        6.000        6.000        6.000        6.000        6.000
   455:        6.000        6.000        6.000        6.000        6.000
   460:        6.000        6.000        6.000        6.000        6.000
   465:        6.000        6.000        6.000        6.000        6.000
   470:        6.000        6.000        6.000        6.000        6.000
   475:        6.000        6.000        6.000        6.000        6.000
   480:        6.000        6.000        6.000        6.000        6.000
   485:        6.000        6.000        6.000        6.000        6.000
   490:        6.000        6.000        6.000        6.000        6.000
   495:        6.000        6.000        6.000        6.000        6.000
   500:        6.000        6.000        6.000        6.000        6.000
   505:        6.000        6.000        6.000        6.000        6.000
   510:        6.000        6.000        6.000        6.000        6.000
   515:        6.000        6.000        6.000        6.000        6.000
   520:        6.000        6.000        6.000        6.000        6.000
   525:        6.000        6.000        6.000        6.000        6.000
   530:        6.000        6.000        6.000        6.000        6.000
   535:        6.000        6.000        6.000        6.000        6.000
   540:        6.000        6.000        6.000        6.000        6.000
   545:        6.000        6.000        6.000        6.000        6.000
   550:        6.000        6.000        6.000        6.000        6.000
   555:        6.000        6.000        6.000        6.000        6.000
   560:        6.000        6.000        6.000        6.000        6.000
   565:        6.000        6.000        6.000        6.000        6.000
   570:        6.000        6.000        6.000        6.000        6.000
   575:        6.000        6.000        6.000        6.000        6.000
   580:        6.000        6.000        6.000        6.000        6.000
   585:        6.000        6.000        6.000        6.000        6.000
   590:        6.000        6.000        6.000        6.000        6.000
   595:        6.000        6.000        6.000        6.000        6.000
   600:        6.000        6.000        6.000        6.000        6.000
   605:        6.000        6.000        6.000        6.000        6.000
   610:        6.000        6.000        6.000        6.000        6.000
   615:        6.000        6.000        6.000        6.000        6.000
   620:        6.000        6.000        6.000        6.000        6.000
   625:        6.000        6.000        6.000        6.000        6.000
   630:        6.000        6.000        6.000        6.000        6.000
   635:        6.000        6.000        6.000        6.000        6.000
   640:        6.000        6.000        6.000        6.000        6.000
   645:        6.000        6.000        6.000        6.000        6.000
   650:        6.000        6.000        6.000        6.000        6.000
   655:        6.000        6.000        6.000        6.000        6.000
   660:        6.000        6.000        6.000        6.000        6.000
   665:        6.000        6.000        6.000        6.000        6.000
   670:        6.000        6.000        6.000        6.000        6.000
   675:        6.000        6.000        6.000        6.000        6.000
   680:        6.000        6.000       23.000       23.000       23.000
   685:       23.000        6.000        6.000        6.000        6.000
   690:       23.000        2.000        4.000       22.000       24.000
   695:       21.000       22.000       19.000       11.000        2.000
   700:        4.000       22.000       24.000       21.000       22.000
   705:       19.000       11.000        2.000        4.000       22.000
   710:       24.000       21.000       22.000       21.000       22.000
   715:       19.000       11.000        2.000        4.000       22.000
   720:       24.000        6.000        6.000       19.000       11.000
   725:        6.000        6.000        6.000        6.000        6.000
   730:        6.000        6.000        6.000        6.000        6.000
   735:        6.000        6.000        6.000        6.000        6.000
   740:        6.000        6.000        6.000        6.000        6.000
   745:        6.000        6.000        6.000        6.000        6.000
   750:        6.000        6.000        6.000        6.000        6.000
   755:        6.000        6.000        6.000        6.000        6.000
   760:        6.000        6.000        6.000        6.000        6.000
   765:        6.000        6.000        6.000        6.000        6.000
   770:        6.000        6.000        6.000        6.000        6.000
   775:        6.000        6.000        6.000        6.000        6.000
   780:        6.000       23.000       23.000       23.000        6.000
   785:        6.000        2.000        4.000       22.000       24.000
   790:       21.000       22.000        6.000        6.000        6.000
   795:        6.000        6.000        6.000        6.000        6.000
   800:       19.000       11.000        6.000        6.000        6.000
   805:        6.000        6.000        6.000        6.000        6.000
   810:        6.000        6.000        6.000        6.000        6.000
   815:        6.000        6.000        6.000        6.000        6.000
   820:        6.000        6.000        6.000        6.000        6.000
   825:        6.000        6.000        6.000        6.000        6.000
   830:        6.000        6.000        6.000        6.000        6.000
   835:        6.000        6.000        6.000        6.000        6.000
   840:        6.000        6.000        6.000        6.000        6.000
   845:        6.000        6.000        6.000        6.000        6.000
   850:        6.000        6.000        6.000        6.000        6.000
   855:        6.000        6.000        6.000        6.000        6.000
   860:        6.000        6.000        6.000        6.000        6.000
   865:        6.000        6.000        6.000        6.000        6.000
   870:        6.000        6.000        6.000        6.000        6.000
   875:        6.000        6.000        6.000        6.000        6.000
   880:        6.000        6.000        6.000        6.000        6.000
   885:        6.000        6.000        6.000        6.000        6.000
   890:        6.000        6.000        6.000        6.000        6.000
   895:        6.000        6.000        6.000        6.000        6.000
   900:        6.000        6.000        6.000        6.000        6.000
   905:        6.000        6.000        6.000        6.000        6.000
   910:        6.000        6.000        6.000        6.000        6.000
   915:        6.000        6.000        6.000        6.000        6.000
   920:        6.000        6.000        6.000        6.000        6.000
   925:        6.000        6.000        6.000        6.000        6.000
   930:        6.000        6.000        6.000        6.000        6.000
   935:        6.000        6.000        6.000        6.000        6.000
   940:        6.000        6.000        6.000        6.000        6.000
   945:        6.000        6.000        6.000        6.000        6.000
   950:        6.000        6.000        6.000        6.000        6.000
   955:        6.000        6.000        6.000        6.000        6.000
   960:        6.000        6.000        6.000        6.000        6.000
   965:        6.000        6.000        6.000       23.000       23.000
   970:        6.000        6.000        6.000        6.000        6.000
   975:        6.000        6.000        6.000        6.000        6.000
   980:        6.000        6.000        6.000        6.000        6.000
   985:        6.000        6.000        6.000        6.000        6.000
   990:        6.000        6.000        6.000        6.000        6.000
   995:        6.000        6.000        6.000        6.000        6.000
  1000:        6.000        6.000        6.000        6.000        6.000
  1005:        6.000        6.000        6.000        6.000        6.000
  1010:        6.000        6.000        6.000        6.000        6.000
  1015:        6.000        6.000        6.000        6.000        6.000
  1020:        6.000        6.000        6.000        6.000        6.000
  1025:        6.000        6.000        6.000        6.000        6.000
  1030:        2.000        4.000       22.000       24.000       19.000
  1035:       11.000       23.000       23.000       23.000       23.000
  1040:        6.000        6.000        6.000        6.000        6.000
  1045:        6.000        6.000        6.000        6.000        6.000
  1050:        6.000        6.000        6.000        6.000        6.000
  1055:        6.000        6.000        6.000        6.000        6.000
  1060:        6.000        6.000        6.000        6.000        6.000
  1065:        6.000        6.000        6.000        6.000        6.000
  1070:        6.000        6.000        6.000        6.000        6.000
  1075:        6.000        6.000        6.000        6.000        6.000
  1080:        6.000        6.000        6.000        6.000        6.000
  1085:        6.000        6.000        6.000        6.000        6.000
  1090:        6.000        6.000        6.000        2.000        4.000
  1095:       22.000       24.000       19.000       11.000       23.000
  1100:       23.000       23.000       23.000        2.000        4.000
  1105:       22.000       24.000       21.000       22.000       21.000
  1110:       22.000       21.000       22.000        6.000       21.000
  1115:       22.000       19.000       11.000        6.000        6.000
  1120:        6.000        6.000        6.000        6.000        6.000
  1125:        6.000        6.000        6.000        6.000        6.000
  1130:        6.000        6.000        6.000        6.000        6.000
  1135:        6.000        6.000        6.000        6.000        6.000
  1140:        6.000        6.000        6.000        6.000        6.000
  1145:        6.000        6.000        6.000        6.000        6.000
  1150:        6.000        6.000        6.000        6.000        6.000
  1155:        6.000        6.000        6.000        6.000        6.000
  1160:        6.000        6.000        6.000        6.000        6.000
  1165:        6.000        6.000        6.000       23.000       23.000
  1170:        6.000       23.000        6.000        6.000        6.000
  1175:        6.000        2.000        4.000       22.000       24.000
  1180:        6.000        6.000        6.000       21.000       22.000
  1185:       21.000       22.000       21.000       22.000       21.000
  1190:       22.000       21.000       22.000       21.000       22.000
  1195:       21.000       22.000       19.000       11.000        2.000
  1200:        4.000       22.000       24.000       21.000       22.000
  1205:       21.000       22.000       21.000       22.000       21.000
  1210:       22.000       21.000       22.000       21.000       22.000
  1215:       21.000       22.000       21.000       22.000       19.000
  1220:       11.000        2.000        4.000       22.000       24.000
  1225:       21.000       22.000       21.000       22.000       21.000
  1230:       22.000       21.000       22.000       21.000       22.000
  1235:       21.000       22.000       21.000       22.000       19.000
  1240:       11.000        6.000        2.000        4.000       22.000
  1245:       24.000       19.000       11.000        6.000        6.000
  1250:        6.000        6.000        6.000        6.000        6.000
  1255:        6.000        6.000        6.000        6.000        2.000
  1260:        4.000       22.000       24.000       19.000       11.000
  1265:        6.000        6.000        6.000        6.000        6.000
  1270:        6.000       23.000       23.000        6.000        6.000
  1275:        6.000        6.000        2.000        4.000       22.000
  1280:       24.000       19.000       11.000        6.000        6.000
  1285:        6.000        6.000        6.000        6.000        6.000
  1290:        6.000        6.000        6.000        6.000        6.000
  1295:        6.000        6.000        6.000        6.000        6.000
  1300:        6.000        6.000        6.000        6.000        6.000
  1305:        6.000        6.000        6.000        6.000        6.000
  1310:        6.000        6.000        6.000        6.000        6.000
  1315:        6.000        6.000        6.000        6.000        6.000
  1320:        6.000        6.000        6.000        6.000        6.000
  1325:        6.000        6.000        6.000        6.000        6.000
  1330:        6.000        6.000        6.000        6.000        6.000
  1335:        6.000        6.000        6.000        6.000        6.000
  1340:        6.000        6.000        6.000        6.000        6.000
  1345:        6.000        6.000        6.000        6.000        6.000
  1350:        6.000        6.000        6.000        6.000        6.000
  1355:        6.000        6.000        6.000        6.000        6.000
  1360:        6.000        6.000        6.000        6.000        6.000
  1365:        6.000        6.000        6.000        6.000        6.000
  1370:        6.000        6.000        6.000        6.000        6.000
  1375:        6.000       23.000       23.000       23.000        6.000
  1380:        6.000        6.000        6.000        6.000        2.000
  1385:        4.000       22.000       24.000       21.000       22.000
  1390:       19.000       11.000       23.000        6.000        6.000
  1395:        6.000        6.000        6.000        6.000        6.000
  1400:        6.000        6.000        6.000        6.000        6.000
  1405:        6.000        6.000        6.000        6.000        6.000
  1410:        6.000        6.000        6.000        6.000        6.000
  1415:        6.000        6.000        6.000        6.000        6.000
  1420:        6.000        6.000        6.000        6.000        6.000
  1425:        6.000        6.000        6.000        6.000        6.000
  1430:        6.000        6.000        6.000        6.000        6.000
  1435:        6.000        6.000        6.000        6.000        6.000
  1440:        6.000        6.000        6.000        6.000        6.000
  1445:        6.000        6.000        6.000        6.000        6.000
  1450:        6.000        6.000        6.000        6.000        6.000
  1455:        6.000        6.000        6.000        6.000        6.000
  1460:        6.000        6.000        6.000        2.000        4.000
  1465:       22.000       24.000       21.000       22.000       19.000
  1470:       11.000        6.000        6.000        6.000        6.000
  1475:        6.000        6.000        6.000        6.000        6.000
  1480:        6.000        6.000        6.000        6.000        6.000
  1485:        6.000        6.000        6.000        6.000        6.000
  1490:        6.000        6.000        6.000        6.000        6.000
  1495:        6.000        6.000        6.000        6.000        6.000
  1500:        6.000        6.000        6.000        6.000        6.000
  1505:        6.000        6.000        6.000        6.000        6.000
  1510:        6.000        6.000        6.000        6.000        6.000
  1515:        6.000        6.000        6.000        6.000        6.000
  1520:        6.000        6.000        6.000        6.000        6.000
  1525:        6.000        6.000        6.000        6.000        6.000
  1530:        6.000        6.000        6.000        6.000        6.000
  1535:        6.000        6.000        6.000        6.000        6.000
  1540:        6.000        6.000        6.000        6.000        6.000
  1545:        6.000        6.000        6.000        6.000        6.000
  1550:        6.000        6.000        6.000        6.000        6.000
  1555:        6.000        6.000        6.000        6.000        6.000
  1560:        6.000        6.000        6.000        6.000        6.000
  1565:        6.000        6.000        6.000        6.000        6.000
  1570:        6.000        6.000        6.000        6.000        6.000
  1575:        6.000        6.000        6.000        6.000        6.000
  1580:        6.000        6.000        6.000        6.000        6.000
  1585:        6.000        6.000        6.000        6.000        6.000
  1590:        6.000        6.000        6.000        6.000        6.000
  1595:        6.000        6.000        6.000        6.000        6.000
  1600:        6.000        6.000        6.000        6.000        6.000
  1605:        6.000        6.000        6.000        6.000        6.000
  1610:        6.000        6.000        6.000        6.000        6.000
  1615:        6.000        6.000        6.000        6.000        6.000
  1620:        6.000        6.000        6.000        6.000        6.000
  1625:        6.000        6.000       23.000       23.000        6.000
  1630:        6.000        6.000        6.000        6.000        6.000
  1635:        6.000        6.000        6.000        6.000        6.000
  1640:        6.000        6.000        6.000        6.000        6.000
  1645:        6.000        6.000        6.000        6.000        6.000
  1650:        6.000        6.000        6.000        6.000        6.000
  1655:        6.000        6.000        6.000        6.000        6.000
  1660:        6.000        6.000        6.000        6.000        6.000
  1665:        6.000        6.000        6.000        6.000        6.000
  1670:        6.000        6.000        6.000        6.000        6.000
  1675:        6.000        6.000        6.000        6.000        6.000
  1680:        6.000        6.000        6.000        6.000        6.000
  1685:        6.000        6.000        6.000        6.000        6.000
  1690:        6.000        6.000        6.000        6.000        6.000
  1695:        6.000        6.000        6.000        6.000        6.000
  1700:        6.000        6.000        6.000        6.000        6.000
  1705:        6.000        6.000        6.000        6.000        6.000
  1710:        6.000        6.000        6.000        6.000        6.000
  1715:        6.000        6.000        6.000        6.000        6.000
  1720:        6.000        6.000        6.000        6.000        6.000
  1725:        6.000        6.000        6.000        6.000        6.000
  1730:        6.000        6.000        6.000        6.000        6.000
  1735:        6.000        6.000        6.000        6.000        6.000
  1740:        6.000        6.000        6.000        6.000        6.000
  1745:        6.000        6.000        6.000        6.000        6.000
  1750:        6.000        6.000        6.000        6.000        6.000
  1755:        6.000        6.000        6.000        6.000        6.000
  1760:        6.000        6.000        6.000        6.000        6.000
  1765:        6.000        6.000        6.000        6.000        6.000
  1770:        6.000        6.000        6.000        6.000        6.000
  1775:        6.000        6.000        6.000        6.000        6.000
  1780:        6.000        6.000        6.000        6.000        6.000
  1785:        6.000        6.000        6.000        6.000        6.000
  1790:        6.000        6.000        6.000        6.000        6.000
  1795:        6.000        6.000        6.000        6.000        6.000
  1800:        6.000        6.000        6.000        6.000        6.000
  1805:        6.000        6.000        6.000        6.000        6.000
  1810:        6.000        6.000        6.000        6.000        6.000
  1815:        6.000        6.000        6.000        6.000        6.000
  1820:        6.000        6.000        6.000        6.000        6.000
  1825:        6.000        6.000        6.000        6.000        6.000
  1830:        6.000        6.000        6.000        6.000        6.000
  1835:        6.000        6.000        6.000        6.000        6.000
  1840:        6.000        6.000        6.000        6.000        6.000
  1845:        6.000        6.000        6.000        6.000        6.000
  1850:        6.000        6.000        6.000        6.000        6.000
  1855:        6.000        6.000        6.000        6.000        6.000
  1860:        6.000        6.000        6.000        6.000        6.000
  1865:        6.000        6.000        6.000        6.000        6.000
  1870:        6.000        6.000        6.000        6.000        6.000
  1875:        6.000        6.000        6.000        6.000        6.000
  1880:        6.000        6.000        6.000        6.000        6.000
  1885:        6.000        6.000        6.000        6.000        6.000
  1890:        6.000        6.000        6.000        6.000        6.000
  1895:        6.000        6.000        6.000        6.000        6.000
  1900:        6.000        6.000        6.000        6.000        6.000
  1905:        6.000        6.000        6.000        6.000        6.000
  1910:        6.000        6.000        6.000        6.000        6.000
  1915:        6.000        6.000        6.000        6.000        6.000
  1920:        6.000        6.000        6.000        6.000        6.000
  1925:        6.000        6.000        6.000        6.000        6.000
  1930:        6.000        6.000        6.000        6.000        6.000
  1935:        6.000        6.000        6.000        6.000        6.000
  1940:        6.000        6.000        6.000        6.000        6.000
  1945:        6.000        6.000        6.000        6.000        6.000
  1950:        6.000        6.000        6.000        6.000        6.000
  1955:        6.000        6.000        6.000        6.000        6.000
  1960:        6.000        6.000        6.000        6.000        6.000
  1965:        6.000        6.000        6.000        6.000        6.000
  1970:        6.000        6.000        6.000        6.000        6.000
  1975:        6.000        6.000        6.000        6.000        6.000
  1980:        6.000        6.000        6.000        6.000        6.000
  1985:        6.000        6.000        6.000        6.000        6.000
  1990:        6.000        6.000        6.000        6.000        6.000
  1995:        6.000        6.000        6.000        6.000        6.000
  2000:        6.000        6.000        6.000        6.000        6.000
  2005:        6.000        6.000        6.000        6.000        6.000
  2010:        6.000        6.000        6.000        6.000        6.000
  2015:        6.000        6.000        6.000        6.000        6.000
  2020:        6.000        6.000        6.000        6.000        6.000
  2025:        6.000        6.000        6.000        6.000        6.000
  2030:        6.000        6.000        6.000        6.000        6.000
  2035:        6.000        6.000        6.000        6.000        6.000
  2040:        6.000        6.000        6.000        6.000        6.000
  2045:        6.000        6.000        6.000        6.000        6.000
  2050:        6.000        6.000        6.000        6.000        6.000
  2055:        6.000        6.000        6.000        6.000        6.000
  2060:        6.000        6.000        6.000        6.000        6.000
  2065:        6.000        6.000        6.000        6.000        6.000
  2070:        6.000        6.000        6.000        6.000        6.000
  2075:        6.000        6.000        6.000        6.000        6.000
  2080:        6.000        6.000        6.000        6.000        6.000
  2085:        6.000        6.000        6.000        6.000        6.000
  2090:        6.000        6.000        6.000        6.000        6.000
  2095:        6.000        6.000        6.000        6.000        6.000
  2100:        6.000        6.000        6.000        6.000        6.000
  2105:        6.000        6.000        6.000        6.000        6.000
  2110:        6.000        6.000        6.000        6.000        6.000
  2115:        6.000        6.000        6.000        6.000        6.000
  2120:        6.000        6.000        6.000        6.000        6.000
  2125:        6.000        6.000        6.000        6.000        6.000
  2130:        6.000        6.000        6.000        6.000        6.000
  2135:        6.000        2.000        4.000       22.000       24.000
  2140:        6.000        6.000        6.000        6.000        6.000
  2145:        6.000        6.000        6.000        6.000        6.000
  2150:        6.000        6.000       19.000       11.000        6.000
  2155:        6.000        6.000        6.000        6.000        6.000
  2160:        6.000        6.000        6.000        6.000        6.000
  2165:        6.000        6.000        6.000        6.000        6.000
  2170:        6.000        6.000        6.000        6.000        6.000
  2175:        6.000        6.000        6.000        6.000        6.000
  2180:        6.000        6.000        6.000        6.000        6.000
  2185:        6.000        6.000        6.000        6.000        6.000
  2190:        6.000        6.000        6.000        6.000        6.000
  2195:        6.000        6.000        6.000        6.000        6.000
  2200:        6.000        6.000        6.000        6.000        6.000
  2205:        6.000        6.000        6.000        6.000        6.000
  2210:        6.000        6.000        6.000        6.000        6.000
  2215:        6.000        6.000        6.000        6.000        6.000
  2220:        6.000        6.000        6.000        6.000        6.000
  2225:        6.000        6.000        6.000        6.000        6.000
  2230:        6.000        6.000        6.000        6.000        6.000
  2235:        6.000        6.000        6.000        6.000        6.000
  2240:        6.000        6.000        6.000        6.000        6.000
  2245:        6.000        6.000        6.000        6.000        6.000
  2250:        6.000        6.000        6.000        6.000        6.000
  2255:        6.000        6.000        6.000        6.000        6.000
  2260:        6.000        6.000        6.000        6.000        6.000
  2265:        6.000        6.000        6.000        6.000        6.000
  2270:        6.000        6.000        6.000        6.000        6.000
  2275:        6.000        6.000        6.000        6.000        6.000
  2280:        6.000        6.000        6.000        6.000        6.000
  2285:        6.000        6.000        6.000        6.000        6.000
  2290:        6.000        6.000        6.000        6.000        6.000
  2295:        6.000        6.000        6.000        6.000        6.000
  2300:        6.000        6.000        6.000        6.000        6.000
  2305:        6.000        6.000        6.000        6.000        6.000
  2310:        6.000        6.000        6.000        6.000        6.000
  2315:        6.000        6.000        6.000        6.000        6.000
  2320:        6.000        6.000        6.000        6.000        6.000
  2325:        6.000        6.000        6.000        6.000        6.000
  2330:        6.000        6.000        6.000        6.000        6.000
  2335:        6.000        6.000        6.000        6.000        6.000
  2340:        6.000        6.000        6.000        6.000        6.000
  2345:        6.000        6.000        6.000        6.000        6.000
  2350:        6.000        6.000        6.000        6.000        6.000
  2355:        6.000        6.000        6.000        6.000        6.000
  2360:        6.000        6.000        6.000        6.000        6.000
  2365:        6.000        6.000        6.000        6.000        6.000
  2370:        6.000        6.000        6.000        6.000        2.000
  2375:        4.000       22.000       24.000        6.000        6.000
  2380:        6.000        6.000        6.000        6.000        6.000
  2385:        6.000        6.000        6.000        6.000        6.000
  2390:        6.000       19.000       11.000        6.000        6.000
  2395:        6.000        6.000        6.000        6.000        6.000
  2400:        6.000        6.000        6.000        6.000        6.000
  2405:        6.000        6.000        6.000        6.000        6.000
  2410:        6.000        6.000        6.000        6.000        6.000
  2415:        6.000        6.000        6.000        6.000        6.000
  2420:        6.000        6.000        6.000        6.000        6.000
  2425:        6.000        6.000        6.000        6.000        2.000
  2430:        4.000       22.000       24.000        6.000        6.000
  2435:        6.000        6.000        6.000        6.000        6.000
  2440:        6.000        6.000        6.000        6.000        6.000
  2445:        6.000        6.000        6.000       19.000       11.000
  2450:        6.000        6.000        6.000        6.000        6.000
  2455:        6.000        6.000        6.000        6.000        6.000
  2460:        6.000        6.000        6.000        6.000        6.000
  2465:        6.000        6.000        6.000        6.000        6.000
  2470:        6.000        6.000        6.000        6.000        6.000
  2475:        6.000        6.000        6.000        6.000        6.000
  2480:        6.000        6.000        6.000        6.000        6.000
  2485:        6.000        6.000        6.000        6.000        6.000
  2490:        6.000        6.000        6.000        6.000        6.000
  2495:        6.000        6.000        6.000        6.000        6.000
  2500:        6.000        6.000        6.000        6.000        6.000
  2505:        6.000        6.000        6.000        6.000        6.000
  2510:        6.000        6.000        6.000        6.000        6.000
  2515:        6.000        6.000        6.000        6.000        6.000
  2520:        6.000        6.000        6.000        6.000        6.000
  2525:        6.000        6.000        6.000        6.000        6.000
  2530:        6.000        6.000        6.000        6.000        6.000
  2535:      100.000
T:
     0:        0.000        0.000        0.000        0.000        8.120
     5:       13.790       13.910       13.980       14.410       14.590
    10:       15.910       17.050       18.580       21.570       21.570
    15:       21.570       21.580       22.410       22.410       31.570
    20:       31.580       99.970      100.050      100.140      100.460
    25:      121.870      133.000      271.730      272.680      311.970
    30:      326.620      401.950      435.640      436.640      437.250
    35:      459.180      459.180      459.180      459.190      459.920
    40:      459.920      469.180      469.190      501.780      504.910
    45:      505.950      506.330      506.900      523.620      523.930
    50:      524.830      524.930      525.770      526.210      526.380
    55:      526.610      552.900      553.080      556.880      557.140
    60:      557.670      562.090      562.270      562.640      562.700
    65:      562.830      789.000      789.850      789.940      790.060
    70:      792.680      792.800      793.800      794.310      794.330
    75:      794.900      797.050      800.860      877.880      877.880
    80:      877.880      877.890      880.460      880.460      882.180
    85:      882.180      887.880      887.890      899.370      899.840
    90:     1063.430     1064.170     1064.610     1064.640     1077.330
    95:     1077.330     1077.330     1077.340     1080.300     1080.300
   100:     1081.260     1081.260     1087.330     1087.340     1282.110
   105:     1425.870     1432.800     1437.680     1441.890     1545.540
   110:     1545.720     1546.440     1550.870     1550.870     1550.870
   115:     1550.880     1552.690     1556.020     1556.550     1559.090
   120:     1559.130     1560.180     1560.410     1560.870     1560.880
   125:     1567.400     1567.760     1569.200     1658.450     1659.430
   130:     1660.990     1666.120     1668.760     1671.760     1678.160
   135:     1679.880     1714.560     1714.650     1717.370     1717.450
   140:     1719.260     1719.750     1719.890     1720.910     1722.730
   145:     1722.890     1722.980     1723.350     1724.620     1724.750
   150:     1728.090     1728.140     1728.460     1728.520     1728.620
   155:     1730.330     1731.320     1731.410     1731.610     1731.700
   160:     1732.080     1732.120     1733.140     1733.470     1733.810
   165:     1739.630     1740.620     1742.090     1742.340     1742.410
   170:     1742.480     1748.630     1776.070     1780.790     1780.970
   175:     1783.240     1788.240     1788.540     1789.270     1795.350
   180:     1795.660     1795.700     1796.170     1796.200     1797.840
   185:     1804.990     1806.120     1806.180     1825.650     1825.990
   190:     1826.430     1827.770     1830.060     1836.010     1836.010
   195:     1836.010     1836.020     1836.110     1836.110     1836.560
   200:     1836.560     1845.200     1845.200     1846.010     1846.020
   205:     1849.760     1872.390     2259.220     2260.060     2266.640
   210:     2266.790     2267.030     2279.460     2288.360     2439.780
   215:     2450.050     2450.770     2451.510     2457.710     2457.860
   220:     2457.880     2459.150     2459.250     2459.340     2459.430
   225:     2459.780     2460.770     2460.950     2466.950     2467.130
   230:     2468.430     2486.850     2520.790     2520.820     2521.140
   235:     2526.510     2526.830     2620.910     2633.390     2654.800
   240:     2655.270     2655.350     2655.410     2656.710     2664.540
   245:     2664.980     2677.710     2678.000     2704.760     2764.950
   250:     2858.770     2901.110     2902.960     2903.060     2903.170
   255:     2903.290     2903.410     2903.610     2903.710     2908.650
   260:     2909.160     2910.700     2910.800     2910.840     2978.920
   265:     2989.820     2989.820     2989.820     2989.830     2990.950
   270:     2990.950     2991.570     2991.570     2999.820     2999.830
   275:     3044.550     3095.760     3099.950     3101.720     3101.810
   280:     3105.450     3110.270     3110.830     3110.880     3111.090
   285:     3111.170     3113.300     3113.990     3114.100     3134.700
   290:     3135.130     3135.480     3138.560     3139.110     3139.160
   295:     3142.910     3143.160     3143.820     3143.890     3144.810
   300:     3144.880     3145.040     3145.210     3148.760     3148.950
   305:     3149.010     3149.180     3149.380     3149.590     3149.800
   310:     3153.830     3154.490     3155.850     3156.170     3156.250
   315:     3157.010     3157.030     3157.090     3157.390     3158.110
   320:     3158.420     3158.590     3158.720     3161.400     3161.630
   325:     3163.130     3166.370     3166.560     3166.590     3166.800
   330:     3168.410     3168.570     3169.510     3170.970     3173.780
   335:     3173.890     3176.060     3176.120     3176.410     3176.470
   340:     3177.100     3177.740     3178.040     3178.340     3178.790
   345:     3183.550     3188.050     3188.630     3188.760     3188.930
   350:     3189.120     3189.570     3190.160     3191.960     3195.350
   355:     3195.470     3195.530     3195.580     3195.640     3429.600
   360:     3462.290     3465.650     3465.730     3465.780     3466.130
   365:     3466.290     3467.080     3467.110     3467.230     3504.400
   370:     3504.450     3508.960     3510.840     3510.840     3510.840
   375:     3510.850     3513.880     3520.840     3520.850     3603.260
   380:     3658.560     3659.970     3732.140     3732.140     3732.140
   385:     3732.150     3742.140     3742.150     3805.120     3876.640
   390:     3877.710     3958.150     3959.260     3960.660     3961.280
   395:     3961.280     3961.280     3961.290     3971.280     3971.290
   400:     4054.460     4054.690     4054.990     4056.530     4158.630
   405:     4160.280     4312.000     4313.420     4313.980     4356.750
   410:     4363.920     4363.960     4365.510     4365.580     4412.460
   415:     4415.630     4415.900     4415.920     4416.260     4418.780
   420:     4419.900     4420.620     4421.570     4421.700     4421.880
   425:     4422.140     4422.310     4422.590     4422.950     4422.990
   430:     4423.730     4424.740     4426.620     4427.460     4431.150
   435:     4432.220     4433.060     4433.190     4433.390     4433.500
   440:     4439.470     4439.810     4441.480     4445.950     4446.620
   445:     4446.860     4447.080     4447.530     4448.660     4448.790
   450:     4448.930     4449.130     4449.420     4451.690     4451.810
   455:     4452.120     4452.770     4452.970     4453.220     4457.140
   460:     4458.710     4458.810     4459.110     4459.310     4459.870
   465:     4459.940     4460.990     4461.160     4461.290     4462.730
   470:     4463.470     4463.730     4464.650     4468.740     4470.690
   475:     4470.830     4470.970     4475.370     4475.580     4475.780
   480:     4475.910     4476.190     4476.600     4478.780     4480.590
   485:     4480.750     4480.970     4484.870     4485.250     4485.550
   490:     4486.750     4486.910     4490.530     4490.820     4491.040
   495:     4491.120     4491.180     4491.400     4491.560     4491.740
   500:     4494.590     4494.640     4494.810     4494.980     4495.160
   505:     4495.350     4495.500     4565.640     4568.830     4568.990
   510:     4569.270     4570.010     4571.000     4571.880     4572.120
   515:     4572.330     4573.700     4573.820     4573.930     4574.030
   520:     4574.470     4575.310     4575.930     4576.640     4588.740
   525:     4588.770     4588.980     4589.620     4590.890     4591.000
   530:     4591.700     4591.820     4592.060     4593.450     4593.860
   535:     4594.220     4594.260     4598.200     4598.250     4598.430
   540:     4599.830     4600.110     4600.250     4600.320     4600.480
   545:     4600.700     4601.110     4601.340     4601.430     4602.010
   550:     4602.240     4602.330     4603.110     4604.360     4604.530
   555:     4605.020     4615.230     4615.500     4616.790     4616.990
   560:     4618.230     4618.660     4619.160     4619.250     4619.710
   565:     4620.000     4622.350     4626.050     4630.320     4631.160
   570:     4631.220     4631.850     4632.080     4633.010     4634.250
   575:     4636.360     4636.460     4637.650     4638.150     4638.670
   580:     4642.480     4657.000     4659.360     4659.490     4661.430
   585:     4661.630     4661.750     4662.100     4662.250     4665.110
   590:     4665.960     4667.860     4669.490     4671.480     4671.640
   595:     4673.140     4676.170     4676.470     4676.670     4677.740
   600:     4679.780     4680.160     4680.210     4681.240     4681.300
   605:     4681.680     4683.720     4685.020     4686.360     4686.980
   610:     4687.230     4687.330     4687.500     4687.680     4699.950
   615:     4700.070     4701.590     4701.830     4702.610     4703.060
   620:     4703.160     4703.260     4703.500     4703.580     4703.640
   625:     4704.220     4706.350     4706.450     4706.860     4707.030
   630:     4707.600     4710.940     4711.020     4711.390     4711.900
   635:     4712.190     4712.380     4712.540     4712.930     4713.180
   640:     4714.260     4714.970     4716.140     4716.510     4722.490
   645:     4723.430     4726.000     4726.050     4726.180     4726.390
   650:     4727.760     4728.400     4730.340     4730.440     4731.080
   655:     4731.350     4731.640     4731.740     4732.230     4732.580
   660:     4732.700     4735.830     4735.920     4736.100     4736.350
   665:     4736.570     4736.670     4736.890     4738.560     4738.610
   670:     4738.990     4994.650     4995.000     4995.540     4997.650
   675:     5001.600     5002.720     5007.470     5009.620     5010.380
   680:     5010.960     5011.010     5065.140     5075.730     5081.760
   685:     5085.250     5093.240     5093.360     5116.020     5116.570
   690:     5128.220     5152.670     5152.670     5152.670     5152.680
   695:     5153.380     5153.380     5162.670     5162.680     5183.390
   700:     5183.390     5183.390     5183.400     5184.130     5184.130
   705:     5193.390     5193.400     5424.200     5424.200     5424.200
   710:     5424.210     5424.360     5424.360     5424.900     5424.900
   715:     5434.200     5434.210     5437.140     5437.140     5437.140
   720:     5437.150     5446.850     5447.110     5447.140     5447.150
   725:     5447.490     5447.520     5448.560     5449.410     5449.510
   730:     5450.850     5451.050     5451.490     5451.600     5451.880
   735:     5452.610     5452.740     5453.190     5453.540     5454.260
   740:     5454.420     5459.410     5459.740     5459.820     5459.990
   745:     5465.930     5466.790     5470.020     5470.410     5496.380
   750:     5499.610     5499.840     5500.040     5500.290     5500.400
   755:     5501.080     5501.310     5502.350     5502.440     5502.630
   760:     5502.680     5502.990     5503.170     5503.270     5503.790
   765:     5504.080     5505.590     5505.670     5505.930     5506.110
   770:     5506.300     5506.480     5587.800     5588.210     5588.670
   775:     5592.940     5593.300     5593.410     5593.460     5593.770
   780:     5717.450     5805.590     5808.280     5812.320     5842.890
   785:     5844.370     5845.750     5845.750     5845.750     5845.760
   790:     5846.720     5846.720     5847.950     5848.160     5850.820
   795:     5850.940     5852.540     5852.680     5852.820     5852.990
   800:     5855.750     5855.760     5856.430     5856.750     5858.520
   805:     5858.720     5858.840     5859.640     5859.920     5860.160
   810:     5860.450     5860.630     5860.790     5861.130     5862.770
   815:     5862.970     5863.500     5863.610     5863.870     5863.990
   820:     5864.990     5896.960     5899.210     5899.520     5899.780
   825:     5900.020     5900.320     5915.450     5917.390     5917.570
   830:     5917.800     5917.890     5919.310     5919.770     5921.340
   835:     5921.510     5921.630     5921.910     5922.160     5922.200
   840:     5922.370     5922.870     5923.300     5923.560     5937.890
   845:     5937.960     5938.000     5938.420     5938.660     5938.800
   850:     5938.990     5939.660     5939.890     5940.020     5941.380
   855:     5941.710     5941.860     5942.010     5942.230     5942.450
   860:     5942.590     5942.780     5942.920     5944.990     5949.090
   865:     5949.270     5949.300     5951.290     5951.520     5951.890
   870:     5952.030     5952.190     5952.400     5952.880     5953.350
   875:     5953.960     5954.590     5955.880     5955.960     5956.540
   880:     5957.150     5957.200     5960.320     5961.290     5962.080
   885:     5963.290     5963.680     5987.230     6002.740     6002.900
   890:     6003.060     6003.350     6008.250     6009.050     6009.420
   895:     6010.710     6013.070     6013.110     6013.170     6014.470
   900:     6014.680     6014.990     6015.360     6015.540     6015.640
   905:     6015.720     6015.810     6016.130     6022.240     6029.300
   910:     6029.400     6030.170     6030.220     6030.320     6030.690
   915:     6030.790     6034.450     6034.660     6036.120     6036.490
   920:     6036.850     6037.010     6037.220     6037.570     6037.590
   925:     6037.750     6037.930     6038.130     6038.280     6038.560
   930:     6038.660     6039.450     6041.530     6041.590     6041.740
   935:     6042.330     6042.440     6042.630     6043.280     6044.590
   940:     6044.770     6044.910     6045.100     6045.350     6045.800
   945:     6045.940     6046.050     6046.240     6046.400     6046.520
   950:     6055.390     6055.630     6056.220     6057.830     6058.230
   955:     6059.160     6059.780     6060.090     6060.160     6061.150
   960:     6061.460     6061.710     6061.890     6094.530     6096.400
   965:     6098.730     6098.810     6098.910     6176.540     6180.820
   970:     6239.240     6240.690     6242.130     6242.360     6242.550
   975:     6243.600     6249.340     6249.970     6250.020     6251.100
   980:     6251.940     6252.110     6252.420     6252.770     6252.840
   985:     6253.340     6253.460     6253.930     6254.100     6254.310
   990:     6254.450     6254.490     6254.650     6256.810     6256.940
   995:     6257.940     6258.290     6258.530     6258.940     6259.110
  1000:     6259.300     6259.830     6260.100     6260.420     6260.760
  1005:     6261.280     6279.870     6280.090     6280.320     6281.050
  1010:     6282.210     6287.920     6288.970     6289.290     6289.570
  1015:     6290.140     6290.380     6290.800     6291.230     6291.870
  1020:     6293.130     6293.210     6295.200     6295.400     6297.000
  1025:     6297.120     6297.440     6298.040     6298.400     6298.670
  1030:     6372.940     6372.940     6372.940     6372.950     6382.940
  1035:     6382.950     6404.440     6405.340     6407.120     6408.390
  1040:     6420.570     6421.330     6421.370     6422.400     6422.590
  1045:     6426.260     6426.420     6426.490     6426.710     6426.820
  1050:     6427.120     6427.890     6427.920     6429.880     6430.950
  1055:     6431.090     6432.060     6432.150     6432.390     6433.290
  1060:     6433.940     6434.460     6434.630     6434.690     6434.770
  1065:     6435.460     6436.330     6437.130     6442.280     6443.700
  1070:     6443.820     6445.680     6449.580     6449.620     6449.750
  1075:     6450.240     6450.320     6450.710     6451.070     6458.820
  1080:     6459.110     6460.320     6460.360     6491.140     6492.170
  1085:     6492.440     6492.470     6492.550     6493.140     6493.200
  1090:     6493.360     6529.600     6531.390     6532.150     6532.150
  1095:     6532.150     6532.160     6542.150     6542.160     6848.140
  1100:     6849.670     6849.810     6852.250     6858.340     6858.340
  1105:     6858.340     6858.350     6861.890     6861.890     6862.220
  1110:     6862.220     6863.200     6863.200     6865.210     6867.030
  1115:     6867.030     6868.340     6868.350     6870.360     6870.690
  1120:     6870.720     6870.820     6873.290     6873.470     6876.870
  1125:     6877.050     6877.250     6877.350     6877.570     6877.890
  1130:     6882.040     6884.670     6884.770     6884.870     6885.260
  1135:     6885.450     6889.700     6891.190     6891.270     6891.600
  1140:     6892.120     6892.240     6892.360     6892.440     6892.610
  1145:     6892.900     6893.630     6893.800     6896.130     6896.160
  1150:     7021.890     7022.560     7025.000     7026.630     7027.160
  1155:     7027.300     7027.350     7028.660     7028.960     7029.540
  1160:     7029.870     7047.380     7047.530     7047.840     7047.950
  1165:     7048.020     7048.130     7154.680     7203.740     7206.210
  1170:     7211.370     7279.640     7298.220     7298.670     7298.830
  1175:     7299.320     7422.510     7422.510     7422.510     7422.520
  1180:     7424.900     7425.610     7425.660     7427.470     7427.470
  1185:     7429.820     7429.820     7430.730     7430.730     7431.040
  1190:     7431.040     7431.900     7431.900     7432.230     7432.230
  1195:     7432.400     7432.400     7432.510     7432.520     7433.330
  1200:     7433.330     7433.330     7433.340     7433.900     7433.900
  1205:     7436.350     7436.350     7436.670     7436.670     7437.250
  1210:     7437.250     7437.390     7437.390     7437.850     7437.850
  1215:     7441.660     7441.660     7442.260     7442.260     7443.330
  1220:     7443.340     7443.520     7443.520     7443.520     7443.530
  1225:     7448.620     7448.620     7448.870     7448.870     7449.340
  1230:     7449.340     7449.610     7449.610     7450.210     7450.210
  1235:     7451.110     7451.110     7452.560     7452.560     7453.520
  1240:     7453.530     7504.270     7562.800     7562.800     7562.800
  1245:     7562.810     7572.800     7572.810     7626.440     7626.540
  1250:     7626.780     7782.630     7782.710     7794.820     7794.850
  1255:     7794.920     7795.010     7795.040     7795.780     7816.680
  1260:     7816.680     7816.680     7816.690     7826.680     7826.690
  1265:     7827.020     7827.420     7827.880     7896.240     7900.740
  1270:     7901.640     7972.900     7972.950     7994.030     7994.120
  1275:     7994.220     7994.330     8022.890     8022.890     8022.890
  1280:     8022.900     8032.890     8032.900     8117.050     8120.970
  1285:     8122.130     8122.350     8122.620     8122.710     8123.090
  1290:     8123.110     8123.500     8126.920     8126.950     8128.440
  1295:     8128.790     8128.960     8129.130     8129.450     8130.330
  1300:     8130.650     8130.810     8135.390     8135.440     8135.510
  1305:     8135.980     8137.350     8137.680     8138.020     8138.150
  1310:     8138.320     8138.830     8141.230     8141.390     8141.680
  1315:     8143.020     8143.180     8143.390     8143.500     8143.560
  1320:     8143.750     8144.050     8144.560     8145.090     8145.660
  1325:     8147.400     8147.720     8147.820     8148.210     8148.370
  1330:     8149.770     8149.830     8149.900     8159.600     8160.360
  1335:     8160.920     8161.000     8161.730     8162.040     8162.160
  1340:     8162.760     8163.050     8164.240     8164.390     8164.570
  1345:     8164.750     8164.910     8165.180     8165.440     8165.800
  1350:     8166.890     8166.910     8170.970     8174.990     8175.770
  1355:     8175.960     8176.210     8178.980     8182.130     8184.660
  1360:     8190.030     8191.070     8191.200     8191.460     8191.590
  1365:     8191.750     8191.980     8192.100     8202.050     8202.400
  1370:     8203.200     8204.650     8204.860     8205.660     8206.050
  1375:     8206.270     8298.190     8304.070     8316.100     8365.540
  1380:     8366.940     8367.470     8368.520     8368.590     8392.320
  1385:     8392.320     8392.320     8392.330     8395.190     8395.190
  1390:     8402.320     8402.330     8544.590     8608.430     8609.740
  1395:     8609.870     8613.860     8615.400     8615.690     8615.750
  1400:     8616.020     8619.260     8619.370     8619.740     8620.270
  1405:     8620.430     8620.580     8621.040     8621.060     8621.090
  1410:     8621.130     8621.500     8623.110     8623.690     8623.740
  1415:     8623.870     8624.270     8624.620     8624.750     8624.930
  1420:     8625.610     8628.060     8628.780     8629.360     8630.620
  1425:     8630.710     8631.430     8631.610     8632.120     8632.200
  1430:     8632.380     8665.770     8665.860     8666.570     8667.280
  1435:     8667.930     8668.040     8668.110     8668.780     8668.940
  1440:     8669.010     8669.160     8669.220     8669.290     8669.330
  1445:     8670.070     8670.690     8672.210     8672.280     8672.550
  1450:     8672.930     8673.350     8673.980     8674.690     8675.240
  1455:     8675.440     8675.920     8676.190     8807.960     8808.110
  1460:     8808.140     8808.620     8857.610     8944.830     8944.830
  1465:     8944.830     8944.840     8953.150     8953.150     8954.830
  1470:     8954.840     8987.620     8987.700     8987.940     8989.020
  1475:     8989.250     8990.850     8990.920     8991.140     8991.880
  1480:     8992.110     8992.150     8993.120     8993.880     8994.200
  1485:     8994.380     9000.480     9001.620     9002.170     9002.240
  1490:     9003.150     9003.690     9004.330     9005.910     9006.340
  1495:     9007.310     9010.160     9011.000     9011.230     9015.840
  1500:     9016.260     9016.320     9016.560     9016.780     9016.920
  1505:     9017.090     9017.400     9017.590     9021.550     9022.290
  1510:     9022.370     9023.970     9024.130     9024.310     9024.490
  1515:     9024.680     9025.360     9025.610     9027.470     9028.910
  1520:     9032.760     9032.860     9033.820     9034.170     9034.950
  1525:     9036.750     9036.990     9037.370     9037.700     9038.020
  1530:     9038.380     9038.910     9040.150     9040.260     9040.400
  1535:     9041.350     9041.660     9041.840     9045.110     9045.280
  1540:     9045.640     9046.060     9051.930     9052.110     9052.490
  1545:     9052.740     9052.860     9053.000     9053.160     9054.470
  1550:     9054.660     9054.800     9054.920     9055.110     9055.280
  1555:     9055.790     9055.960     9057.170     9057.230     9057.530
  1560:     9057.570     9057.610     9058.190     9058.450     9058.750
  1565:     9059.040     9059.460     9059.570     9060.140     9060.340
  1570:     9061.180     9061.440     9062.750     9065.070     9065.290
  1575:     9067.120     9070.450     9070.850     9071.310     9073.900
  1580:     9073.940     9074.060     9074.230     9074.470     9074.780
  1585:     9074.930     9076.880     9077.050     9077.280     9077.430
  1590:     9077.590     9078.940     9079.110     9079.320     9079.380
  1595:     9079.810     9080.030     9080.160     9080.620     9080.940
  1600:     9081.410     9082.060     9083.090     9083.340     9083.780
  1605:     9083.850     9085.810     9085.890     9086.730     9087.370
  1610:     9297.450     9297.620     9297.790     9305.590     9306.020
  1615:     9313.950     9315.170     9315.450     9315.540     9316.350
  1620:     9316.450     9316.660     9316.970     9317.090     9317.300
  1625:     9320.720     9321.270     9335.030     9335.720     9348.160
  1630:     9348.880     9349.400     9349.690     9353.670     9353.990
  1635:     9354.390     9355.290     9355.610     9356.140     9356.310
  1640:     9356.680     9357.390     9357.470     9357.610     9357.690
  1645:     9357.840     9358.790     9359.080     9360.880     9361.060
  1650:     9371.480     9372.420     9373.130     9375.980     9376.230
  1655:     9376.410     9376.520     9376.600     9376.700     9377.050
  1660:     9377.430     9378.400     9378.890     9378.960     9379.090
  1665:     9379.320     9379.440     9381.540     9381.750     9381.970
  1670:     9382.130     9382.290     9382.390     9388.640     9389.050
  1675:     9389.150     9389.250     9390.330     9390.560     9394.830
  1680:     9395.040     9395.150     9395.220     9395.340     9396.010
  1685:     9402.630     9403.350     9403.500     9403.620     9404.220
  1690:     9404.500     9405.200     9406.280     9406.740     9406.780
  1695:     9407.580     9407.870     9408.100     9408.380     9412.300
  1700:     9417.650     9419.080     9419.130     9419.300     9419.450
  1705:     9421.810     9424.090     9424.230     9430.780     9431.610
  1710:     9432.300     9432.570     9432.910     9433.080     9433.520
  1715:     9433.830     9434.110     9434.320     9434.830     9435.230
  1720:     9435.350     9435.430     9435.590     9435.850     9436.030
  1725:     9436.180     9436.890     9440.520     9442.470     9443.480
  1730:     9443.530     9443.690     9444.210     9444.600     9444.990
  1735:     9445.180     9445.340     9446.130     9446.180     9446.380
  1740:     9446.710     9446.790     9447.110     9447.360     9447.530
  1745:     9450.510     9450.680     9450.960     9451.060     9451.540
  1750:     9451.810     9452.070     9457.060     9457.090     9457.210
  1755:     9457.330     9457.390     9473.740     9474.950     9475.640
  1760:     9476.450     9476.550     9477.060     9477.360     9477.410
  1765:     9477.600     9477.970     9478.070     9478.280     9478.400
  1770:     9481.590     9481.880     9482.220     9482.260     9482.440
  1775:     9482.750     9482.890     9483.150     9483.480     9483.660
  1780:     9484.180     9484.420     9484.660     9484.780     9487.170
  1785:     9487.310     9487.430     9487.530     9489.470     9489.970
  1790:     9490.730     9490.760     9491.190     9491.330     9495.410
  1795:     9496.460     9498.260     9498.390     9498.550     9498.870
  1800:     9500.740     9501.210     9501.610     9502.600     9503.140
  1805:     9503.790     9507.210     9515.200     9515.230     9515.540
  1810:     9515.660     9515.690     9515.890     9516.640     9517.030
  1815:     9517.540     9517.660     9518.390     9518.520     9518.670
  1820:     9518.900     9519.060     9519.470     9519.670     9519.750
  1825:     9522.430     9522.650     9522.900     9523.010     9523.110
  1830:     9523.160     9523.210     9524.640     9524.740     9524.780
  1835:     9524.850     9525.600     9525.880     9525.920     9527.130
  1840:     9528.000     9528.740     9528.770     9554.480     9554.850
  1845:     9555.100     9556.100     9556.360     9556.500     9556.860
  1850:     9557.090     9557.310     9557.570     9557.910     9558.070
  1855:     9558.550     9558.960     9559.350     9559.380     9561.140
  1860:     9561.570     9561.930     9562.250     9562.670     9563.200
  1865:     9563.600     9563.670     9564.080     9564.270     9564.350
  1870:     9564.480     9564.520     9564.630     9579.460     9583.510
  1875:     9585.030     9585.350     9609.280     9609.510     9611.340
  1880:     9611.750     9612.140     9612.430     9613.950     9614.610
  1885:     9615.070     9615.190     9618.320     9618.470     9618.870
  1890:     9619.020     9619.210     9619.380     9620.150     9620.950
  1895:     9621.510     9621.640     9621.760     9621.960     9622.490
  1900:     9625.660     9650.240     9650.360     9651.570     9651.650
  1905:     9651.730     9651.920     9751.990     9752.060     9752.320
  1910:     9753.380     9754.300     9754.520     9755.130     9755.540
  1915:     9755.770     9756.160     9822.870     9823.520     9824.690
  1920:     9825.180     9826.900     9827.200     9827.580     9828.010
  1925:     9828.110     9828.860     9829.380     9832.510     9832.590
  1930:     9832.690     9835.270     9835.440     9835.540     9835.680
  1935:     9835.870     9835.920     9836.420     9845.420     9846.670
  1940:     9847.880     9848.180     9850.420     9850.580     9850.790
  1945:     9850.930     9851.250     9851.380     9852.550     9852.670
  1950:     9852.790     9852.860     9852.980     9853.440     9853.540
  1955:     9853.590     9853.630     9853.660     9853.820     9854.000
  1960:     9854.210     9857.950     9859.640     9860.100     9860.440
  1965:     9860.900     9861.220     9861.390     9861.840     9862.040
  1970:     9862.120     9862.260     9862.400     9862.730     9865.030
  1975:     9865.480     9865.530     9865.910     9866.380     9869.910
  1980:     9870.880     9871.210     9871.320     9871.630     9871.720
  1985:     9871.850     9873.060     9873.190     9873.830     9873.950
  1990:     9874.110     9874.260     9874.870     9877.160     9878.760
  1995:     9878.820     9880.420     9880.530     9880.720     9880.780
  2000:     9881.060     9881.750     9881.870     9882.030     9882.750
  2005:     9882.810     9883.830     9884.020     9884.110     9884.240
  2010:     9884.340     9885.100     9885.160     9885.390     9892.370
  2015:     9892.770     9892.890     9893.220     9893.380     9893.490
  2020:     9894.030     9895.580     9896.110     9896.300     9896.680
  2025:     9897.600     9898.570     9898.660     9900.180     9900.230
  2030:     9900.910     9902.180     9902.340     9902.720     9902.870
  2035:     9903.110     9903.510     9903.630     9904.450     9904.640
  2040:     9904.710     9909.070     9909.400     9909.580     9909.670
  2045:     9909.810     9910.560     9910.800     9911.170     9912.820
  2050:     9913.150     9913.180     9913.300     9913.670     9913.870
  2055:     9914.330     9918.470     9919.750     9920.400     9921.000
  2060:     9921.130     9921.510     9921.750     9922.290     9922.500
  2065:     9995.600    10001.480    10002.590    10002.760    10002.920
  2070:    10003.420    10003.780    10003.930    10004.090    10004.230
  2075:    10004.380    10006.320    10007.340    10007.660    10007.920
  2080:    10008.220    10008.980    10009.010    10009.130    10009.160
  2085:    10009.350    10009.530    10010.990    10011.180    10011.450
  2090:    10011.520    10011.720    10012.210    10025.030    10025.740
  2095:    10025.790    10025.920    10026.060    10026.500    10026.970
  2100:    10027.140    10027.490    10027.670    10029.630    10029.760
  2105:    10030.030    10030.190    10031.080    10031.420    10031.650
  2110:    10031.690    10031.810    10031.830    10032.270    10033.800
  2115:    10033.960    10034.050    10034.260    10034.530    10034.720
  2120:    10035.330    10035.770    10035.860    10036.880    10037.330
  2125:    10037.360    10037.520    10037.680    10038.080    10038.190
  2130:    10038.380    10038.460    10038.730    10038.890    10039.210
  2135:    10039.410    10042.410    10042.410    10042.410    10042.420
  2140:    10043.000    10043.520    10044.550    10044.950    10046.860
  2145:    10047.040    10047.600    10047.700    10047.810    10048.110
  2150:    10048.510    10049.030    10052.410    10052.420    10052.440
  2155:    10052.540    10052.970    10053.280    10053.890    10054.020
  2160:    10054.190    10054.340    10054.610    10055.240    10055.500
  2165:    10055.850    10070.800    10071.520    10071.880    10072.110
  2170:    10072.210    10072.560    10072.610    10075.060    10075.240
  2175:    10077.250    10077.430    10078.070    10078.240    10078.860
  2180:    10079.040    10079.680    10080.300    10080.680    10080.900
  2185:    10081.190    10081.390    10081.870    10085.150    10086.010
  2190:    10086.140    10086.950    10087.160    10087.240    10128.420
  2195:    10128.610    10128.810    10129.170    10129.300    10129.760
  2200:    10135.170    10135.570    10135.830    10136.260    10137.060
  2205:    10137.990    10139.220    10139.600    10139.740    10139.820
  2210:    10139.930    10140.680    10140.750    10141.360    10141.780
  2215:    10142.460    10142.680    10142.780    10143.040    10143.890
  2220:    10144.290    10144.510    10144.550    10144.860    10145.010
  2225:    10146.220    10148.390    10149.050    10149.610    10151.480
  2230:    10152.060    10152.220    10152.410    10152.800    10152.900
  2235:    10152.940    10152.990    10154.800    10156.340    10223.490
  2240:    10223.710    10225.370    10228.550    10228.720    10231.620
  2245:    10232.710    10232.750    10233.010    10233.030    10233.490
  2250:    10234.270    10234.540    10234.990    10237.480    10237.810
  2255:    10237.950    10238.150    10238.350    10239.030    10239.170
  2260:    10239.360    10239.750    10240.690    10244.340    10244.600
  2265:    10244.850    10245.510    10245.620    10245.710    10247.350
  2270:    10247.430    10247.530    10248.110    10249.970    10251.020
  2275:    10251.160    10251.460    10251.850    10251.920    10252.030
  2280:    10252.300    10252.680    10252.840    10253.350    10255.700
  2285:    10255.980    10257.390    10257.460    10257.530    10257.970
  2290:    10258.150    10261.350    10261.690    10262.130    10264.800
  2295:    10265.250    10265.510    10265.550    10279.370    10279.450
  2300:    10279.570    10280.420    10280.510    10283.390    10283.640
  2305:    10283.710    10284.190    10284.690    10287.140    10288.260
  2310:    10288.360    10288.480    10288.510    10288.730    10288.950
  2315:    10289.150    10289.460    10289.630    10290.620    10290.840
  2320:    10292.280    10292.800    10292.940    10308.770    10308.820
  2325:    10309.000    10309.170    10309.560    10309.710    10309.890
  2330:    10309.920    10310.500    10313.220    10314.400    10314.470
  2335:    10314.830    10315.180    10315.400    10316.530    10316.870
  2340:    10316.990    10317.250    10317.710    10318.130    10320.140
  2345:    10320.550    10321.700    10325.390    10326.520    10326.680
  2350:    10328.050    10328.690    10328.890    10329.280    10329.470
  2355:    10329.550    10329.690    10330.030    10332.480    10332.590
  2360:    10332.690    10334.580    10334.870    10338.640    10340.050
  2365:    10340.440    10342.990    10343.070    10343.720    10344.600
  2370:    10344.830    10346.310    10346.510    10346.570    10365.060
  2375:    10365.060    10365.060    10365.070    10368.180    10368.470
  2380:    10368.860    10368.960    10369.060    10369.850    10370.320
  2385:    10373.170    10373.700    10374.030    10374.300    10374.760
  2390:    10374.990    10375.060    10375.070    10375.230    10375.380
  2395:    10375.650    10375.830    10381.620    10384.040    10384.440
  2400:    10384.660    10384.770    10385.130    10385.320    10385.500
  2405:    10385.710    10386.030    10386.370    10386.860    10387.550
  2410:    10387.920    10388.130    10389.230    10389.590    10389.870
  2415:    10391.250    10391.340    10391.470    10391.650    10392.000
  2420:    10395.870    10397.070    10397.590    10397.850    10398.360
  2425:    10399.240    10399.510    10399.950    10400.110    10403.110
  2430:    10403.110    10403.110    10403.120    10404.840    10405.100
  2435:    10405.190    10405.430    10405.590    10406.260    10406.330
  2440:    10406.490    10406.600    10407.050    10407.270    10408.380
  2445:    10408.930    10409.350    10409.960    10413.110    10413.120
  2450:    10413.230    10414.430    10414.930    10415.440    10415.950
  2455:    10417.600    10417.700    10417.980    10418.110    10418.280
  2460:    10418.470    10418.880    10419.190    10419.460    10419.570
  2465:    10420.660    10421.230    10422.260    10426.460    10428.180
  2470:    10434.410    10436.860    10436.940    10437.250    10437.450
  2475:    10437.700    10437.930    10438.590    10438.730    10439.130
  2480:    10439.740    10625.510    10625.590    10625.690    10625.740
  2485:    10629.810    10630.290    10630.710    10630.850    10631.370
  2490:    10632.370    10648.980    10649.090    10649.160    10649.560
  2495:    10649.710    10651.000    10651.130    10651.380    10651.750
  2500:    10652.020    10652.070    10652.970    10656.250    10656.680
  2505:    10656.820    10657.000    10657.040    10657.720    10658.050
  2510:    10658.330    10658.590    10658.890    10659.110    10659.280
  2515:    10659.590    10659.770    10660.090    10660.200    10660.760
  2520:    10660.960    10661.050    10750.800    10761.440    10762.580
  2525:    10762.790    10763.250    10763.410    10783.580    10784.850
  2530:    10784.880    10784.950    10790.670    10790.720    10790.970
  2535:    10800.010
