File: C:\MED-PC IV\DATA\!2025-02-24_13h00m.Subject 69



Start Date: 02/24/25
End Date: 02/24/25
Subject: 69
Experiment: OralFentSA
Group: One
Box: 5
Start Time: 13:00:23
End Time: 16:00:33
MSN: Golden_Liq_SelfAdmin
F:       0.000
G:    1020.000
H:   10800.010
I:       0.000
J:       0.000
K:       0.000
L:       0.000
M:       0.000
N:       0.000
O:       0.000
P:       0.000
Q:       0.000
R:       0.000
S:       0.000
U:       0.000
V:       0.000
W:       0.000
X:       0.000
Y:       0.000
Z:       0.000
A:
     0:        0.000        0.000      180.000        4.000        0.000
     5:        5.000        0.000        5.000        0.000        0.000
    10:        1.000        0.000       10.000 100000000.00       23.000
    15:       11.000      640.000        0.000        0.000        0.000
    20:        0.000
B:
     0:        0.000        0.000        0.000      400.000        0.000
     5:      500.000        0.000      500.000        0.000        0.000
    10:        0.000        0.000     1000.000 10000000000.        0.000
    15:        0.000        0.000        0.000        0.000        0.000
    20:        0.000
C:
     0:       21.000       22.000        0.000       31.000      693.000
     5:     9458.760       11.260       20.000      552.750       27.637
    10:       31.000        9.000        0.000        0.000        0.000
    15:        0.000        0.000        0.000        0.000        0.000
    20:        0.000
D:
     0:        9.960        4.270       14.570       17.060       15.460
     5:      337.990        6.400       41.830        6.160        9.310
    10:        4.900       10.150       20.850        6.090        8.590
    15:        3.980        6.670        7.730        9.520       11.260
E:
     0:       19.000       11.000       26.000       27.000        6.000
     5:        6.000        6.000        6.000        6.000        6.000
    10:        6.000        6.000        6.000       23.000        6.000
    15:        6.000        6.000        6.000        6.000        6.000
    20:        6.000        6.000        6.000        6.000        6.000
    25:        6.000        6.000        6.000        6.000        6.000
    30:        6.000        6.000        6.000        6.000        6.000
    35:        6.000        6.000        6.000        6.000        6.000
    40:        6.000        6.000        6.000       23.000       23.000
    45:       23.000        2.000        4.000       22.000       24.000
    50:       12.000       13.000        8.000        5.000       17.000
    55:       18.000       14.000       10.000        6.000       19.000
    60:       11.000        6.000        6.000        6.000        6.000
    65:        6.000        6.000        6.000        6.000        6.000
    70:        6.000        6.000        6.000        6.000        6.000
    75:        6.000        6.000        6.000        6.000        6.000
    80:        6.000        6.000        6.000        6.000        6.000
    85:        6.000        6.000        6.000        6.000        2.000
    90:        4.000       22.000       24.000       12.000       13.000
    95:        8.000        5.000       17.000       18.000        6.000
   100:       14.000       10.000        6.000        6.000       19.000
   105:       11.000        6.000        6.000        6.000        6.000
   110:        6.000        2.000        4.000       22.000       24.000
   115:       12.000       13.000        8.000        5.000       17.000
   120:       21.000       22.000       18.000       14.000       10.000
   125:       19.000       11.000        6.000        2.000        4.000
   130:       22.000       24.000       12.000       13.000        8.000
   135:        5.000       17.000       21.000       22.000       18.000
   140:       14.000       10.000       19.000       11.000        6.000
   145:        6.000        6.000        6.000        6.000        2.000
   150:        4.000       22.000       24.000       12.000       13.000
   155:        8.000        5.000       17.000       18.000       14.000
   160:       10.000       19.000       11.000        6.000        6.000
   165:        6.000        6.000        6.000        6.000        6.000
   170:        6.000        6.000        6.000        6.000        6.000
   175:        6.000        6.000        6.000        6.000        6.000
   180:        6.000        6.000        6.000        6.000        6.000
   185:        6.000        6.000        6.000        2.000        4.000
   190:       22.000       24.000       12.000       13.000        8.000
   195:        5.000       17.000       18.000       14.000       10.000
   200:       19.000       11.000        6.000        6.000        6.000
   205:        6.000        6.000        6.000        6.000        6.000
   210:        6.000        6.000        2.000        4.000       22.000
   215:       24.000       12.000       13.000        8.000        5.000
   220:       17.000       18.000       14.000       10.000        6.000
   225:       19.000       11.000        6.000        6.000        6.000
   230:        6.000        6.000        6.000        6.000        6.000
   235:        6.000        6.000        6.000        6.000        6.000
   240:        6.000        6.000        6.000        6.000        6.000
   245:        6.000        6.000        6.000        6.000        6.000
   250:        6.000        2.000        4.000       22.000       24.000
   255:       12.000       13.000        8.000        5.000       17.000
   260:       18.000       14.000       10.000       21.000       22.000
   265:       21.000       22.000       19.000       11.000       23.000
   270:       23.000       23.000        6.000        2.000        4.000
   275:       22.000       24.000       12.000       13.000        8.000
   280:        5.000       17.000       18.000       14.000       10.000
   285:        6.000        6.000       19.000       11.000        6.000
   290:        6.000        6.000        2.000        4.000       22.000
   295:       24.000       12.000       13.000        8.000        5.000
   300:       17.000       18.000       14.000       10.000        6.000
   305:       19.000       11.000        6.000        6.000        6.000
   310:        6.000        6.000        6.000        2.000        4.000
   315:       22.000       24.000       12.000       13.000        8.000
   320:        5.000       17.000       18.000        6.000       14.000
   325:       10.000        6.000        6.000        6.000       19.000
   330:       11.000        2.000        4.000       22.000       24.000
   335:       12.000       13.000        8.000        5.000       17.000
   340:       18.000       14.000       10.000       21.000       22.000
   345:       19.000       11.000        6.000        2.000        4.000
   350:       22.000       24.000       12.000       13.000        8.000
   355:        5.000       17.000       18.000       14.000       10.000
   360:       21.000       22.000       21.000       22.000       21.000
   365:       22.000       19.000       11.000        2.000        4.000
   370:       22.000       24.000       12.000       13.000        8.000
   375:        5.000       17.000       18.000       14.000       10.000
   380:       19.000       11.000        6.000        6.000        6.000
   385:        6.000        6.000        6.000        6.000        6.000
   390:        6.000        6.000        6.000        6.000        6.000
   395:        6.000        6.000        6.000        6.000        6.000
   400:        6.000        6.000        6.000        6.000        6.000
   405:        6.000        6.000        6.000        6.000        6.000
   410:        6.000        6.000        6.000        6.000        6.000
   415:        6.000        6.000        6.000        6.000        6.000
   420:        6.000        6.000        6.000        6.000        6.000
   425:        6.000        6.000        6.000        6.000        6.000
   430:        6.000        6.000        6.000        6.000        6.000
   435:        6.000        6.000        6.000        6.000        6.000
   440:        6.000        6.000        6.000        6.000        6.000
   445:        6.000        6.000        6.000        6.000        6.000
   450:        6.000        6.000        6.000        6.000        6.000
   455:        6.000        6.000        6.000        6.000        6.000
   460:        6.000        6.000        6.000        6.000        6.000
   465:        6.000        6.000        6.000        6.000        6.000
   470:        6.000        6.000        6.000        6.000        6.000
   475:        6.000        6.000        6.000        6.000        6.000
   480:        6.000        6.000        6.000        6.000        6.000
   485:        6.000        6.000        6.000        6.000        6.000
   490:        6.000        6.000        6.000        6.000        6.000
   495:        6.000        6.000        6.000        6.000        6.000
   500:        6.000        6.000        6.000        6.000        6.000
   505:        6.000        6.000        6.000        6.000        6.000
   510:        6.000        6.000        6.000        6.000        6.000
   515:        6.000        6.000        6.000        6.000        6.000
   520:        6.000        6.000        6.000        6.000        6.000
   525:        6.000        6.000        6.000        6.000        6.000
   530:        6.000        6.000        6.000        6.000        6.000
   535:        6.000        6.000        6.000        6.000        6.000
   540:        6.000        6.000        6.000        6.000        6.000
   545:        6.000        6.000        6.000        6.000        6.000
   550:        6.000        6.000        6.000        6.000        6.000
   555:        6.000        6.000        6.000        6.000        6.000
   560:        6.000        6.000        6.000        2.000        4.000
   565:       22.000       24.000       12.000       13.000        8.000
   570:        5.000       17.000       18.000       14.000       10.000
   575:        6.000       19.000       11.000        6.000        6.000
   580:        6.000        2.000        4.000       22.000       24.000
   585:       12.000       13.000        8.000        5.000       17.000
   590:       18.000       14.000       10.000        6.000       19.000
   595:       11.000        6.000        6.000        6.000        6.000
   600:        6.000        6.000        6.000        6.000        6.000
   605:        6.000        6.000        6.000        6.000        6.000
   610:        6.000        6.000        6.000        6.000        6.000
   615:        6.000        6.000        6.000        6.000        6.000
   620:        6.000        6.000        6.000        6.000        6.000
   625:        6.000        6.000       23.000       23.000        6.000
   630:        6.000        6.000        6.000        6.000        6.000
   635:        6.000        6.000        6.000        6.000        6.000
   640:        6.000        6.000        6.000        6.000        6.000
   645:        6.000        6.000        6.000        6.000        6.000
   650:        6.000        6.000        6.000        6.000        6.000
   655:        6.000        6.000        6.000        6.000        6.000
   660:        6.000        6.000        6.000        6.000        6.000
   665:        6.000        6.000        6.000        6.000        6.000
   670:        6.000        6.000        6.000        6.000        6.000
   675:        6.000        6.000        6.000        6.000        6.000
   680:        6.000        6.000        6.000        6.000        6.000
   685:        6.000        6.000        6.000        6.000        6.000
   690:        6.000        6.000        6.000        6.000        6.000
   695:        6.000        6.000        6.000        6.000        6.000
   700:        6.000        6.000        6.000        6.000        6.000
   705:        6.000        6.000        6.000        6.000        6.000
   710:        6.000        6.000        6.000        6.000        6.000
   715:        6.000        6.000        6.000        6.000        6.000
   720:        6.000        6.000        6.000        6.000        6.000
   725:        6.000        6.000        6.000        6.000        6.000
   730:        6.000        6.000        6.000        6.000        6.000
   735:        6.000        6.000        6.000        6.000        6.000
   740:        6.000        6.000        6.000        6.000        6.000
   745:        6.000        6.000        6.000        6.000        6.000
   750:        6.000        6.000        6.000        6.000        6.000
   755:        6.000        6.000        6.000        6.000        6.000
   760:        6.000        6.000        2.000        4.000       22.000
   765:       24.000       12.000       13.000        8.000        5.000
   770:       17.000        6.000       18.000       14.000       10.000
   775:       19.000       11.000        6.000        6.000        2.000
   780:        4.000       22.000       24.000       12.000       13.000
   785:        8.000        5.000       17.000       21.000       22.000
   790:       18.000       14.000       10.000        6.000       19.000
   795:       11.000        6.000        6.000        2.000        4.000
   800:       22.000       24.000       12.000       13.000        8.000
   805:        5.000       17.000       18.000       14.000       10.000
   810:        6.000        6.000       19.000       11.000        2.000
   815:        4.000       22.000       24.000       12.000       13.000
   820:        8.000        5.000       17.000       18.000       14.000
   825:       10.000        6.000       19.000       11.000        6.000
   830:        6.000        2.000        4.000       22.000       24.000
   835:       12.000       13.000        8.000        5.000       17.000
   840:       21.000       22.000       18.000       14.000       10.000
   845:       19.000       11.000        6.000        6.000        6.000
   850:        6.000        6.000        6.000        6.000        6.000
   855:        6.000        6.000        6.000        6.000        6.000
   860:        6.000        6.000        6.000        6.000        6.000
   865:        6.000        6.000        6.000        6.000        6.000
   870:        6.000        6.000        6.000        6.000        6.000
   875:        6.000        6.000        6.000        6.000        6.000
   880:        6.000        6.000        6.000        6.000        6.000
   885:        6.000        6.000        6.000        6.000        6.000
   890:        6.000        6.000        6.000        6.000        6.000
   895:        6.000        6.000        6.000        6.000        6.000
   900:        6.000        6.000        6.000        6.000        6.000
   905:        6.000        6.000        6.000        6.000        6.000
   910:        6.000        6.000        6.000        6.000        6.000
   915:        6.000        6.000        6.000        6.000        6.000
   920:        6.000        6.000        6.000        6.000        6.000
   925:        6.000        6.000        6.000        6.000        6.000
   930:        6.000        6.000        6.000        6.000        6.000
   935:        6.000        6.000        6.000        6.000        6.000
   940:        6.000        6.000        6.000        6.000        6.000
   945:        6.000        6.000        6.000        6.000        6.000
   950:        6.000        6.000        6.000        6.000        6.000
   955:        6.000        6.000        6.000        6.000        6.000
   960:        6.000        6.000        6.000        6.000        6.000
   965:        6.000        6.000        6.000        6.000        6.000
   970:        6.000        6.000        6.000        6.000        6.000
   975:        6.000        6.000        6.000        6.000        6.000
   980:        6.000        6.000        6.000        6.000        6.000
   985:        6.000        6.000        6.000        6.000        6.000
   990:        6.000        6.000        6.000        6.000        6.000
   995:        6.000        6.000        6.000        6.000        6.000
  1000:        6.000        6.000        6.000        6.000        6.000
  1005:        6.000        6.000        6.000        6.000        6.000
  1010:        6.000        6.000        6.000        6.000        6.000
  1015:        6.000        6.000        6.000        6.000        6.000
  1020:      100.000
T:
     0:        0.000        0.000        0.000        0.000        7.100
     5:        7.370       16.270       16.980       17.470       19.480
    10:       20.350       20.830       23.750       32.060       38.170
    15:       38.330       38.350       38.400       39.870       50.950
    20:       54.750       56.340       90.440      169.070      169.720
    25:      174.340      174.790      218.540      222.490      224.530
    30:      224.900      224.980      231.050      231.640      451.330
    35:      458.610      458.940      528.470      529.320      529.360
    40:      529.380      549.640      551.260      560.500      560.660
    45:      560.850      582.730      582.730      582.730      582.740
    50:      582.740      582.740      582.740      582.740      582.740
    55:      586.740      587.740      587.740      592.700      592.730
    60:      592.740      599.210      600.120      605.320      608.310
    65:      608.390      612.710      617.140      621.410      622.540
    70:      623.080      627.470      639.490      640.680      640.710
    75:      645.710      648.120      648.480      648.870      648.980
    80:      649.850      650.500      653.830      654.360      654.450
    85:      818.040      819.360      819.410      820.190      839.350
    90:      839.350      839.350      839.360      839.360      839.360
    95:      839.360      839.360      839.360      843.360      843.630
   100:      844.360      844.360      847.760      849.030      849.350
   105:      849.360      871.330      871.430      871.870      875.010
   110:      914.060      926.650      926.650      926.650      926.660
   115:      926.660      926.660      926.660      926.660      926.660
   120:      926.850      926.850      930.660      931.660      931.660
   125:      936.650      936.660      941.230      947.570      947.570
   130:      947.570      947.580      947.580      947.580      947.580
   135:      947.580      947.580      947.920      947.920      951.580
   140:      952.580      952.580      957.570      957.580      964.640
   145:      965.130      975.790      977.060      984.790      989.040
   150:      989.040      989.040      989.050      989.050      989.050
   155:      989.050      989.050      989.050      993.050      994.050
   160:      994.050      999.040      999.050     1004.510     1005.140
   165:     1005.580     1012.180     1013.440     1026.590     1042.130
   170:     1056.190     1056.210     1056.260     1056.280     1059.580
   175:     1071.260     1077.040     1077.350     1078.670     1078.710
   180:     1078.770     1078.800     1079.140     1083.650     1095.110
   185:     1126.610     1127.110     1142.850     1144.300     1144.300
   190:     1144.300     1144.310     1144.310     1144.310     1144.310
   195:     1144.310     1144.310     1148.310     1149.310     1149.310
   200:     1154.300     1154.310     1482.300     1486.240     1806.060
   205:     1893.640     2814.950     2815.170     2818.260     2818.420
   210:     2831.440     2892.170     2901.190     2901.190     2901.190
   215:     2901.200     2901.200     2901.200     2901.200     2901.200
   220:     2901.200     2905.200     2906.200     2906.200     2907.600
   225:     2911.190     2911.200     2956.430     2961.200     2963.490
   230:     2987.640     2999.550     3016.120     3030.480     3030.660
   235:     3031.230     3038.230     3038.700     3069.750     3071.580
   240:     3969.970     3987.220     4011.520     4041.300     4044.090
   245:     4044.420     4044.550     4049.240     4049.340     4052.470
   250:     4065.170     4079.060     4079.060     4079.060     4079.070
   255:     4079.070     4079.070     4079.070     4079.070     4079.070
   260:     4083.070     4084.070     4084.070     4084.460     4084.460
   265:     4087.770     4087.770     4089.060     4089.070     4113.410
   270:     4113.600     4113.810     4120.900     4127.290     4127.290
   275:     4127.290     4127.300     4127.300     4127.300     4127.300
   280:     4127.300     4127.300     4131.300     4132.300     4132.300
   285:     4133.460     4134.120     4137.290     4137.300     4152.970
   290:     4153.020     4153.380     4160.320     4160.320     4160.320
   295:     4160.330     4160.330     4160.330     4160.330     4160.330
   300:     4160.330     4164.330     4165.330     4165.330     4169.640
   305:     4170.320     4170.330     4172.490     4172.530     4172.590
   310:     4172.630     4181.090     4181.650     4186.070     4186.070
   315:     4186.070     4186.080     4186.080     4186.080     4186.080
   320:     4186.080     4186.080     4190.080     4190.980     4191.080
   325:     4191.080     4192.820     4193.010     4193.190     4196.070
   330:     4196.080     4196.160     4196.160     4196.160     4196.170
   335:     4196.170     4196.170     4196.170     4196.170     4196.170
   340:     4200.170     4201.170     4201.170     4203.240     4203.240
   345:     4206.160     4206.170     4206.320     4209.010     4209.010
   350:     4209.010     4209.020     4209.020     4209.020     4209.020
   355:     4209.020     4209.020     4213.020     4214.020     4214.020
   360:     4214.190     4214.190     4214.500     4214.500     4216.650
   365:     4216.650     4219.010     4219.020     4219.470     4219.470
   370:     4219.470     4219.480     4219.480     4219.480     4219.480
   375:     4219.480     4219.480     4223.480     4224.480     4224.480
   380:     4229.470     4229.480     4240.330     4240.560     4242.310
   385:     4242.860     4249.480     4254.500     4255.610     4255.710
   390:     4255.940     4258.950     4298.780     4299.650     4300.840
   395:     4331.990     4332.420     4334.140     4334.340     4335.320
   400:     4335.440     4336.660     4336.730     4380.790     4381.110
   405:     4381.140     4383.470     4384.080     4384.340     4385.610
   410:     4386.290     4386.360     4386.650     4388.980     4389.110
   415:     4390.210     4391.370     4391.430     4391.550     4392.930
   420:     4428.820     4434.770     4436.210     4436.420     4437.140
   425:     4438.200     4438.740     4438.780     4440.400     4461.510
   430:     4462.730     4466.800     4467.990     4470.160     4472.450
   435:     4472.520     4617.110     4853.390     4871.870     4872.190
   440:     4900.510     4906.100     4913.760     4924.430     4930.850
   445:     4943.400     4943.450     4943.770     4944.550     4950.210
   450:     4978.110     4982.210     4990.280     4993.730     5022.780
   455:     5034.380     5038.030     5074.290     5078.650     5078.820
   460:     5090.990     5099.500     5102.300     5102.980     5117.230
   465:     5117.460     5118.020     5120.900     5121.030     5121.140
   470:     5121.240     5121.350     5121.440     5125.990     5130.310
   475:     5136.500     5137.120     5147.060     5147.940     5148.290
   480:     5148.350     5186.880     5186.910     5186.950     5201.680
   485:     5202.710     5205.270     5206.420     5228.840     5230.670
   490:     5235.840     5296.000     5311.090     5356.620     5373.630
   495:     5383.580     5385.480     5385.590     5385.680     5385.890
   500:     5405.540     5405.610     5409.930     5417.280     5426.370
   505:     5431.230     5434.630     5450.770     5455.250     5455.420
   510:     5455.920     5455.960     5456.220     5463.570     5464.250
   515:     5464.560     5477.030     5500.440     5515.900     5515.910
   520:     5515.970     5516.110     5534.300     5534.370     5534.820
   525:     5609.600     5633.110     5739.630     5740.160     5741.560
   530:     5922.790     5940.930     5951.090     5956.540     6049.090
   535:     6055.300     6067.240     6102.200     6138.030     6139.560
   540:     6174.260     6186.530     6186.970     6188.710     6201.210
   545:     6201.550     6202.050     6227.240     6228.260     6229.140
   550:     6257.150     6258.140     6258.440     6258.480     6295.240
   555:     6295.740     6296.450     6297.030     6297.260     6297.960
   560:     6298.640     6367.850     6384.710     6393.290     6393.290
   565:     6393.290     6393.300     6393.300     6393.300     6393.300
   570:     6393.300     6393.300     6397.300     6398.300     6398.300
   575:     6399.390     6403.290     6403.300     6413.720     6422.580
   580:     6422.800     6432.480     6432.480     6432.480     6432.490
   585:     6432.490     6432.490     6432.490     6432.490     6432.490
   590:     6436.490     6437.490     6437.490     6441.080     6442.480
   595:     6442.490     6504.920     6529.330     6553.550     6553.590
   600:     6554.330     6557.200     6557.460     6558.240     6558.760
   605:     6558.810     6560.690     6564.150     6566.370     6594.960
   610:     6595.340     6596.720     6597.730     6598.390     6599.110
   615:     6599.520     6819.540     6819.780     6820.530     6820.840
   620:     6821.070     6821.470     7021.960     7234.500     7234.880
   625:     7236.000     7294.810     7369.830     7371.090     7375.570
   630:     7380.120     7382.090     7384.160     7388.350     7390.140
   635:     7390.240     7390.440     7394.090     7394.600     7400.040
   640:     7400.510     7414.270     7414.700     7418.760     7427.520
   645:     7438.160     7438.350     7439.580     7439.740     7440.090
   650:     7441.120     7441.890     7502.050     7502.350     7503.440
   655:     7503.800     7662.150     7663.170     7663.390     7664.760
   660:     8200.640     8201.880     8202.220     8204.460     8205.140
   665:     8206.580     8207.390     8207.650     8208.160     8208.710
   670:     8219.350     8220.410     8222.560     8222.970     8279.010
   675:     8341.130     8341.230     8354.890     8355.560     8356.660
   680:     8357.020     8357.150     8357.370     8357.470     8358.350
   685:     8358.920     8360.930     8361.120     8361.330     8361.720
   690:     8362.330     8362.370     8363.040     8382.440     8382.780
   695:     8382.850     8383.060     8383.660     8383.750     8384.380
   700:     8384.910     8394.640     8395.220     8408.160     8409.980
   705:     8413.010     8413.520     8416.200     8545.540     8548.790
   710:     8549.310     8550.170     8551.050     8562.060     8562.350
   715:     8562.470     8578.090     8579.660     8580.530     8580.620
   720:     8581.030     8588.620     8588.840     8589.370     8590.040
   725:     8592.090     8595.590     8957.410     8957.530     8958.030
   730:     8967.190     8967.920     8968.450     8968.730     8968.860
   735:     9044.540     9045.400     9045.800     9046.070     9046.310
   740:     9046.510     9046.590     9047.320     9047.440     9047.570
   745:     9047.770     9047.870     9234.010     9234.730     9234.790
   750:     9242.300     9269.970     9270.060     9270.620     9270.750
   755:     9270.910     9271.070     9319.400     9320.310     9320.470
   760:     9321.100     9332.810     9337.640     9337.640     9337.640
   765:     9337.650     9337.650     9337.650     9337.650     9337.650
   770:     9337.650     9341.630     9341.650     9342.650     9342.650
   775:     9347.640     9347.650     9349.420     9350.310     9397.130
   780:     9397.130     9397.130     9397.140     9397.140     9397.140
   785:     9397.140     9397.140     9397.140     9397.280     9397.280
   790:     9401.140     9402.140     9402.140     9403.810     9407.130
   795:     9407.140     9409.410     9423.640     9428.530     9428.530
   800:     9428.530     9428.540     9428.540     9428.540     9428.540
   805:     9428.540     9428.540     9432.540     9433.540     9433.540
   810:     9436.270     9436.800     9438.530     9438.540     9440.520
   815:     9440.520     9440.520     9440.530     9440.530     9440.530
   820:     9440.530     9440.530     9440.530     9444.530     9445.530
   825:     9445.530     9450.050     9450.520     9450.530     9452.220
   830:     9455.100     9458.750     9458.750     9458.750     9458.760
   835:     9458.760     9458.760     9458.760     9458.760     9458.760
   840:     9460.230     9460.230     9462.760     9463.760     9463.760
   845:     9468.750     9468.760     9470.020     9470.960     9472.710
   850:     9487.920     9503.830     9504.290     9504.900     9505.790
   855:     9505.830     9533.600     9540.480     9541.010     9541.250
   860:     9542.170     9542.310     9543.240     9543.430     9543.820
   865:     9544.510     9545.720     9545.910     9557.300     9557.600
   870:     9559.140     9676.100     9677.500     9677.620     9685.150
   875:     9685.820     9686.240     9705.260     9720.330     9720.810
   880:     9721.910     9722.210     9722.320     9774.760     9785.350
   885:     9788.220     9788.390     9791.590     9793.030     9795.470
   890:     9795.490     9795.560     9795.830     9801.790     9802.640
   895:     9802.660     9803.160     9803.460     9806.560     9812.530
   900:     9819.900     9820.420    10018.460    10025.010    10025.240
   905:    10034.340    10035.610    10035.700    10040.030    10045.000
   910:    10090.620    10104.900    10183.310    10215.850    10215.860
   915:    10215.910    10218.610    10244.500    10244.630    10245.260
   920:    10245.890    10246.320    10246.420    10246.730    10246.990
   925:    10248.990    10251.270    10251.820    10266.260    10278.570
   930:    10287.010    10287.160    10287.540    10287.610    10287.860
   935:    10288.370    10288.480    10309.390    10309.990    10310.250
   940:    10310.440    10310.550    10310.650    10310.980    10311.200
   945:    10311.360    10329.950    10330.510    10331.160    10331.260
   950:    10332.460    10345.040    10347.100    10348.600    10349.090
   955:    10351.730    10351.810    10351.900    10352.170    10352.210
   960:    10353.840    10357.750    10358.180    10362.060    10366.900
   965:    10368.360    10368.510    10375.630    10375.660    10376.460
   970:    10381.790    10382.250    10382.290    10382.440    10382.850
   975:    10383.050    10383.080    10383.360    10389.120    10391.590
   980:    10391.820    10392.360    10394.110    10394.720    10394.790
   985:    10411.570    10411.790    10433.150    10633.000    10640.380
   990:    10645.250    10645.960    10645.990    10647.640    10652.960
   995:    10653.360    10654.120    10654.620    10654.980    10655.230
  1000:    10656.210    10656.900    10657.320    10657.530    10658.680
  1005:    10663.680    10715.580    10715.650    10715.860    10716.040
  1010:    10716.400    10717.130    10718.060    10767.010    10767.760
  1015:    10769.160    10769.190    10769.740    10786.050    10790.970
  1020:    10800.010
