File: C:\MED-PC IV\DATA\!2025-02-21_10h01m.Subject 62



Start Date: 02/21/25
End Date: 02/21/25
Subject: 62
Experiment: OralFentSA
Group: One
Box: 6
Start Time: 10:01:18
End Time: 13:01:38
MSN: Golden_Liq_SelfAdmin
F:       0.000
G:    1770.000
H:   10800.010
I:       0.000
J:       0.000
K:       0.000
L:       0.000
M:       0.000
N:       0.000
O:       0.000
P:       0.000
Q:       0.000
R:       0.000
S:       0.000
U:       0.000
V:       0.000
W:       0.000
X:       0.000
Y:       0.000
Z:       0.000
A:
     0:        0.000        0.000      180.000        4.000        0.000
     5:        5.000        0.000        5.000        0.000        0.000
    10:        1.000        0.000       10.000 1000000000.0       24.000
    15:       10.000      640.000        0.000        0.000        0.000
    20:        0.000
B:
     0:        0.000        0.000        0.000      400.000        0.000
     5:      500.000        0.000      500.000        0.000        0.000
    10:        0.000        0.000     1000.000 100000000000        0.000
    15:        0.000        0.000        0.000        0.000        0.000
    20:        0.000
C:
     0:       19.000       20.000        0.000       38.000     1451.000
     5:     7876.180        5.710       15.000      307.380       20.492
    10:       38.000       11.000        0.000        0.000        0.000
    15:        0.000        0.000        0.000        0.000        0.000
    20:        0.000
D:
     0:       13.850       11.050       15.100        4.470       10.140
     5:       35.440       24.480       15.100        4.400      117.210
    10:       10.700       14.990        7.540       17.200        5.710
E:
     0:       19.000       11.000       26.000       27.000        2.000
     5:        4.000       22.000       24.000       12.000       13.000
    10:        8.000        5.000       17.000       18.000       14.000
    15:       10.000       19.000       11.000        2.000        4.000
    20:       22.000       24.000       12.000       13.000        8.000
    25:        5.000       17.000       18.000       14.000       10.000
    30:       19.000       11.000        6.000        6.000        2.000
    35:        4.000       22.000       24.000       12.000       13.000
    40:        8.000        5.000       17.000       21.000       22.000
    45:       18.000       14.000       10.000       19.000       11.000
    50:        6.000        6.000        6.000        6.000        6.000
    55:        6.000        6.000        6.000        6.000        6.000
    60:        6.000        6.000        6.000       23.000       23.000
    65:       23.000       23.000       23.000       23.000       23.000
    70:       23.000       23.000        2.000        4.000       22.000
    75:       24.000       12.000       13.000        8.000        5.000
    80:       17.000       21.000       22.000       21.000       22.000
    85:       18.000       14.000       10.000       19.000       11.000
    90:        6.000        6.000        6.000        6.000        2.000
    95:        4.000       22.000       24.000       12.000       13.000
   100:        8.000        5.000       17.000       21.000       22.000
   105:       21.000       22.000       18.000        6.000       14.000
   110:       10.000       19.000       11.000        6.000       23.000
   115:        6.000        6.000        6.000        6.000        6.000
   120:        6.000        6.000        6.000        6.000        6.000
   125:        6.000        6.000        6.000        6.000        6.000
   130:        6.000        6.000        6.000        6.000        6.000
   135:        6.000        6.000        6.000        2.000        4.000
   140:       22.000       24.000       12.000       13.000        8.000
   145:        5.000       17.000       18.000       14.000       10.000
   150:       21.000       22.000       21.000       22.000       21.000
   155:       22.000       19.000       11.000        6.000        6.000
   160:        2.000        4.000       22.000       24.000       12.000
   165:       13.000        8.000        5.000       17.000       18.000
   170:       14.000       10.000       21.000       22.000       19.000
   175:       11.000        6.000        6.000        6.000        6.000
   180:        6.000        2.000        4.000       22.000       24.000
   185:       12.000       13.000        8.000        5.000       17.000
   190:       21.000       22.000       21.000       22.000       18.000
   195:       14.000       10.000       21.000       22.000       19.000
   200:       11.000       23.000        6.000        2.000        4.000
   205:       22.000       24.000       12.000       13.000        8.000
   210:        5.000       17.000       18.000       14.000       10.000
   215:       19.000       11.000        6.000        2.000        4.000
   220:       22.000       24.000       12.000       13.000        8.000
   225:        5.000       17.000       21.000       22.000       18.000
   230:        6.000        6.000       14.000       10.000       19.000
   235:       11.000        6.000        6.000        6.000        6.000
   240:        6.000        6.000        6.000        6.000        6.000
   245:        6.000        6.000        6.000        6.000        6.000
   250:        6.000        6.000        6.000        6.000        6.000
   255:        6.000        6.000        6.000        6.000        6.000
   260:        6.000        6.000        6.000        6.000        6.000
   265:        6.000        6.000        6.000        6.000        6.000
   270:        6.000        6.000        2.000        4.000       22.000
   275:       24.000       12.000       13.000        8.000        5.000
   280:       17.000       21.000       22.000       18.000       14.000
   285:       10.000       19.000       11.000        6.000        6.000
   290:        6.000        6.000        6.000        6.000        6.000
   295:        6.000        6.000        6.000        6.000        6.000
   300:        6.000        6.000        6.000        6.000        6.000
   305:        6.000        6.000        6.000        6.000        6.000
   310:        6.000        6.000        6.000        6.000        6.000
   315:        6.000        6.000        6.000        6.000        6.000
   320:        6.000        6.000        6.000        6.000        6.000
   325:        6.000        6.000        6.000        6.000        6.000
   330:        6.000        6.000        6.000        6.000        6.000
   335:        6.000        6.000        2.000        4.000       22.000
   340:       24.000       12.000       13.000        8.000        5.000
   345:       17.000       21.000       22.000       18.000       14.000
   350:       10.000       19.000       11.000        2.000        4.000
   355:       22.000       24.000       12.000       13.000        8.000
   360:        5.000       17.000       18.000       14.000       10.000
   365:       19.000       11.000        6.000        6.000        6.000
   370:        6.000        6.000        6.000        6.000        6.000
   375:        6.000        6.000        6.000        6.000        6.000
   380:        6.000        6.000        6.000        6.000        6.000
   385:        6.000        6.000        6.000        6.000        6.000
   390:        6.000        6.000        6.000        6.000        6.000
   395:        6.000        6.000        6.000        6.000        6.000
   400:        6.000        6.000        6.000        6.000        6.000
   405:        6.000        6.000        6.000        6.000        6.000
   410:        6.000        6.000        6.000        6.000        6.000
   415:        6.000        6.000        6.000        6.000        6.000
   420:        6.000        6.000        6.000        6.000        6.000
   425:        6.000        6.000        6.000        6.000        6.000
   430:        2.000        4.000       22.000       24.000       12.000
   435:       13.000        8.000        5.000       17.000       18.000
   440:       14.000       10.000       19.000       11.000        6.000
   445:        6.000        6.000        6.000        6.000        6.000
   450:        6.000        6.000        6.000        6.000        6.000
   455:        6.000        6.000        6.000        6.000        6.000
   460:        6.000        6.000        6.000        6.000        6.000
   465:        6.000        6.000        6.000        6.000        6.000
   470:        6.000        6.000        6.000        6.000        6.000
   475:        6.000        6.000        6.000        6.000        6.000
   480:        6.000        6.000        6.000        6.000        6.000
   485:        6.000        6.000        6.000        6.000        6.000
   490:        6.000        6.000        6.000        6.000        6.000
   495:        6.000        6.000        6.000        6.000        6.000
   500:        6.000        6.000        6.000        6.000        6.000
   505:        6.000        6.000        6.000        6.000        6.000
   510:        6.000        6.000        6.000        6.000        6.000
   515:        6.000        6.000        6.000        6.000        6.000
   520:        6.000        6.000        6.000        6.000        6.000
   525:        6.000        6.000        6.000        6.000        6.000
   530:        6.000        6.000        6.000        6.000        6.000
   535:        6.000        6.000        6.000        6.000        6.000
   540:        6.000        6.000        6.000        6.000        6.000
   545:        6.000        6.000        6.000        6.000        6.000
   550:        6.000        6.000        6.000        6.000        6.000
   555:        6.000        6.000        6.000        6.000        6.000
   560:        6.000        6.000        6.000        6.000        6.000
   565:        6.000        6.000        6.000        6.000        6.000
   570:        6.000        6.000        6.000        6.000        6.000
   575:        6.000        6.000        6.000        6.000        6.000
   580:        6.000        6.000        6.000        6.000        6.000
   585:        6.000        6.000        6.000        6.000        6.000
   590:        6.000        6.000        6.000        6.000        6.000
   595:        6.000        6.000        6.000        6.000        6.000
   600:        6.000        6.000        6.000        6.000        6.000
   605:        6.000        6.000        6.000        6.000        6.000
   610:        6.000        6.000        6.000        6.000        6.000
   615:        6.000        6.000        6.000        6.000        6.000
   620:        6.000        6.000        6.000        6.000        6.000
   625:        6.000        6.000        6.000        6.000        6.000
   630:        6.000        6.000        6.000        6.000        6.000
   635:        6.000        6.000        6.000        6.000        6.000
   640:        6.000        6.000        6.000        6.000        6.000
   645:        6.000        6.000        6.000        6.000        6.000
   650:        6.000        6.000        6.000        6.000        6.000
   655:        6.000        6.000        6.000        6.000        6.000
   660:        6.000        6.000        6.000        6.000        6.000
   665:        6.000        6.000        6.000        6.000        6.000
   670:        6.000        6.000        6.000        6.000        6.000
   675:        6.000        6.000        6.000        6.000        6.000
   680:        6.000        6.000        6.000        6.000        6.000
   685:        6.000        6.000        6.000        6.000        6.000
   690:        6.000        6.000        6.000        6.000        6.000
   695:        6.000        6.000        6.000        6.000        6.000
   700:        6.000        6.000        6.000        6.000        6.000
   705:        6.000        6.000        6.000        6.000        6.000
   710:        6.000        6.000        6.000        6.000        6.000
   715:        6.000        6.000        6.000        6.000        6.000
   720:        6.000        6.000        6.000        6.000        6.000
   725:        6.000        6.000        6.000        6.000        6.000
   730:        6.000        6.000        6.000        6.000        6.000
   735:        6.000        6.000        6.000        6.000        6.000
   740:        6.000        6.000        6.000        6.000        6.000
   745:        6.000        6.000        6.000        6.000        6.000
   750:        6.000        6.000        6.000        6.000        6.000
   755:        6.000        6.000        6.000        6.000        6.000
   760:        6.000        6.000        6.000        6.000        6.000
   765:        6.000        6.000        6.000        6.000        6.000
   770:        6.000        6.000        6.000        6.000        6.000
   775:        6.000        6.000        6.000        6.000        6.000
   780:        6.000        6.000        6.000        6.000        6.000
   785:        6.000        6.000        6.000        6.000        6.000
   790:        6.000        6.000        6.000        6.000        6.000
   795:        6.000        6.000        6.000        6.000        6.000
   800:        6.000        6.000        6.000        6.000        6.000
   805:        6.000        6.000        6.000        6.000        6.000
   810:        6.000        6.000        6.000        6.000        6.000
   815:        6.000        6.000        6.000        6.000        6.000
   820:        6.000        6.000        6.000        6.000        6.000
   825:        6.000        6.000        6.000        6.000        6.000
   830:        6.000        6.000        6.000        6.000        6.000
   835:        6.000        6.000        6.000        6.000        6.000
   840:        6.000        6.000        6.000        6.000        6.000
   845:        6.000        6.000        6.000        6.000        6.000
   850:        6.000        6.000        6.000        6.000        6.000
   855:        6.000        6.000        6.000        6.000        6.000
   860:        6.000        6.000        6.000        6.000        6.000
   865:        6.000        6.000        6.000        6.000        6.000
   870:        6.000        6.000        6.000        6.000        6.000
   875:        6.000        6.000        6.000        6.000        6.000
   880:        6.000        6.000        6.000        6.000        6.000
   885:        6.000        6.000        6.000        6.000        6.000
   890:        6.000        6.000        6.000        6.000        6.000
   895:        6.000        6.000        6.000        6.000        6.000
   900:        6.000        6.000        6.000        6.000        6.000
   905:        6.000        6.000        6.000        6.000        6.000
   910:        6.000        6.000        6.000        6.000        6.000
   915:        6.000        6.000        6.000        6.000        6.000
   920:        6.000        6.000        6.000        6.000        6.000
   925:        6.000        6.000        6.000        6.000        6.000
   930:        6.000        6.000        6.000        6.000        6.000
   935:        6.000        6.000        6.000        6.000        6.000
   940:        6.000        6.000        6.000        6.000        6.000
   945:        6.000        6.000        6.000        6.000        6.000
   950:        6.000        6.000        6.000        6.000        6.000
   955:        6.000        6.000        6.000        6.000        6.000
   960:        6.000        6.000        6.000        6.000        6.000
   965:        6.000        6.000        6.000        6.000        6.000
   970:        6.000        6.000        6.000        6.000        6.000
   975:        6.000        6.000        6.000        6.000        6.000
   980:        6.000        6.000        6.000        6.000        6.000
   985:        6.000        6.000        6.000        6.000        6.000
   990:        6.000        6.000        6.000        6.000        6.000
   995:        6.000        6.000        6.000        6.000        6.000
  1000:        6.000        6.000        6.000        6.000        6.000
  1005:        6.000        6.000        6.000        6.000        6.000
  1010:        6.000        6.000        6.000        6.000        6.000
  1015:        6.000        6.000        6.000        6.000        6.000
  1020:        6.000        6.000        6.000        6.000        6.000
  1025:        6.000        6.000        6.000        6.000        6.000
  1030:        6.000        6.000        6.000        6.000        6.000
  1035:        6.000        6.000        6.000        6.000        6.000
  1040:        6.000        6.000        6.000        6.000        6.000
  1045:        6.000        6.000        6.000        6.000        6.000
  1050:        6.000        6.000        6.000        6.000        6.000
  1055:        6.000        6.000        6.000        6.000        6.000
  1060:        6.000        6.000        6.000        6.000        6.000
  1065:        6.000        6.000        6.000        6.000        6.000
  1070:        6.000        6.000        6.000        6.000        6.000
  1075:        6.000        6.000        6.000        6.000        6.000
  1080:        6.000        6.000        6.000        6.000        6.000
  1085:        6.000        6.000        6.000        6.000        6.000
  1090:        6.000        6.000        6.000        6.000        6.000
  1095:        6.000        6.000        6.000        6.000        6.000
  1100:        6.000        6.000        6.000        6.000        6.000
  1105:        6.000        6.000        2.000        4.000       22.000
  1110:       24.000       12.000       13.000        8.000        5.000
  1115:       17.000       18.000       14.000       10.000        6.000
  1120:       19.000       11.000        2.000        4.000       22.000
  1125:       24.000       12.000       13.000        8.000        5.000
  1130:       17.000       21.000       22.000       18.000       14.000
  1135:       10.000       19.000       11.000        6.000        6.000
  1140:        6.000        2.000        4.000       22.000       24.000
  1145:       12.000       13.000        8.000        5.000       17.000
  1150:       21.000       22.000       21.000       22.000       21.000
  1155:       22.000       18.000       14.000       10.000       19.000
  1160:       11.000        2.000        4.000       22.000       24.000
  1165:       12.000       13.000        8.000        5.000       17.000
  1170:       18.000       14.000       10.000       19.000       11.000
  1175:        2.000        4.000       22.000       24.000       12.000
  1180:       13.000        8.000        5.000       17.000       18.000
  1185:       14.000       10.000        6.000        6.000       19.000
  1190:       11.000        6.000        6.000        6.000        6.000
  1195:        6.000        6.000        6.000        6.000        6.000
  1200:        6.000        6.000        6.000        6.000        6.000
  1205:        6.000        6.000        6.000        6.000        6.000
  1210:        6.000        6.000        6.000        6.000        6.000
  1215:        6.000        6.000        6.000        6.000        6.000
  1220:        6.000        6.000        6.000        6.000        6.000
  1225:        6.000        6.000        6.000        6.000        6.000
  1230:        6.000        6.000        6.000        6.000        6.000
  1235:        6.000        6.000        6.000        6.000        6.000
  1240:        6.000        6.000        6.000        6.000        6.000
  1245:        6.000        6.000        6.000        6.000        6.000
  1250:        6.000        6.000        6.000        6.000        6.000
  1255:        6.000        6.000        6.000        6.000        6.000
  1260:        6.000        6.000        6.000        6.000        6.000
  1265:        6.000        6.000        6.000        6.000        6.000
  1270:        6.000        6.000        6.000        6.000        6.000
  1275:        6.000        6.000        6.000        6.000        6.000
  1280:        6.000        6.000        6.000        6.000        6.000
  1285:        6.000        6.000        6.000        6.000        6.000
  1290:        6.000        6.000        6.000        6.000        6.000
  1295:        6.000        6.000        6.000        6.000        6.000
  1300:        6.000        6.000        6.000        6.000        6.000
  1305:        6.000        6.000        6.000        6.000        6.000
  1310:        6.000        6.000        6.000        6.000        6.000
  1315:        6.000        6.000        6.000        6.000        6.000
  1320:        6.000        6.000        6.000        6.000        6.000
  1325:        6.000        6.000        6.000        6.000        6.000
  1330:        6.000        6.000        6.000        6.000        6.000
  1335:        6.000        6.000        6.000        6.000        6.000
  1340:        6.000        6.000        6.000        6.000        6.000
  1345:        6.000        6.000        6.000        6.000        6.000
  1350:        6.000        6.000        6.000        6.000        6.000
  1355:        6.000        6.000        6.000        6.000        6.000
  1360:        6.000        6.000        6.000        6.000        6.000
  1365:        6.000        6.000        6.000        6.000        6.000
  1370:        6.000        6.000        6.000        6.000        6.000
  1375:        6.000        6.000        6.000        6.000        6.000
  1380:        6.000        6.000        6.000        6.000        6.000
  1385:        6.000        6.000        6.000        6.000        6.000
  1390:        6.000        6.000        6.000        6.000        6.000
  1395:        6.000        6.000        6.000        6.000        6.000
  1400:        6.000        6.000        6.000        6.000        6.000
  1405:        6.000        6.000        6.000        6.000        6.000
  1410:        6.000        6.000        6.000        6.000        6.000
  1415:        6.000        6.000        6.000        6.000        6.000
  1420:        6.000        6.000        6.000        6.000        6.000
  1425:        6.000        6.000        6.000        6.000        6.000
  1430:        6.000        6.000        6.000        6.000        6.000
  1435:        6.000        6.000        6.000        6.000        6.000
  1440:        6.000        6.000        6.000        6.000        6.000
  1445:        6.000        6.000        6.000        6.000        6.000
  1450:        6.000        6.000        6.000        6.000        6.000
  1455:        6.000        6.000        6.000        6.000        6.000
  1460:        6.000        6.000        6.000        6.000        6.000
  1465:        6.000        6.000        6.000        6.000        6.000
  1470:        6.000        6.000        6.000        6.000        6.000
  1475:        6.000        6.000        6.000        6.000        6.000
  1480:        6.000        6.000        6.000        6.000        6.000
  1485:        6.000        6.000        6.000        6.000        6.000
  1490:        6.000        6.000        6.000        6.000        6.000
  1495:        6.000        6.000        6.000        6.000        6.000
  1500:        6.000        6.000        6.000        6.000        6.000
  1505:        6.000        6.000        6.000        6.000        6.000
  1510:        6.000        6.000        6.000        6.000        6.000
  1515:        6.000        6.000        6.000        6.000        6.000
  1520:        6.000        6.000        6.000        6.000        6.000
  1525:        6.000        6.000        6.000        6.000        6.000
  1530:        6.000        6.000        6.000        6.000        6.000
  1535:        6.000        6.000        6.000        6.000        6.000
  1540:        6.000        6.000        6.000        6.000        6.000
  1545:        6.000        6.000        6.000        6.000        6.000
  1550:        6.000        6.000        6.000        6.000        6.000
  1555:        6.000        6.000        6.000        6.000        6.000
  1560:        6.000        6.000        6.000        6.000        6.000
  1565:        6.000        6.000        6.000        6.000        6.000
  1570:        6.000        6.000        6.000        6.000        6.000
  1575:        6.000        6.000        6.000        6.000        6.000
  1580:        6.000        6.000        6.000        6.000        6.000
  1585:        6.000        6.000        6.000        6.000        6.000
  1590:        6.000        6.000        6.000        6.000        6.000
  1595:        6.000        6.000        6.000        6.000        6.000
  1600:        6.000        6.000        6.000        6.000        6.000
  1605:        6.000        6.000        6.000        6.000        6.000
  1610:        6.000        6.000        6.000        6.000        6.000
  1615:        6.000        6.000        6.000        6.000        6.000
  1620:        6.000        6.000        6.000        6.000        6.000
  1625:        6.000        6.000        6.000        6.000        6.000
  1630:        6.000        6.000        6.000        6.000        6.000
  1635:        6.000        6.000        6.000        6.000        6.000
  1640:        6.000        6.000        6.000        6.000        6.000
  1645:        6.000        6.000        6.000        6.000        6.000
  1650:        6.000        6.000        6.000        6.000        6.000
  1655:        6.000        6.000        6.000        6.000        6.000
  1660:        6.000        6.000        6.000        6.000        6.000
  1665:        6.000        6.000        6.000        6.000        6.000
  1670:        6.000        6.000        6.000        6.000        6.000
  1675:        6.000        6.000        6.000        6.000        6.000
  1680:        6.000        6.000        6.000        6.000        6.000
  1685:        6.000        6.000        6.000        6.000        6.000
  1690:        6.000        6.000        6.000        6.000        6.000
  1695:        6.000        6.000        6.000        6.000        6.000
  1700:        6.000        6.000        6.000        6.000        6.000
  1705:        6.000        6.000        6.000        6.000        6.000
  1710:        6.000        6.000        6.000        6.000        6.000
  1715:        6.000        6.000        6.000        6.000        6.000
  1720:        6.000        6.000        6.000        6.000        6.000
  1725:        6.000        6.000        6.000        6.000        6.000
  1730:        6.000        6.000        6.000        6.000        6.000
  1735:        6.000        6.000        6.000        6.000        6.000
  1740:        6.000        6.000        6.000        6.000        6.000
  1745:        6.000        6.000        6.000        6.000        6.000
  1750:        6.000        6.000        6.000        6.000        6.000
  1755:        6.000        6.000        6.000        6.000        6.000
  1760:        6.000        6.000        6.000        6.000        6.000
  1765:        6.000        6.000        6.000        6.000        6.000
  1770:      100.000
T:
     0:        0.000        0.000        0.000        0.000        7.330
     5:        7.330        7.330        7.340        7.340        7.340
    10:        7.340        7.340        7.340       11.340       12.340
    15:       12.340       17.330       17.340       27.830       27.830
    20:       27.830       27.840       27.840       27.840       27.840
    25:       27.840       27.840       31.840       32.840       32.840
    30:       37.830       37.840       41.690       42.310      122.380
    35:      122.380      122.380      122.390      122.390      122.390
    40:      122.390      122.390      122.390      122.570      122.570
    45:      126.390      127.390      127.390      132.380      132.390
    50:      133.440      138.150      138.450      138.530      157.810
    55:      158.270      161.040      161.390      161.790      162.090
    60:      162.140      162.450      164.280      180.220      180.790
    65:      187.090      187.940      189.820      190.960      191.070
    70:      191.670      191.820      207.650      207.650      207.650
    75:      207.660      207.660      207.660      207.660      207.660
    80:      207.660      207.790      207.790      207.890      207.890
    85:      211.660      212.660      212.660      217.650      217.660
    90:      222.760      222.940      226.140      233.230      269.250
    95:      269.250      269.250      269.260      269.260      269.260
   100:      269.260      269.260      269.260      269.450      269.450
   105:      271.360      271.360      273.260      273.730      274.260
   110:      274.260      279.250      279.260      279.960      286.200
   115:      306.690      311.970      318.380      319.710      320.920
   120:      338.070      338.140      338.740      339.570      340.520
   125:      342.730      344.540      344.680      368.120      391.610
   130:      391.790      394.580      394.620      399.570      399.630
   135:      401.990      403.470      403.730      435.270      435.270
   140:      435.270      435.280      435.280      435.280      435.280
   145:      435.280      435.280      439.280      440.280      440.280
   150:      443.330      443.330      444.440      444.440      444.490
   155:      444.490      445.270      445.280      445.420      446.570
   160:      449.630      449.630      449.630      449.640      449.640
   165:      449.640      449.640      449.640      449.640      453.640
   170:      454.640      454.640      457.200      457.200      459.630
   175:      459.640      485.080      485.480      592.050      593.690
   180:      599.190      609.970      609.970      609.970      609.980
   185:      609.980      609.980      609.980      609.980      609.980
   190:      611.520      611.520      613.830      613.830      613.980
   195:      614.980      614.980      615.320      615.320      619.970
   200:      619.980      620.760      634.460      637.520      637.520
   205:      637.520      637.530      637.530      637.530      637.530
   210:      637.530      637.530      641.530      642.530      642.530
   215:      647.520      647.530      652.630      665.540      665.540
   220:      665.540      665.550      665.550      665.550      665.550
   225:      665.550      665.550      667.020      667.020      669.550
   230:      669.950      670.410      670.550      670.550      675.540
   235:      675.550      714.580      736.640      737.440      765.260
   240:      814.630      815.430      816.220      822.930      825.220
   245:      825.300      832.750      833.120      835.440      836.610
   250:      836.630      838.350      839.500      839.570      839.660
   255:      841.360      842.200      842.270      843.520      848.700
   260:      850.250      873.590      873.970      874.470      875.200
   265:      875.550      875.670      876.890      877.060      878.450
   270:      879.550      883.550      900.450      900.450      900.450
   275:      900.460      900.460      900.460      900.460      900.460
   280:      900.460      901.290      901.290      904.460      905.460
   285:      905.460      910.450      910.460     1017.670     1018.020
   290:     1033.730     1033.820     1035.950     1036.640     1037.740
   295:     1054.070     1054.600     1055.370     1087.560     1087.870
   300:     1109.380     1110.650     1111.830     1111.880     1111.920
   305:     1112.680     1184.070     1186.170     1186.370     1194.430
   310:     1199.190     1268.560     1269.520     1273.680     1287.590
   315:     1287.910     1288.070     1288.690     1289.790     1290.900
   320:     1292.180     1293.790     1295.130     1297.950     1298.430
   325:     1301.590     1303.180     1305.460     1308.790     1310.620
   330:     1314.620     1338.440     1350.050     1547.490     1547.890
   335:     1548.600     1548.910     1854.900     1854.900     1854.900
   340:     1854.910     1854.910     1854.910     1854.910     1854.910
   345:     1854.910     1856.620     1856.620     1858.910     1859.910
   350:     1859.910     1864.900     1864.910     1865.930     1865.930
   355:     1865.930     1865.940     1865.940     1865.940     1865.940
   360:     1865.940     1865.940     1869.940     1870.940     1870.940
   365:     1875.930     1875.940     1876.640     1906.660     1939.930
   370:     2123.490     2123.750     2124.870     2126.270     2126.760
   375:     2127.030     2129.130     2137.250     2139.440     2141.300
   380:     2142.570     2143.800     2176.540     2177.140     2177.850
   385:     2179.070     2184.800     2185.700     2187.460     2193.710
   390:     2195.910     2196.270     2196.620     2205.850     2206.670
   395:     2208.540     2208.890     2306.970     2345.740     2346.800
   400:     2347.810     2348.960     2351.440     2351.470     2351.770
   405:     2353.560     2427.580     2428.060     2429.790     2430.780
   410:     2432.990     2436.160     2438.730     2439.600     2441.100
   415:     2441.220     2636.050     2636.300     2821.020     2821.990
   420:     2822.080     2823.210     2824.470     2825.080     2825.830
   425:     2826.650     2827.490     2838.660     2840.560     2862.570
   430:     2866.520     2866.520     2866.520     2866.530     2866.530
   435:     2866.530     2866.530     2866.530     2866.530     2870.530
   440:     2871.530     2871.530     2876.520     2876.530     2881.520
   445:     2881.930     3430.460     3446.640     3462.320     3462.750
   450:     3463.110     3479.470     3495.020     3574.170     3576.590
   455:     3581.290     3600.530     4289.760     4526.490     4527.450
   460:     4533.320     4535.290     4536.020     4624.790     4671.810
   465:     4955.800     5219.620     5220.480     5221.920     5509.330
   470:     5514.130     5549.970     5551.870     5553.650     5553.800
   475:     5554.740     5557.470     5557.550     5580.610     5599.270
   480:     5601.400     5602.390     5602.670     5604.080     5604.480
   485:     5604.830     5605.120     5605.230     5606.000     5606.370
   490:     5609.510     5610.850     5612.350     5613.430     5639.850
   495:     5640.820     5641.330     5641.450     5644.840     5645.090
   500:     5646.910     5647.020     5647.050     5647.250     5647.960
   505:     5648.390     5649.040     5649.110     5649.390     5649.480
   510:     5649.830     5649.920     5650.070     5650.340     5651.850
   515:     5661.660     5663.990     5665.700     5668.770     5669.000
   520:     5669.330     5674.090     5675.800     5675.920     5683.450
   525:     5683.560     5683.730     5683.980     5690.940     5691.780
   530:     5691.970     5692.110     5705.980     5709.330     5709.390
   535:     5709.890     5711.380     5713.800     5717.540     5755.060
   540:     5755.330     5756.250     5756.870     5757.530     5758.040
   545:     5758.490     5758.690     5759.510     5760.360     5761.320
   550:     5764.820     5764.930     5765.490     5766.390     5767.370
   555:     5773.200     5788.130     5792.840     5793.240     5804.000
   560:     5805.150     5807.660     5809.040     5809.120     5809.250
   565:     5815.300     5817.110     5817.600     5817.940     5817.960
   570:     5818.060     5821.770     5821.820     5821.980     5834.590
   575:     5835.070     5835.580     5839.780     5845.790     5846.230
   580:     5849.600     5850.340     5850.640     5851.520     5854.230
   585:     5855.480     5858.180     5863.680     5866.060     5868.950
   590:     5869.180     5870.250     5872.700     5876.000     5883.990
   595:     5887.980     5891.790     5894.720     5895.200     5904.920
   600:     5906.090     5909.990     5910.760     5924.400     5924.870
   605:     5925.480     5926.310     5927.660     5931.020     5931.150
   610:     5931.290     5941.680     5942.070     5942.340     5944.700
   615:     5951.250     5954.680     5955.140     5967.290     5969.940
   620:     5970.150     5973.440     5973.860     5978.840     5980.400
   625:     5985.510     5988.920     5993.760     5995.980     5996.720
   630:     6003.090     6003.450     6014.750     6015.720     6016.320
   635:     6016.560     6018.020     6023.820     6024.010     6024.280
   640:     6024.960     6025.230     6030.000     6036.060     6037.970
   645:     6043.690     6043.780     6049.250     6049.440     6054.480
   650:     6054.770     6057.030     6059.520     6066.970     6074.560
   655:     6079.490     6085.660     6085.730     6086.530     6086.920
   660:     6097.490     6097.650     6098.040     6100.520     6100.770
   665:     6104.460     6106.600     6113.800     6114.100     6118.300
   670:     6120.800     6125.170     6133.550     6134.680     6135.050
   675:     6135.310     6135.470     6135.590     6135.710     6136.420
   680:     6136.630     6136.740     6136.890     6137.680     6141.110
   685:     6143.980     6144.040     6148.150     6151.730     6157.160
   690:     6157.400     6158.570     6162.940     6163.670     6165.610
   695:     6187.110     6187.390     6187.720     6189.090     6194.600
   700:     6200.790     6203.690     6207.150     6207.360     6209.380
   705:     6209.590     6211.110     6211.350     6221.640     6221.940
   710:     6223.180     6223.680     6228.640     6234.910     6245.350
   715:     6245.610     6247.410     6250.860     6259.050     6259.240
   720:     6274.110     6274.750     6275.070     6277.890     6281.070
   725:     6281.280     6281.460     6281.820     6295.160     6302.990
   730:     6303.540     6303.640     6304.130     6310.230     6325.240
   735:     6328.000     6328.240     6328.370     6338.630     6338.770
   740:     6344.110     6350.030     6350.100     6350.240     6366.000
   745:     6366.450     6366.730     6369.950     6374.590     6375.000
   750:     6383.560     6383.850     6388.860     6395.740     6395.830
   755:     6413.550     6413.820     6414.160     6415.470     6415.510
   760:     6418.800     6419.740     6423.940     6424.970     6428.690
   765:     6428.790     6444.970     6445.050     6445.350     6445.650
   770:     6457.000     6468.140     6468.520     6474.570     6478.280
   775:     6478.660     6479.970     6480.170     6481.150     6481.300
   780:     6481.480     6482.020     6484.760     6485.010     6485.600
   785:     6485.750     6486.640     6494.330     6497.690     6504.930
   790:     6521.400     6527.520     6527.910     6527.970     6529.740
   795:     6532.300     6532.370     6537.990     6540.630     6540.880
   800:     6548.610     6553.360     6553.660     6557.690     6570.200
   805:     6570.320     6572.420     6582.990     6589.290     6589.610
   810:     6589.790     6590.040     6595.600     6600.460     6600.540
   815:     6609.870     6611.980     6624.470     6624.660     6624.910
   820:     6629.050     6629.330     6633.350     6633.490     6640.200
   825:     6640.280     6640.480     6643.400     6643.460     6643.630
   830:     6654.100     6654.230     6661.790     6662.110     6662.360
   835:     6666.260     6670.360     6677.490     6677.930     6679.040
   840:     6679.240     6680.220     6680.300     6681.120     6681.500
   845:     6681.660     6681.810     6684.680     6687.040     6687.240
   850:     6691.060     6702.490     6707.570     6709.700     6709.970
   855:     6714.830     6731.330     6763.120     6771.490     6772.610
   860:     6774.330     6774.400     6774.640     6774.810     6774.900
   865:     6775.060     6775.140     6789.600     6791.120     6791.430
   870:     6797.820     6797.850     6797.900     6800.080     6800.330
   875:     6800.900     6812.880     6817.010     6817.340     6822.760
   880:     6823.090     6831.440     6831.660     6832.910     6843.660
   885:     6855.110     6859.700     6874.540     6874.830     6875.290
   890:     6875.350     6878.610     6884.240     6884.690     6896.700
   895:     6897.010     6899.600     6899.840     6900.080     6901.610
   900:     6914.290     6916.250     6919.380     6921.560     6921.630
   905:     6936.310     6944.610     6944.950     6948.310     6953.620
   910:     6959.260     6959.520     6964.060     6964.230     6964.410
   915:     6968.510     6971.840     6976.480     6976.870     6979.990
   920:     6980.590     6981.770     6981.910     6982.400     6983.020
   925:     6983.370     6986.430     6986.790     6988.550     6989.240
   930:     6991.440     6991.660     7000.270     7005.950     7006.070
   935:     7010.140     7030.200     7038.910     7039.130     7044.120
   940:     7046.890     7067.680     7067.760     7068.290     7068.550
   945:     7068.750     7069.460     7070.170     7073.100     7073.490
   950:     7073.580     7078.860     7078.900     7079.620     7080.140
   955:     7081.840     7092.590     7093.430     7093.570     7093.800
   960:     7095.340     7096.390     7097.430     7098.480     7098.720
   965:     7098.960     7101.520     7103.280     7106.060     7111.600
   970:     7122.280     7131.200     7131.250     7138.380     7138.420
   975:     7138.660     7147.910     7148.740     7149.390     7149.890
   980:     7149.970     7152.210     7152.730     7153.890     7154.080
   985:     7165.630     7178.130     7178.480     7190.560     7210.560
   990:     7212.040     7213.540     7213.660     7213.760     7214.060
   995:     7214.180     7214.210     7214.390     7214.640     7214.870
  1000:     7215.010     7215.310     7215.470     7215.650     7215.770
  1005:     7216.060     7216.230     7216.420     7216.670     7216.800
  1010:     7216.960     7217.090     7217.220     7217.320     7217.470
  1015:     7222.920     7224.190     7253.090     7255.870     7256.160
  1020:     7259.610     7260.800     7261.360     7263.400     7264.830
  1025:     7265.500     7266.040     7267.460     7267.920     7268.240
  1030:     7268.510     7268.590     7268.960     7268.980     7269.170
  1035:     7272.540     7274.020     7274.250     7276.830     7278.040
  1040:     7287.190     7287.820     7288.060     7289.120     7289.230
  1045:     7289.600     7289.980     7293.270     7294.100     7299.310
  1050:     7325.180     7336.090     7336.480     7337.410     7337.630
  1055:     7338.140     7341.270     7348.980     7353.790     7357.810
  1060:     7357.960     7360.350     7370.240     7370.580     7370.630
  1065:     7386.280     7393.750     7393.830     7393.880     7397.070
  1070:     7397.250     7403.660     7419.000     7472.960     7529.040
  1075:     7529.750     7530.130     7531.690     7532.630     7535.070
  1080:     7655.170     7655.640     7656.350     7656.600     7674.790
  1085:     7675.040     7676.550     7677.710     7685.300     7685.400
  1090:     7685.910     7695.720     7696.070     7696.490     7696.920
  1095:     7697.970     7699.190     7705.550     7706.000     7706.440
  1100:     7735.390     7739.200     7743.190     7743.710     7744.950
  1105:     7745.460     7745.860     7799.630     7799.630     7799.630
  1110:     7799.640     7799.640     7799.640     7799.640     7799.640
  1115:     7799.640     7803.640     7804.640     7804.640     7807.180
  1120:     7809.630     7809.640     7811.960     7811.960     7811.960
  1125:     7811.970     7811.970     7811.970     7811.970     7811.970
  1130:     7811.970     7812.330     7812.330     7815.970     7816.970
  1135:     7816.970     7821.960     7821.970     7829.170     7829.520
  1140:     7847.060     7850.350     7850.350     7850.350     7850.360
  1145:     7850.360     7850.360     7850.360     7850.360     7850.360
  1150:     7850.880     7850.880     7851.920     7851.920     7852.290
  1155:     7852.290     7854.360     7855.360     7855.360     7860.350
  1160:     7860.360     7865.320     7865.320     7865.320     7865.330
  1165:     7865.330     7865.330     7865.330     7865.330     7865.330
  1170:     7869.330     7870.330     7870.330     7875.320     7875.330
  1175:     7876.170     7876.170     7876.170     7876.180     7876.180
  1180:     7876.180     7876.180     7876.180     7876.180     7880.180
  1185:     7881.180     7881.180     7881.890     7882.420     7886.170
  1190:     7886.180     7889.910     7891.550     7891.950     7892.800
  1195:     7894.060     7894.990     7896.440     7897.160     7900.420
  1200:     7902.190     7903.180     7905.540     7907.720     7908.170
  1205:     7908.920     7909.710     7911.260     7911.490     7913.580
  1210:     7914.560     7924.190     7924.860     7926.860     7927.180
  1215:     7928.910     7995.590     7999.270     8002.940     8015.260
  1220:     8016.990     8018.720     8029.070     8064.870     8065.940
  1225:     8066.350     8067.680     8074.940     8084.050     8105.630
  1230:     8106.020     8106.460     8113.770     8117.820     8126.210
  1235:     8127.240     8127.300     8127.390     8127.720     8134.930
  1240:     8137.050     8138.630     8138.740     8140.960     8144.900
  1245:     8149.530     8153.750     8158.560     8164.670     8165.000
  1250:     8169.010     8169.500     8171.630     8171.650     8171.880
  1255:     8173.040     8174.950     8175.160     8176.990     8177.260
  1260:     8185.250     8188.480     8197.210     8204.350     8211.340
  1265:     8218.640     8218.750     8225.470     8229.790     8248.050
  1270:     8250.320     8250.530     8250.920     8251.830     8257.060
  1275:     8261.150     8261.220     8265.150     8265.450     8272.480
  1280:     8275.240     8275.390     8275.930     8276.170     8280.150
  1285:     8280.240     8299.590     8299.890     8300.280     8301.010
  1290:     8301.140     8305.970     8306.100     8306.200     8309.270
  1295:     8314.610     8320.790     8321.050     8321.180     8331.760
  1300:     8340.090     8344.550     8349.810     8353.790     8354.070
  1305:     8357.360     8362.610     8363.070     8364.660     8370.090
  1310:     8370.860     8371.070     8372.140     8372.990     8373.760
  1315:     8384.010     8396.830     8397.060     8405.590     8406.670
  1320:     8418.180     8455.910     8459.490     8491.080     8499.780
  1325:     8509.340     8512.820     8532.510     8532.680     8533.250
  1330:     8537.030     8541.400     8542.050     8542.320     8543.140
  1335:     8548.880     8552.320     8560.490     8560.860     8561.120
  1340:     8566.370     8571.490     8575.410     8575.680     8575.880
  1345:     8582.900     8583.380     8583.540     8584.990     8585.010
  1350:     8589.260     8589.450     8594.030     8594.280     8598.970
  1355:     8599.140     8599.210     8604.740     8604.930     8606.280
  1360:     8608.850     8612.300     8612.580     8612.800     8617.140
  1365:     8621.160     8624.780     8635.280     8635.950     8636.090
  1370:     8639.740     8639.940     8640.060     8642.000     8642.120
  1375:     8651.970     8652.050     8652.430     8658.960     8659.330
  1380:     8666.920     8669.700     8669.970     8670.190     8670.420
  1385:     8670.440     8679.360     8691.480     8691.680     8699.540
  1390:     8699.850     8706.210     8706.230     8706.780     8714.220
  1395:     8731.210     8731.760     8731.950     8732.210     8732.420
  1400:     8732.890     8733.850     8734.660     8736.230     8746.230
  1405:     8757.440     8757.740     8758.020     8763.080     8763.200
  1410:     8769.340     8769.510     8773.430     8773.560     8773.610
  1415:     8773.790     8773.890     8773.970     8778.130     8782.670
  1420:     8787.060     8790.700     8801.610     8802.140     8806.730
  1425:     8821.710     8824.800     8824.840     8831.610     8831.910
  1430:     8835.800     8856.570     8861.510     8865.730     8866.170
  1435:     8875.150     8876.040     8877.200     8879.980     8905.540
  1440:     8905.790     8910.030     8914.130     8914.570     8918.470
  1445:     8921.800     8921.970     8922.410     8926.800     8940.350
  1450:     8946.280     8946.510     8946.740     8947.740     8949.140
  1455:     8957.580     8962.540     8962.810     8971.580     8971.940
  1460:     8985.930     8986.120     8993.710     8993.830     9001.660
  1465:     9002.060     9008.480     9008.640     9014.340     9018.050
  1470:     9018.650     9019.150     9019.190     9020.120     9028.390
  1475:     9059.000     9059.490     9059.730     9064.920     9072.560
  1480:     9073.110     9073.310     9073.510     9075.760     9075.850
  1485:     9076.650     9081.220     9084.470     9084.680     9085.080
  1490:     9100.970     9104.400     9104.500     9109.120     9109.140
  1495:     9110.770     9110.950     9113.770     9123.470     9123.600
  1500:     9148.450     9153.330     9162.580     9167.400     9167.600
  1505:     9170.630     9171.490     9174.440     9178.470     9186.980
  1510:     9187.360     9187.570     9187.900     9195.780     9195.910
  1515:     9196.040     9206.640     9211.020     9214.980     9228.080
  1520:     9228.450     9228.980     9236.400     9236.610     9241.980
  1525:     9245.030     9245.330     9250.870     9251.670     9251.990
  1530:     9256.580     9259.280     9262.180     9288.020     9291.890
  1535:     9302.940     9306.430     9306.960     9307.830     9307.910
  1540:     9309.270     9324.230     9324.440     9331.660     9354.780
  1545:     9367.410     9367.900     9370.980     9376.650     9383.240
  1550:     9388.540     9388.830     9389.060     9394.000     9399.180
  1555:     9399.380     9399.650     9400.050     9403.310     9412.620
  1560:     9412.960     9413.080     9413.090     9413.440     9427.730
  1565:     9427.970     9435.810     9442.360     9442.890     9448.460
  1570:     9448.560     9453.710     9453.790     9454.250     9462.090
  1575:     9480.560     9489.340     9489.680     9490.670     9491.010
  1580:     9492.320     9498.640     9504.700     9509.170     9517.750
  1585:     9523.620     9526.740     9527.010     9527.170     9529.030
  1590:     9529.110     9537.600     9540.780     9541.260     9545.460
  1595:     9548.220     9548.480     9552.530     9586.270     9587.310
  1600:     9587.550     9587.680     9589.210     9591.790     9601.880
  1605:     9601.940     9602.170     9602.260     9612.220     9616.290
  1610:     9623.170     9623.250     9627.660     9632.480     9638.080
  1615:     9638.610     9646.800     9650.740     9654.800     9657.990
  1620:     9664.740     9664.990     9665.960     9666.890     9667.150
  1625:     9667.400     9670.360     9670.690     9670.900     9672.760
  1630:     9673.080     9673.170     9680.150     9685.720     9686.500
  1635:     9688.730     9688.890     9692.590     9702.420     9703.550
  1640:     9703.980     9704.250     9710.450     9711.820     9712.620
  1645:     9714.260     9714.660     9721.510     9728.710     9737.150
  1650:     9739.960     9745.000     9748.700     9748.890     9752.550
  1655:     9756.480     9756.700     9764.210     9764.530     9770.100
  1660:     9801.780     9805.030     9859.230     9863.860     9867.430
  1665:     9868.850     9869.490     9889.440     9965.910    10044.120
  1670:    10044.980    10045.220    10046.690    10049.570    10049.660
  1675:    10050.250    10062.690    10062.900    10073.820    10074.140
  1680:    10119.400    10224.660    10272.760    10296.230    10296.600
  1685:    10296.970    10297.750    10299.230    10299.670    10302.160
  1690:    10302.510    10305.820    10311.230    10311.260    10316.310
  1695:    10316.560    10319.670    10323.360    10325.970    10331.140
  1700:    10331.680    10334.330    10339.580    10340.170    10340.530
  1705:    10350.020    10350.540    10350.860    10352.090    10352.270
  1710:    10357.580    10359.910    10366.490    10366.570    10375.840
  1715:    10376.030    10388.630    10392.350    10400.080    10407.110
  1720:    10407.240    10411.210    10418.530    10418.820    10419.050
  1725:    10426.580    10429.810    10429.910    10429.930    10455.190
  1730:    10456.040    10457.340    10471.200    10477.790    10481.110
  1735:    10484.930    10541.340    10577.290    10577.610    10577.940
  1740:    10582.150    10582.250    10582.290    10590.400    10603.500
  1745:    10604.960    10605.110    10605.280    10630.230    10631.070
  1750:    10640.500    10641.210    10658.810    10660.100    10662.250
  1755:    10665.970    10666.260    10672.730    10674.060    10674.190
  1760:    10674.900    10675.030    10675.940    10676.030    10676.510
  1765:    10700.700    10701.220    10701.800    10701.910    10703.930
  1770:    10800.010
