File: C:\MED-PC\Data\2025-04-08_12h49m_Subject 91.txt


Start Date: 04/08/25
End Date: 04/08/25
Subject: 91
Experiment: OralFentSA
Group: One
Box: 8
Start Time: 12:49:17
End Time: 15:50:05
MSN: Golden_Liq_SelfAdmin_EXT
F:       0.000
G:     691.000
H:   10800.000
I:       0.000
J:       0.000
K:       0.000
L:       0.000
M:       0.000
N:       0.000
O:       0.000
P:       0.000
Q:       0.000
R:       0.000
S:       0.000
U:       0.000
V:       0.000
W:       0.000
X:       0.000
Y:       0.000
Z:       0.000
A:
     0:        0.000        0.000      180.000        4.000        0.000
     5:        5.000        0.000        5.000        0.000        0.000
    10:        1.000        0.000       10.000   100000.000       22.000
    15:       27.000      600.000        0.000        0.000        0.000
    20:        0.000
B:
     0:        0.000        0.000        0.000        0.000        0.000
     5:        0.000        0.000        0.000        0.000        0.000
    10:        0.000        0.000     1000.000 10000000.000        0.000
    15:        0.000        0.000        0.000        0.000        0.000
    20:        0.000
C:
     0:        0.000       58.000       96.000       88.000      130.000
     5:    10643.500        6.310       33.000     3300.780      100.024
    10:       88.000       96.000        0.000        0.000        0.000
    15:        0.000        0.000        0.000        0.000        0.000
    20:        0.000
D:
     0:       74.180       15.840       37.560      112.460      189.610
     5:        2.030       98.590       16.950      199.230      130.010
    10:      109.870       39.860        2.520      257.760      374.340
    15:        4.170       66.100      445.820      114.920      105.310
    20:       75.470      203.080        6.340        2.410      217.370
    25:        6.710       10.610       16.750       99.410        1.600
    30:       15.550      242.040        6.310
E:
     0:       19.000       11.000       26.000       27.000        6.000
     5:        6.000        6.000        6.000        6.000        6.000
    10:        6.000        6.000        6.000        1.000        2.000
    15:        4.000       22.000       24.000       12.000       19.000
    20:       11.000        2.000        4.000       22.000       24.000
    25:       12.000       21.000       22.000       19.000       11.000
    30:        1.000        1.000        6.000        6.000        1.000
    35:        2.000        4.000       22.000       24.000       12.000
    40:       19.000       11.000        6.000        6.000        6.000
    45:        6.000        6.000        6.000        6.000        6.000
    50:        6.000        6.000        6.000        6.000        6.000
    55:        6.000        6.000        2.000        4.000       22.000
    60:       24.000       12.000       21.000       22.000       19.000
    65:       11.000        2.000        4.000       22.000       24.000
    70:       12.000       21.000       22.000       19.000       11.000
    75:        2.000        4.000       22.000       24.000       12.000
    80:       19.000       11.000        6.000        6.000        6.000
    85:        6.000        6.000        1.000        6.000        6.000
    90:        2.000        4.000       22.000       24.000       12.000
    95:       21.000       22.000       19.000       11.000        2.000
   100:        4.000       22.000       24.000       12.000       19.000
   105:       11.000        2.000        4.000       22.000       24.000
   110:       12.000       20.000       20.000       19.000       11.000
   115:        1.000        1.000        1.000        1.000        6.000
   120:        1.000        2.000        4.000       22.000       24.000
   125:       12.000       19.000       11.000        2.000        4.000
   130:       22.000       24.000       12.000       19.000       11.000
   135:        1.000        2.000        4.000       22.000       24.000
   140:       12.000       21.000       22.000       19.000       11.000
   145:        6.000        6.000        6.000        6.000        1.000
   150:        2.000        4.000       22.000       24.000       12.000
   155:        6.000       19.000       11.000        6.000        1.000
   160:        1.000        6.000        6.000        2.000        4.000
   165:       22.000       24.000       12.000       19.000       11.000
   170:        1.000        1.000        1.000        1.000        6.000
   175:        2.000        4.000       22.000       24.000       12.000
   180:       21.000       22.000       21.000       22.000       21.000
   185:       22.000       19.000       11.000        6.000        6.000
   190:        2.000        4.000       22.000       24.000       12.000
   195:       19.000       11.000        2.000        4.000       22.000
   200:       24.000       12.000       19.000       11.000        1.000
   205:        2.000        4.000       22.000       24.000       12.000
   210:       19.000       11.000        1.000        6.000        6.000
   215:        6.000        6.000        6.000        2.000        4.000
   220:       22.000       24.000       12.000       19.000       11.000
   225:        1.000        1.000        2.000        4.000       22.000
   230:       24.000       12.000       21.000       22.000       19.000
   235:       11.000        1.000        6.000        1.000        1.000
   240:        1.000        1.000        6.000        6.000        6.000
   245:        6.000        6.000        2.000        4.000       22.000
   250:       24.000       12.000       19.000       11.000        2.000
   255:        4.000       22.000       24.000       12.000       19.000
   260:       11.000        1.000        1.000        2.000        4.000
   265:       22.000       24.000       12.000       19.000       11.000
   270:        6.000        6.000        2.000        4.000       22.000
   275:       24.000       12.000       21.000       22.000       19.000
   280:       11.000        2.000        4.000       22.000       24.000
   285:       12.000       19.000       11.000        6.000        1.000
   290:        2.000        4.000       22.000       24.000       12.000
   295:        6.000        6.000       19.000       11.000        6.000
   300:        2.000        4.000       22.000       24.000       12.000
   305:       19.000       11.000        1.000        6.000        2.000
   310:        4.000       22.000       24.000       12.000       19.000
   315:       11.000        2.000        4.000       22.000       24.000
   320:       12.000       19.000       11.000        2.000        4.000
   325:       22.000       24.000       12.000       19.000       11.000
   330:        1.000        6.000        6.000        6.000        2.000
   335:        4.000       22.000       24.000       12.000        6.000
   340:        6.000       19.000       11.000        2.000        4.000
   345:       22.000       24.000       12.000       21.000       22.000
   350:       21.000       22.000       19.000       11.000        6.000
   355:        1.000        1.000        1.000        1.000        2.000
   360:        4.000       22.000       24.000       12.000       21.000
   365:       22.000       20.000       19.000       11.000        1.000
   370:        1.000        1.000        2.000        4.000       22.000
   375:       24.000       12.000       19.000       11.000        1.000
   380:        1.000        1.000        1.000        1.000        6.000
   385:        1.000        2.000        4.000       22.000       24.000
   390:       12.000       19.000       11.000        6.000        6.000
   395:        6.000        6.000        6.000        6.000        6.000
   400:        6.000        1.000        1.000        2.000        4.000
   405:       22.000       24.000       12.000       19.000       11.000
   410:        1.000        6.000        1.000        1.000        6.000
   415:        6.000        2.000        4.000       22.000       24.000
   420:       12.000       19.000       11.000        6.000        6.000
   425:        1.000        1.000        2.000        4.000       22.000
   430:       24.000       12.000       19.000       11.000        1.000
   435:        6.000        2.000        4.000       22.000       24.000
   440:       12.000        6.000       19.000       11.000        1.000
   445:        1.000        1.000        1.000        1.000        1.000
   450:        6.000        6.000        1.000        1.000        1.000
   455:        6.000        6.000        6.000        2.000        4.000
   460:       22.000       24.000       12.000        6.000        6.000
   465:        6.000       21.000       22.000       21.000       22.000
   470:       21.000       22.000       19.000       11.000        2.000
   475:        4.000       22.000       24.000       12.000       19.000
   480:       11.000        1.000        1.000        2.000        4.000
   485:       22.000       24.000       12.000       19.000       11.000
   490:        1.000        6.000        6.000        6.000        6.000
   495:        6.000        6.000        2.000        4.000       22.000
   500:       24.000       12.000        6.000        6.000        6.000
   505:        6.000        6.000       19.000       11.000        2.000
   510:        4.000       22.000       24.000       12.000       19.000
   515:       11.000        6.000        2.000        4.000       22.000
   520:       24.000       12.000       19.000       11.000        1.000
   525:        1.000        2.000        4.000       22.000       24.000
   530:       12.000       21.000       22.000       21.000       22.000
   535:       19.000       11.000        6.000        6.000        6.000
   540:        1.000        1.000        1.000        1.000        1.000
   545:        1.000        1.000        1.000        2.000        4.000
   550:       22.000       24.000       12.000       19.000       11.000
   555:        1.000        1.000        1.000        1.000        1.000
   560:        2.000        4.000       22.000       24.000       12.000
   565:       19.000       11.000        1.000        2.000        4.000
   570:       22.000       24.000       12.000       19.000       11.000
   575:        1.000        6.000        6.000        6.000        6.000
   580:        2.000        4.000       22.000       24.000       12.000
   585:       21.000       22.000       19.000       11.000        2.000
   590:        4.000       22.000       24.000       12.000       21.000
   595:       22.000        6.000       21.000       22.000       21.000
   600:       22.000       21.000       22.000       19.000       11.000
   605:        2.000        4.000       22.000       24.000       12.000
   610:       21.000       22.000       21.000       22.000       20.000
   615:       19.000       11.000        1.000        1.000        1.000
   620:        2.000        4.000       22.000       24.000       12.000
   625:       19.000       11.000        6.000        6.000        6.000
   630:        6.000        2.000        4.000       22.000       24.000
   635:       12.000       19.000       11.000        6.000        6.000
   640:        6.000        2.000        4.000       22.000       24.000
   645:       12.000       21.000       22.000       21.000       22.000
   650:       21.000       22.000       21.000       22.000       21.000
   655:       22.000       21.000       22.000       19.000       11.000
   660:        1.000        1.000        1.000        2.000        4.000
   665:       22.000       24.000       12.000        6.000        6.000
   670:        6.000        6.000        6.000        6.000       19.000
   675:       11.000        6.000        1.000        6.000        6.000
   680:        6.000        2.000        4.000       22.000       24.000
   685:       12.000       19.000       11.000        1.000        1.000
   690:        1.000      100.000
T:
     0:        0.000        0.000        0.000        0.000       17.860
     5:       18.090       18.160       18.240       85.930       86.100
    10:       88.000       88.950       89.610      444.470      534.610
    15:      534.610      534.610      534.620      534.620      544.610
    20:      544.620      587.510      587.510      587.510      587.520
    25:      587.520      589.910      589.910      597.510      597.520
    30:      626.630      658.070      661.700      662.180      668.600
    35:      857.320      857.320      857.320      857.330      857.330
    40:      867.320      867.330      873.170      873.920      874.010
    45:      876.350      876.530      878.260      878.470      878.620
    50:      878.660      879.370      882.960      883.150      883.190
    55:      885.280      886.690      953.640      953.640      953.640
    60:      953.650      953.650      960.120      960.120      963.640
    65:      963.650     1025.110     1025.110     1025.110     1025.120
    70:     1025.120     1029.710     1029.710     1035.110     1035.120
    75:     1070.860     1070.860     1070.860     1070.870     1070.870
    80:     1080.860     1080.870     1108.430     1117.080     1117.620
    85:     1119.770     1120.210     1212.750     1439.850     1440.050
    90:     1569.660     1569.660     1569.660     1569.670     1569.670
    95:     1574.550     1574.550     1579.660     1579.670     1599.240
   100:     1599.240     1599.240     1599.250     1599.250     1609.240
   105:     1609.250     1629.610     1629.610     1629.610     1629.620
   110:     1629.620     1632.800     1635.260     1639.610     1639.620
   115:     1663.970     1690.060     1704.120     1723.690     1742.080
   120:     2037.770     2049.490     2049.490     2049.490     2049.500
   125:     2049.500     2059.490     2059.500     2068.900     2068.900
   130:     2068.900     2068.910     2068.910     2078.900     2078.910
   135:     2081.520     2199.750     2199.750     2199.750     2199.760
   140:     2199.760     2201.180     2201.180     2209.750     2209.760
   145:     2389.370     2389.450     2389.890     2390.190     2413.720
   150:     2416.420     2416.420     2416.420     2416.430     2416.430
   155:     2418.460     2426.420     2426.430     2478.370     2591.120
   160:     2595.460     2733.520     2734.170     2737.840     2737.840
   165:     2737.840     2737.850     2737.850     2747.840     2747.850
   170:     2808.270     2809.000     2810.130     2810.870     2836.440
   175:     2892.940     2892.940     2892.940     2892.950     2892.950
   180:     2893.750     2893.750     2895.630     2895.630     2898.320
   185:     2898.320     2902.940     2902.950     2909.900     3112.420
   190:     3113.680     3113.680     3113.680     3113.690     3113.690
   195:     3123.680     3123.690     3126.300     3126.300     3126.300
   200:     3126.310     3126.310     3136.300     3136.310     3412.830
   205:     3442.650     3442.650     3442.650     3442.660     3442.660
   210:     3452.650     3452.660     3617.730     3641.890     3747.270
   215:     3747.400     3751.310     3752.620     3754.830     3754.830
   220:     3754.830     3754.840     3754.840     3764.830     3764.840
   225:     3889.320     3970.900     4023.210     4023.210     4023.210
   230:     4023.220     4023.220     4025.400     4025.400     4033.210
   235:     4033.220     4127.010     4153.230     4227.230     4260.340
   240:     4269.910     4330.220     4374.030     4374.760     4377.620
   245:     4377.650     4378.710     4398.620     4398.620     4398.620
   250:     4398.630     4398.630     4408.620     4408.630     4450.200
   255:     4450.200     4450.200     4450.210     4450.210     4460.200
   260:     4460.210     4547.060     4577.130     4659.580     4659.580
   265:     4659.580     4659.590     4659.590     4669.580     4669.590
   270:     4769.460     4769.660     4987.810     4987.810     4987.810
   275:     4987.820     4987.820     4992.660     4992.660     4997.810
   280:     4997.820     5003.550     5003.550     5003.550     5003.560
   285:     5003.560     5013.550     5013.560     5043.420     5157.340
   290:     5193.760     5193.760     5193.760     5193.770     5193.770
   295:     5196.290     5196.320     5203.760     5203.770     5380.360
   300:     5396.580     5396.580     5396.580     5396.590     5396.590
   305:     5406.580     5406.590     5409.590     5654.350     5669.590
   310:     5669.590     5669.590     5669.600     5669.600     5679.590
   315:     5679.600     5750.240     5750.240     5750.240     5750.250
   320:     5750.250     5760.240     5760.250     5811.340     5811.340
   325:     5811.340     5811.350     5811.350     5821.340     5821.350
   330:     6114.440     6185.690     6185.720     6186.300     6187.800
   335:     6187.800     6187.800     6187.810     6187.810     6191.980
   340:     6192.300     6197.800     6197.810     6222.250     6222.250
   345:     6222.250     6222.260     6222.260     6224.440     6224.440
   350:     6229.310     6229.310     6232.250     6232.260     6288.360
   355:     6426.530     6450.350     6451.630     6459.040     6524.740
   360:     6524.740     6524.740     6524.750     6524.750     6526.330
   365:     6526.330     6529.960     6534.740     6534.750     6536.530
   370:     6539.100     6547.570     6621.420     6621.420     6621.420
   375:     6621.430     6621.430     6631.420     6631.430     6726.280
   380:     6726.460     6727.300     7014.050     7020.750     7067.250
   385:     7146.800     7159.350     7159.350     7159.350     7159.360
   390:     7159.360     7169.350     7169.360     7274.280     7274.670
   395:     7274.690     7274.730     7309.550     7309.580     7309.750
   400:     7358.640     7396.940     7398.060     7467.870     7467.870
   405:     7467.870     7467.880     7467.880     7477.870     7477.880
   410:     7553.890     7573.190     7588.370     7741.440     7849.080
   415:     7849.490     7850.480     7850.480     7850.480     7850.490
   420:     7850.490     7860.480     7860.490     7925.960     7926.530
   425:     8021.920     8070.090     8098.070     8098.070     8098.070
   430:     8098.080     8098.080     8108.070     8108.080     8144.020
   435:     8301.160     8326.540     8326.540     8326.540     8326.550
   440:     8326.550     8332.890     8336.540     8336.550     8363.340
   445:     8364.950     8366.680     8367.370     8368.380     8369.160
   450:     8434.860     8435.520     8481.710     8484.870     8487.270
   455:     8495.410     8496.150     8532.390     8665.930     8665.930
   460:     8665.930     8665.940     8665.940     8668.350     8668.830
   465:     8670.080     8671.350     8671.350     8671.780     8671.780
   470:     8674.220     8674.220     8675.930     8675.940     8678.190
   475:     8678.190     8678.190     8678.200     8678.200     8688.190
   480:     8688.200     8726.290     8854.120     8885.280     8885.280
   485:     8885.280     8885.290     8885.290     8895.280     8895.290
   490:     9051.310     9102.660     9142.530     9146.350     9146.490
   495:     9147.270     9147.710     9155.440     9155.440     9155.440
   500:     9155.450     9155.450     9162.160     9162.200     9162.230
   505:     9162.530     9162.640     9165.440     9165.450     9165.460
   510:     9165.460     9165.460     9165.470     9165.470     9175.460
   515:     9175.470     9176.080     9190.150     9190.150     9190.150
   520:     9190.160     9190.160     9200.150     9200.160     9378.460
   525:     9379.040     9445.810     9445.810     9445.810     9445.820
   530:     9445.820     9446.920     9446.920     9448.620     9448.620
   535:     9455.810     9455.820     9462.570     9464.810     9465.190
   540:     9494.720     9495.920     9502.670     9511.070     9511.420
   545:     9512.550     9519.500     9536.880     9578.670     9578.670
   550:     9578.670     9578.680     9578.680     9588.670     9588.680
   555:     9598.160     9638.950     9642.830     9648.160     9650.530
   560:     9663.650     9663.650     9663.650     9663.660     9663.660
   565:     9673.650     9673.660     9850.770     9856.440     9856.440
   570:     9856.440     9856.450     9856.450     9866.440     9866.450
   575:     9871.780     9955.860     9956.400     9956.430     9956.800
   580:     9960.560     9960.560     9960.560     9960.570     9960.570
   585:     9962.570     9962.570     9970.560     9970.570     9974.990
   590:     9974.990     9974.990     9975.000     9975.000     9975.140
   595:     9975.140     9976.600     9980.340     9980.340     9983.050
   600:     9983.050     9984.840     9984.840     9984.990     9985.000
   605:     9985.110     9985.110     9985.110     9985.120     9985.120
   610:     9986.080     9986.080     9989.320     9989.320     9991.610
   615:     9995.110     9995.120    10002.550    10120.890    10142.030
   620:    10183.090    10183.090    10183.090    10183.100    10183.100
   625:    10193.090    10193.100    10198.650    10198.790    10198.870
   630:    10199.450    10205.900    10205.900    10205.900    10205.910
   635:    10205.910    10215.900    10215.910    10447.950    10448.000
   640:    10450.740    10525.330    10525.330    10525.330    10525.340
   645:    10525.340    10526.840    10526.840    10527.430    10527.430
   650:    10528.410    10528.410    10528.600    10528.600    10531.580
   655:    10531.580    10532.730    10532.730    10535.330    10535.340
   660:    10562.370    10562.510    10572.860    10588.660    10588.660
   665:    10588.660    10588.670    10588.670    10594.980    10595.230
   670:    10595.360    10595.430    10595.530    10595.580    10598.660
   675:    10598.670    10601.780    10615.780    10631.520    10637.610
   680:    10638.600    10643.490    10643.490    10643.490    10643.500
   685:    10643.500    10653.490    10653.500    10735.290    10740.940
   690:    10773.320    10800.000
