File: C:\MED-PC\Data\2025-03-21_13h24m_Subject 91.txt


Start Date: 03/21/25
End Date: 03/21/25
Subject: 91
Experiment: OralFentSA
Group: One
Box: 8
Start Time: 13:24:42
End Time: 16:25:23
MSN: 20241014_Golden_Liq_SelfAdmin
F:       0.000
G:    1332.000
H:   10800.000
I:       0.000
J:       0.000
K:       0.000
L:       0.000
M:       0.000
N:       0.000
O:       0.000
P:       0.000
Q:       0.000
R:       0.000
S:       0.000
U:       0.000
V:       0.000
W:       0.000
X:       0.000
Y:       0.000
Z:       0.000
A:
     0:        0.000        0.000      180.000        4.000        0.000
     5:        5.000        0.000        5.000        0.000        0.000
    10:        1.000        0.000       10.000  3000000.000       17.000
    15:       15.000      640.000        0.000        0.000        0.000
    20:        0.000
B:
     0:        0.000        0.000        0.000      400.000        0.000
     5:      500.000        0.000      500.000        0.000        0.000
    10:        0.000        0.000     1000.000 300000000.000        0.000
    15:        0.000        0.000        0.000        0.000        0.000
    20:        0.000
C:
     0:       21.000       22.000        8.000       48.000      972.000
     5:    10679.520        2.030       16.000      104.900        6.556
    10:       48.000        8.000        0.000        0.000        0.000
    15:        0.000        0.000        0.000        0.000        0.000
    20:        0.000
D:
     0:        7.320        2.600        0.680        7.280        6.600
     5:        8.470        0.680       45.500        1.520        1.680
    10:        3.430        6.080        5.200        3.840        1.990
    15:        2.030
E:
     0:       19.000       11.000       26.000       27.000        6.000
     5:        2.000        4.000       22.000       24.000       12.000
    10:       13.000        8.000        5.000       17.000       21.000
    15:       22.000       21.000       22.000       18.000       14.000
    20:       10.000       21.000       22.000        6.000       19.000
    25:       11.000        6.000        6.000        6.000        6.000
    30:        6.000        6.000        6.000        6.000        6.000
    35:        6.000        2.000        4.000       22.000       24.000
    40:       12.000       13.000        8.000        5.000       17.000
    45:       21.000       22.000        6.000       18.000       14.000
    50:       10.000       19.000       11.000        6.000        2.000
    55:        4.000       22.000       24.000       12.000       13.000
    60:        8.000        5.000       17.000       18.000       14.000
    65:       10.000       19.000       11.000        2.000        4.000
    70:       22.000       24.000       12.000       13.000        8.000
    75:        5.000       17.000       21.000       22.000       21.000
    80:       22.000       21.000       22.000       18.000       14.000
    85:       10.000       19.000       11.000        1.000        2.000
    90:        4.000       22.000       24.000       12.000       13.000
    95:        8.000        5.000       17.000        6.000        6.000
   100:       21.000       22.000       18.000       21.000       22.000
   105:       14.000       10.000        6.000       19.000       11.000
   110:        6.000        6.000        6.000        6.000        6.000
   115:        6.000        6.000        6.000        6.000        6.000
   120:        6.000        6.000        6.000        6.000        6.000
   125:        6.000        6.000        6.000        6.000        6.000
   130:        6.000        6.000        6.000        6.000        6.000
   135:        6.000        6.000        6.000        6.000        6.000
   140:        6.000        6.000        6.000        6.000        6.000
   145:        6.000        6.000        6.000        6.000        6.000
   150:        6.000        6.000        6.000        6.000        6.000
   155:        6.000        6.000        6.000        6.000        6.000
   160:        6.000        6.000        6.000        6.000        6.000
   165:        6.000        6.000        6.000        6.000        6.000
   170:        6.000        6.000        6.000        6.000        6.000
   175:        6.000        6.000        6.000        6.000        6.000
   180:        6.000        6.000        6.000        6.000        6.000
   185:        6.000        6.000        6.000        6.000        6.000
   190:        6.000        6.000        6.000        6.000        6.000
   195:        6.000        6.000        6.000        6.000        6.000
   200:        6.000        6.000        6.000        6.000        6.000
   205:        6.000        6.000        2.000        4.000       22.000
   210:       24.000       12.000       13.000        8.000        5.000
   215:       17.000       21.000       22.000       21.000       22.000
   220:       18.000       21.000       22.000       14.000       10.000
   225:        6.000       19.000       11.000        6.000        6.000
   230:        6.000        6.000        6.000        6.000        6.000
   235:        6.000        6.000        6.000        6.000        6.000
   240:        6.000        6.000        6.000        6.000        6.000
   245:        6.000        6.000        6.000        6.000        6.000
   250:        6.000        6.000        6.000        6.000        6.000
   255:        6.000        6.000        6.000        6.000        6.000
   260:        6.000        6.000        6.000        6.000        6.000
   265:        6.000        6.000        6.000        6.000        6.000
   270:        6.000        6.000        6.000        6.000        6.000
   275:        6.000        6.000        6.000        6.000        6.000
   280:        6.000        6.000        6.000        6.000        6.000
   285:        6.000        6.000        6.000        6.000        6.000
   290:        6.000        6.000        6.000        6.000        6.000
   295:        6.000        6.000        6.000        6.000        6.000
   300:        6.000        6.000        1.000        6.000        6.000
   305:        6.000        2.000        4.000       22.000       24.000
   310:       12.000       13.000        8.000        5.000       17.000
   315:       18.000       14.000       10.000        6.000        6.000
   320:        6.000        6.000       19.000       11.000        2.000
   325:        4.000       22.000       24.000       12.000       13.000
   330:        8.000        5.000       17.000       21.000       22.000
   335:       21.000       22.000       18.000       14.000       10.000
   340:       19.000       11.000        2.000        4.000       22.000
   345:       24.000       12.000       13.000        8.000        5.000
   350:       17.000       21.000       22.000       18.000       21.000
   355:       22.000       14.000       10.000        6.000       19.000
   360:       11.000        6.000        2.000        4.000       22.000
   365:       24.000       12.000       13.000        8.000        5.000
   370:       17.000        6.000       18.000       14.000       10.000
   375:       19.000       11.000        6.000        6.000        6.000
   380:        6.000        6.000        6.000        6.000        6.000
   385:        6.000        6.000        6.000        6.000        6.000
   390:        6.000        2.000        4.000       22.000       24.000
   395:       12.000       13.000        8.000        5.000       17.000
   400:       21.000       22.000       18.000       14.000       10.000
   405:       19.000       11.000        6.000        6.000        6.000
   410:        6.000        6.000        6.000        6.000        6.000
   415:        6.000        6.000        2.000        4.000       22.000
   420:       24.000       12.000       13.000        8.000        5.000
   425:       17.000        6.000       18.000       14.000       10.000
   430:        6.000       19.000       11.000        6.000        6.000
   435:        6.000        6.000        6.000        6.000        6.000
   440:        6.000        6.000        6.000        6.000        6.000
   445:        6.000        2.000        4.000       22.000       24.000
   450:       12.000       13.000        8.000        5.000       17.000
   455:        6.000       18.000       14.000       10.000       19.000
   460:       11.000        6.000        6.000        2.000        4.000
   465:       22.000       24.000       12.000       13.000        8.000
   470:        5.000       17.000        6.000        6.000        6.000
   475:       18.000       14.000       10.000        6.000        6.000
   480:       19.000       11.000        6.000        6.000        6.000
   485:        6.000        6.000        6.000        6.000        6.000
   490:        2.000        4.000       22.000       24.000       12.000
   495:       13.000        8.000        5.000       17.000       18.000
   500:       14.000       10.000       19.000       11.000        2.000
   505:        4.000       22.000       24.000       12.000       13.000
   510:        8.000        5.000       17.000       18.000       14.000
   515:       10.000        6.000        6.000        6.000        6.000
   520:       19.000       11.000        1.000        6.000        1.000
   525:        1.000        6.000        6.000        6.000        6.000
   530:        6.000        6.000        2.000        4.000       22.000
   535:       24.000       12.000       13.000        8.000        5.000
   540:       17.000       21.000       22.000       21.000       22.000
   545:       21.000       22.000       18.000       21.000       22.000
   550:       14.000       10.000       21.000       22.000       21.000
   555:       22.000       21.000       22.000       21.000       22.000
   560:       19.000       11.000        2.000        4.000       22.000
   565:       24.000       12.000       13.000        8.000        5.000
   570:       17.000       21.000       22.000       18.000       14.000
   575:       10.000        6.000        6.000        6.000       19.000
   580:       11.000        6.000        6.000        6.000        6.000
   585:        6.000        6.000        6.000        6.000        6.000
   590:        6.000        6.000        6.000        6.000        6.000
   595:        6.000        6.000        6.000        6.000        6.000
   600:        6.000        6.000        6.000        6.000        6.000
   605:        6.000        6.000        6.000        6.000        6.000
   610:        6.000        6.000        6.000        6.000        6.000
   615:        6.000        6.000        6.000        6.000        6.000
   620:        6.000        6.000        6.000        6.000        6.000
   625:        6.000        6.000        6.000        6.000        6.000
   630:        6.000        6.000        6.000        6.000        6.000
   635:        6.000        6.000        6.000        6.000        6.000
   640:        6.000        6.000        6.000        6.000        6.000
   645:        6.000        6.000        6.000        6.000        6.000
   650:        6.000        6.000        6.000        6.000        6.000
   655:        6.000        6.000        6.000        6.000        6.000
   660:        6.000        6.000        6.000        6.000        6.000
   665:        6.000        6.000        6.000        6.000        6.000
   670:        6.000        6.000        6.000        6.000        6.000
   675:        6.000        6.000        6.000        6.000        6.000
   680:        6.000        6.000        6.000        6.000        6.000
   685:        6.000        6.000        6.000        6.000        6.000
   690:        6.000        6.000        6.000        6.000        6.000
   695:        6.000        6.000        6.000        6.000        6.000
   700:        6.000        6.000        6.000        6.000        6.000
   705:        6.000        6.000        6.000        6.000        6.000
   710:        6.000        6.000        6.000        6.000        6.000
   715:        6.000        6.000        6.000        6.000        6.000
   720:        6.000        6.000        6.000        6.000        6.000
   725:        6.000        6.000        6.000        6.000        6.000
   730:        6.000        6.000        6.000        6.000        6.000
   735:        6.000        6.000        6.000        6.000        6.000
   740:        6.000        6.000        6.000        6.000        6.000
   745:        6.000        6.000        6.000        6.000        6.000
   750:        6.000        6.000        6.000        6.000        6.000
   755:        6.000        6.000        6.000        6.000        6.000
   760:        6.000        6.000        6.000        6.000        6.000
   765:        6.000        6.000        6.000        6.000        6.000
   770:        6.000        6.000        6.000        6.000        6.000
   775:        6.000        6.000        6.000        6.000        6.000
   780:        6.000        6.000        6.000        6.000        6.000
   785:        6.000        6.000        6.000        6.000        6.000
   790:        6.000        6.000        6.000        6.000        6.000
   795:        6.000        6.000        6.000        6.000        6.000
   800:        6.000        6.000        6.000        6.000        6.000
   805:        6.000        6.000        6.000        6.000        6.000
   810:        6.000        6.000        6.000        6.000        6.000
   815:        6.000        6.000        6.000        6.000        6.000
   820:        6.000        6.000        6.000        6.000        6.000
   825:        6.000        6.000        6.000        6.000        6.000
   830:        6.000        6.000        6.000        6.000        6.000
   835:        6.000        6.000        6.000        6.000        6.000
   840:        6.000        6.000        6.000        6.000        6.000
   845:        6.000        6.000        6.000        6.000        6.000
   850:        6.000        6.000        6.000        6.000        6.000
   855:        6.000        6.000        6.000        6.000        6.000
   860:        6.000        6.000        6.000        6.000        6.000
   865:        6.000        6.000        6.000        6.000        6.000
   870:        6.000        6.000        6.000        6.000        6.000
   875:        6.000        6.000        6.000        6.000        6.000
   880:        6.000        6.000        6.000        6.000        6.000
   885:        6.000        6.000        6.000        6.000        6.000
   890:        6.000        6.000        6.000        6.000        6.000
   895:        6.000        6.000        6.000        6.000        6.000
   900:        6.000        6.000        6.000        6.000        6.000
   905:        6.000        6.000        6.000        6.000        6.000
   910:        6.000        6.000        6.000        6.000        6.000
   915:        6.000        6.000        6.000        6.000        6.000
   920:        6.000        6.000        6.000        6.000        6.000
   925:        6.000        6.000        6.000        6.000        6.000
   930:        6.000        6.000        6.000        6.000        6.000
   935:        6.000        6.000        6.000        6.000        6.000
   940:        6.000        6.000        6.000        6.000        6.000
   945:        6.000        6.000        6.000        6.000        6.000
   950:        2.000        4.000       22.000       24.000       12.000
   955:       13.000        8.000        5.000       17.000        6.000
   960:       18.000        6.000        6.000        6.000        6.000
   965:       14.000       10.000       19.000       11.000        6.000
   970:        6.000        6.000        6.000        6.000        6.000
   975:        6.000        6.000        6.000        6.000        6.000
   980:        6.000        6.000        6.000        6.000        6.000
   985:        6.000        6.000        6.000        6.000        6.000
   990:        6.000        6.000        6.000        6.000        6.000
   995:        6.000        6.000        6.000        6.000        6.000
  1000:        6.000        6.000        6.000        6.000        6.000
  1005:        6.000        6.000        6.000        6.000        6.000
  1010:        6.000        6.000        6.000        6.000        6.000
  1015:        6.000        6.000        6.000        6.000        6.000
  1020:        6.000        6.000        6.000        6.000        6.000
  1025:        6.000        6.000        6.000        6.000        6.000
  1030:        6.000        6.000        6.000        6.000        6.000
  1035:        6.000        6.000        6.000        6.000        6.000
  1040:        6.000        6.000        6.000        6.000        6.000
  1045:        6.000        6.000        6.000        6.000        6.000
  1050:        6.000        6.000        6.000        6.000        6.000
  1055:        6.000        6.000        6.000        6.000        6.000
  1060:        6.000        6.000        6.000        6.000        6.000
  1065:        6.000        6.000        6.000        6.000        6.000
  1070:        6.000        6.000        6.000        6.000        6.000
  1075:        6.000        6.000        6.000        6.000        6.000
  1080:        6.000        6.000        6.000        6.000        6.000
  1085:        6.000        6.000        6.000        6.000        6.000
  1090:        6.000        6.000        6.000        6.000        6.000
  1095:        6.000        6.000        6.000        6.000        6.000
  1100:        6.000        6.000        6.000        6.000        6.000
  1105:        6.000        6.000        6.000        6.000        6.000
  1110:        6.000        6.000        6.000        6.000        6.000
  1115:        6.000        6.000        6.000        6.000        6.000
  1120:        6.000        6.000        6.000        6.000        6.000
  1125:        6.000        6.000        6.000        6.000        6.000
  1130:        6.000        6.000        6.000        6.000        6.000
  1135:        6.000        6.000        6.000        6.000        6.000
  1140:        6.000        6.000        6.000        6.000        6.000
  1145:        6.000        6.000        6.000        6.000        6.000
  1150:        6.000        6.000        6.000        6.000        6.000
  1155:        6.000        6.000        6.000        6.000        6.000
  1160:        6.000        6.000        6.000        6.000        6.000
  1165:        6.000        6.000        6.000        6.000        6.000
  1170:        6.000        6.000        6.000        6.000        6.000
  1175:        6.000        6.000        6.000        6.000        6.000
  1180:        6.000        6.000        6.000        6.000        6.000
  1185:        6.000        6.000        6.000        6.000        6.000
  1190:        6.000        6.000        6.000        6.000        6.000
  1195:        6.000        6.000        6.000        6.000        6.000
  1200:        6.000        6.000        6.000        6.000        6.000
  1205:        6.000        6.000        6.000        6.000        6.000
  1210:        6.000        6.000        6.000        6.000        6.000
  1215:        6.000        6.000        6.000        6.000        6.000
  1220:        6.000        6.000        6.000        6.000        6.000
  1225:        6.000        6.000        6.000        6.000        6.000
  1230:        6.000        6.000        6.000        6.000        6.000
  1235:        6.000        6.000        6.000        1.000        6.000
  1240:        6.000        6.000        6.000        6.000        6.000
  1245:        6.000        6.000        6.000        6.000        6.000
  1250:        6.000        6.000        2.000        4.000       22.000
  1255:       24.000       12.000       13.000        8.000        5.000
  1260:       17.000        6.000        6.000        6.000       18.000
  1265:       14.000       10.000        6.000        6.000        6.000
  1270:       19.000       11.000        6.000        6.000        6.000
  1275:        6.000        6.000        6.000        6.000        6.000
  1280:        6.000        6.000        6.000        6.000        6.000
  1285:        6.000        6.000        6.000        6.000        6.000
  1290:        6.000        6.000        6.000        6.000        6.000
  1295:        6.000        6.000        6.000        6.000        6.000
  1300:        6.000        6.000        6.000        6.000        6.000
  1305:        6.000        1.000        6.000        1.000        2.000
  1310:        4.000       22.000       24.000       12.000       13.000
  1315:        8.000        5.000       17.000       21.000       22.000
  1320:        6.000        6.000        6.000        6.000       18.000
  1325:       14.000       10.000        6.000        6.000       19.000
  1330:       11.000        6.000      100.000
T:
     0:        0.000        0.000        0.000        0.000      106.130
     5:      119.090      119.090      119.090      119.100      119.100
    10:      119.100      119.100      119.100      119.100      119.790
    15:      119.790      121.780      121.780      123.100      124.100
    20:      124.100      124.680      124.680      126.420      129.090
    25:      129.100      195.080      196.330      197.440      198.040
    30:      199.880      248.160      251.030      251.150      251.180
    35:      251.210      454.740      454.740      454.740      454.750
    40:      454.750      454.750      454.750      454.750      454.750
    45:      455.500      455.500      457.350      458.750      459.750
    50:      459.750      464.740      464.750      470.660      473.870
    55:      473.870      473.870      473.880      473.880      473.880
    60:      473.880      473.880      473.880      477.880      478.880
    65:      478.880      483.870      483.880      493.380      493.380
    70:      493.380      493.390      493.390      493.390      493.390
    75:      493.390      493.390      493.770      493.770      495.110
    80:      495.110      496.880      496.880      497.390      498.390
    85:      498.390      503.380      503.390      641.990      644.020
    90:      644.020      644.020      644.030      644.030      644.030
    95:      644.030      644.030      644.030      644.710      644.820
   100:      646.610      646.610      648.030      648.240      648.240
   105:      649.030      649.030      653.120      654.020      654.030
   110:      656.250      660.310      661.320      661.660      661.730
   115:      663.050      663.850      666.000      666.960      667.740
   120:      668.360      672.190      672.420      673.060      673.390
   125:      673.430      674.200      675.900      676.890      677.060
   130:      677.440      677.620      707.670      708.180      710.230
   135:      882.640      883.280      883.400      884.750     1143.560
   140:     1144.170     1146.200     1152.010     1152.370     1152.510
   145:     1152.870     1153.550     1157.440     1163.610     1167.370
   150:     1170.440     1190.180     1192.790     1193.650     1196.830
   155:     1199.390     1200.970     1201.360     1213.500     1217.520
   160:     1227.890     1228.240     1228.770     1228.870     1228.900
   165:     1229.040     1229.570     1234.810     1235.160     1236.890
   170:     1248.770     1249.880     1252.580     1253.140     1253.180
   175:     1253.240     1254.410     1254.480     1254.760     1263.300
   180:     1263.430     1275.010     1276.700     1277.440     1279.730
   185:     1285.640     1285.920     1286.140     1287.370     1289.790
   190:     1289.990     1290.270     1293.850     1338.840     1348.650
   195:     1350.630     1358.970     1367.930     1375.580     1378.730
   200:     1517.130     1517.210     1521.980     1524.010     1524.090
   205:     1525.060     1525.180     1587.500     1587.500     1587.500
   210:     1587.510     1587.510     1587.510     1587.510     1587.510
   215:     1587.510     1588.830     1588.830     1590.710     1590.710
   220:     1591.510     1592.370     1592.370     1592.510     1592.510
   225:     1594.790     1597.500     1597.510     1623.810     1624.210
   230:     1638.150     1638.370     1638.530     1639.580     1641.560
   235:     1642.660     1642.880     2043.120     2045.240     2045.450
   240:     2052.260     2053.000     2053.190     2056.030     2069.770
   245:     2078.980     2086.410     2087.630     2095.230     2106.330
   250:     2108.110     2108.250     2115.200     2128.320     2133.030
   255:     2138.530     2142.390     2142.730     2142.860     2143.430
   260:     2151.300     2153.050     2156.380     2159.650     2164.650
   265:     2285.340     2532.850     2635.150     2636.230     2644.560
   270:     2644.590     2656.650     2660.590     2671.110     2671.960
   275:     2678.780     2678.920     2678.960     2679.570     2679.810
   280:     2681.020     2752.540     2803.180     2805.910     2808.110
   285:     2808.370     2808.400     2811.140     2823.680     2824.020
   290:     2825.310     2825.410     2828.890     2836.600     2846.650
   295:     2846.740     2853.220     2853.380     2860.070     2875.800
   300:     2898.190     2905.760     2965.260     3016.500     3016.900
   305:     3029.430     3030.900     3030.900     3030.900     3030.910
   310:     3030.910     3030.910     3030.910     3030.910     3030.910
   315:     3034.910     3035.910     3035.910     3037.510     3037.630
   320:     3039.270     3039.460     3040.900     3040.910     3055.260
   325:     3055.260     3055.260     3055.270     3055.270     3055.270
   330:     3055.270     3055.270     3055.270     3058.610     3058.610
   335:     3058.740     3058.740     3059.270     3060.270     3060.270
   340:     3065.260     3065.270     3066.710     3066.710     3066.710
   345:     3066.720     3066.720     3066.720     3066.720     3066.720
   350:     3066.720     3068.750     3068.750     3070.720     3070.830
   355:     3070.830     3071.720     3071.720     3075.190     3076.710
   360:     3076.720     3093.630     3152.720     3152.720     3152.720
   365:     3152.730     3152.730     3152.730     3152.730     3152.730
   370:     3152.730     3153.410     3156.730     3157.730     3157.730
   375:     3162.720     3162.730     3166.350     3281.280     3520.380
   380:     3528.000     3554.780     3559.590     3562.240     3564.880
   385:     3572.740     3585.510     3588.020     3599.220     3616.560
   390:     3660.790     3667.590     3667.590     3667.590     3667.600
   395:     3667.600     3667.600     3667.600     3667.600     3667.600
   400:     3668.440     3668.440     3671.600     3672.600     3672.600
   405:     3677.590     3677.600     3713.100     3713.440     3714.130
   410:     3762.850     3764.020     3771.590     3805.320     3842.430
   415:     3844.260     3844.430     3851.110     3851.110     3851.110
   420:     3851.120     3851.120     3851.120     3851.120     3851.120
   425:     3851.120     3852.640     3855.120     3856.120     3856.120
   430:     3857.820     3861.110     3861.120     3869.740     3875.940
   435:     3876.310     3884.730     3884.980     3885.730     3892.610
   440:     3892.750     3893.980     4036.410     4038.130     4473.210
   445:     4480.270     4489.210     4489.210     4489.210     4489.220
   450:     4489.220     4489.220     4489.220     4489.220     4489.220
   455:     4490.900     4493.220     4494.220     4494.220     4499.210
   460:     4499.220     4509.260     4512.340     4526.520     4526.520
   465:     4526.520     4526.530     4526.530     4526.530     4526.530
   470:     4526.530     4526.530     4529.960     4530.410     4530.500
   475:     4530.530     4531.530     4531.530     4535.370     4535.600
   480:     4536.520     4536.530     4544.000     4576.740     4578.200
   485:     4578.240     4578.320     4592.790     4595.080     4645.450
   490:     4687.500     4687.500     4687.500     4687.510     4687.510
   495:     4687.510     4687.510     4687.510     4687.510     4691.510
   500:     4692.510     4692.510     4697.500     4697.510     4698.940
   505:     4698.940     4698.940     4698.950     4698.950     4698.950
   510:     4698.950     4698.950     4698.950     4702.950     4703.950
   515:     4703.950     4705.030     4705.360     4708.100     4708.130
   520:     4708.940     4708.950     4724.190     4832.580     4846.700
   525:     4855.120     4898.270     4899.910     4901.010     4901.110
   530:     4903.790     4904.460     4909.180     4909.180     4909.180
   535:     4909.190     4909.190     4909.190     4909.190     4909.190
   540:     4909.190     4910.130     4910.130     4910.460     4910.460
   545:     4911.500     4911.500     4913.190     4913.570     4913.570
   550:     4914.190     4914.190     4914.450     4914.450     4915.580
   555:     4915.580     4916.060     4916.060     4918.290     4918.290
   560:     4919.180     4919.190     4921.000     4921.000     4921.000
   565:     4921.010     4921.010     4921.010     4921.010     4921.010
   570:     4921.010     4923.930     4923.930     4925.010     4926.010
   575:     4926.010     4926.210     4927.720     4928.020     4931.000
   580:     4931.010     4941.960     4942.640     4943.310     4946.390
   585:     4984.310     4984.460     4985.300     4985.540     4985.910
   590:     4985.930     4988.770     4989.680     4990.120     4990.160
   595:     4990.470     4991.680     4992.220     4993.380     5021.050
   600:     5021.490     5021.610     5028.510     5029.150     5036.880
   605:     5038.820     5039.220     5039.310     5042.970     5047.860
   610:     5048.110     5048.250     5050.910     5052.930     5054.740
   615:     5055.280     5059.970     5084.070     5084.570     5085.380
   620:     5089.680     5093.250     5119.090     5119.640     5151.140
   625:     5188.110     5194.820     5196.520     5197.910     5213.920
   630:     5233.900     5255.290     5291.940     5299.960     5419.520
   635:     5434.010     5507.230     5507.530     5512.080     5512.570
   640:     5522.510     5522.890     5523.360     5549.660     5549.830
   645:     5553.470     5557.980     5565.940     5569.490     5570.350
   650:     5572.350     5572.900     5578.750     5578.840     5580.910
   655:     5588.260     5588.940     5590.660     5600.360     5606.100
   660:     5609.890     5610.080     5610.310     5618.590     5632.740
   665:     5632.820     5632.990     5633.100     5633.250     5633.540
   670:     5633.790     5634.240     5635.710     5648.890     5658.560
   675:     5660.280     5660.470     5660.710     5664.800     5665.530
   680:     5666.380     5674.390     5676.010     5676.660     5679.130
   685:     5702.400     5704.280     5704.490     5709.310     5714.040
   690:     5716.230     5739.010     5740.030     5740.340     5740.390
   695:     5740.700     5741.830     5742.500     5745.650     5745.750
   700:     5746.960     5754.950     5757.080     5761.920     5762.620
   705:     5771.660     5772.890     5772.990     5778.500     5779.560
   710:     5780.430     5784.660     5785.870     5787.880     5788.720
   715:     5793.820     5800.490     5807.690     5820.070     5820.140
   720:     5820.750     5826.500     5826.970     5828.850     5834.500
   725:     5835.490     5838.020     5841.180     5846.010     5847.150
   730:     5847.320     5851.890     5855.950     5858.860     5862.900
   735:     5865.230     5866.280     5866.510     5867.210     5868.230
   740:     5889.270     5903.800     5942.570     5949.570     5950.920
   745:     5951.050     5957.790     5963.820     5964.390     6041.170
   750:     6110.060     6110.450     6111.790     6130.090     6184.770
   755:     6185.580     6216.680     6224.170     6249.460     6253.250
   760:     6254.300     6255.420     6264.950     6265.540     6269.910
   765:     6270.300     6271.760     6272.030     6292.730     6293.600
   770:     6304.990     6308.170     6309.020     6313.540     6314.450
   775:     6319.710     6324.000     6351.430     6352.380     6373.710
   780:     6374.330     6376.980     6466.880     6467.430     6471.040
   785:     6471.290     6471.900     6472.190     6480.930     6507.540
   790:     6511.510     6522.430     6525.640     6526.050     6528.470
   795:     6528.830     6546.500     6552.780     6579.660     6616.550
   800:     6620.440     6623.940     6624.160     6688.560     6710.910
   805:     6723.480     6728.480     6749.890     6763.170     6764.690
   810:     6765.040     6770.890     6788.460     6788.580     6798.690
   815:     6798.860     6799.290     6800.560     6800.990     6801.320
   820:     6812.280     6816.900     6826.210     6827.330     6827.790
   825:     6829.030     6829.210     6829.630     6829.960     6831.230
   830:     6831.460     6831.730     6901.190     6916.360     6916.660
   835:     6950.660     6951.460     6953.550     6953.590     6957.710
   840:     6962.170     6962.840     6963.140     6963.250     6963.270
   845:     6970.840     6973.350     6981.050     6982.470     6982.810
   850:     6984.070     6984.290     7045.570     7046.140     7046.580
   855:     7046.600     7049.840     7165.510     7168.650     7169.320
   860:     7169.660     7175.200     7184.730     7185.980     7195.710
   865:     7196.640     7197.960     7199.840     7203.670     7204.020
   870:     7204.220     7204.300     7204.770     7204.900     7206.300
   875:     7210.100     7210.520     7210.760     7210.790     7210.860
   880:     7218.070     7218.360     7219.440     7219.610     7219.840
   885:     7220.340     7224.360     7225.950     7231.510     7234.820
   890:     7235.310     7292.320     7301.970     7302.650     7303.770
   895:     7303.880     7303.920     7304.010     7305.170     7315.960
   900:     7316.730     7316.800     7316.870     7317.190     7320.060
   905:     7320.120     7325.370     7325.990     7335.920     7336.670
   910:     7336.900     7337.000     7337.120     7337.210     7337.260
   915:     7337.670     7343.760     7344.080     7344.330     7344.570
   920:     7345.590     7346.870     7360.390     7361.020     7361.150
   925:     7361.230     7361.290     7361.610     7361.730     7364.400
   930:     7364.440     7364.510     7370.680     7371.320     7371.680
   935:     7372.280     7389.680     7392.430     7393.010     7393.170
   940:     7393.870     7505.330     7505.440     7508.730     7509.080
   945:     7509.400     7509.560     7509.700     7511.270     7512.350
   950:     7727.690     7727.690     7727.690     7727.700     7727.700
   955:     7727.700     7727.700     7727.700     7727.700     7731.540
   960:     7731.700     7732.030     7732.120     7732.180     7732.310
   965:     7732.700     7732.700     7737.690     7737.700     7743.740
   970:     7774.320     7796.730     7796.810     7797.080     7800.620
   975:     7801.530     7803.850     7805.890     7809.380     7809.600
   980:     7809.720     7809.950     7810.130     7810.190     7811.590
   985:     7812.540     7981.290     8034.530     8035.450     8035.540
   990:     8036.880     8040.700     8041.130     8041.340     8046.770
   995:     8048.630     8053.760     8056.340     8072.440     8072.650
  1000:     8099.170     8099.500     8117.360     8117.580     8122.140
  1005:     8123.570     8137.050     8138.770     8139.340     8139.930
  1010:     8141.320     8147.090     8147.290     8149.730     8150.060
  1015:     8151.010     8156.390     8168.470     8169.940     8170.090
  1020:     8170.710     8170.880     8170.920     8170.960     8170.990
  1025:     8171.090     8196.810     8202.860     8203.640     8203.850
  1030:     8210.920     8215.710     8226.520     8228.230     8236.350
  1035:     8237.390     8237.500     8237.560     8237.870     8238.860
  1040:     8276.100     8281.400     8281.900     8283.190     8283.450
  1045:     8344.080     8344.180     8344.890     8359.110     8361.010
  1050:     8364.110     8366.000     8367.030     8367.180     8373.020
  1055:     8373.280     8373.770     8377.500     8377.960     8379.050
  1060:     8397.540     8400.810     8405.990     8409.460     8410.340
  1065:     8410.740     8410.890     8447.780     8486.440     8507.870
  1070:     8547.210     8550.400     8551.200     8575.150     8575.580
  1075:     8576.430     8578.240     8579.420     8579.560     8598.530
  1080:     8598.970     8599.320     8599.440     8599.580     8600.080
  1085:     8607.220     8607.250     8611.350     8612.430     8615.820
  1090:     8616.530     8616.580     8642.130     8642.180     8642.230
  1095:     8644.200     8653.350     8653.830     8654.310     8654.350
  1100:     8654.660     8654.730     8669.850     8693.170     8693.380
  1105:     8694.510     8698.420     8698.880     8698.910     8699.040
  1110:     8700.780     8711.330     8722.430     8722.720     8722.750
  1115:     8745.900     8746.340     8746.820     8747.230     8747.310
  1120:     8747.360     8753.460     8788.680     8794.680     8795.540
  1125:     8795.880     8796.160     8796.220     8796.410     8796.550
  1130:     8796.670     8797.950     8808.430     8841.130     8857.100
  1135:     8861.330     8866.450     8867.380     8868.200     8868.320
  1140:     8993.030     8997.720     8998.620     8999.080     9012.050
  1145:     9054.860     9056.260     9061.690     9063.120     9067.930
  1150:     9067.960     9071.850     9072.350     9072.940     9076.490
  1155:     9076.550     9079.670     9084.750     9085.340     9086.820
  1160:     9086.880     9103.420     9103.560     9103.750     9103.810
  1165:     9104.510     9108.570     9114.090     9119.590     9124.370
  1170:     9124.430     9130.860     9132.230     9151.590     9166.660
  1175:     9167.210     9167.270     9167.580     9196.440     9196.540
  1180:     9196.600     9200.020     9200.200     9205.640     9206.580
  1185:     9206.690     9209.830     9218.880     9219.180     9219.660
  1190:     9220.520     9227.320     9228.820     9232.540     9232.700
  1195:     9233.340     9233.380     9236.960     9237.980     9238.060
  1200:     9244.370     9244.450     9245.050     9245.270     9246.120
  1205:     9246.270     9253.440     9253.900     9254.280     9263.640
  1210:     9265.740     9266.940     9267.410     9268.840     9269.290
  1215:     9272.370     9274.490     9275.550     9276.630     9278.460
  1220:     9279.720     9279.980     9280.390     9282.400     9292.300
  1225:     9293.490     9293.680     9294.770     9295.960     9304.280
  1230:     9304.880     9306.130     9605.970     9611.030     9612.460
  1235:     9628.710     9635.450     9636.300     9711.700     9740.730
  1240:     9752.370     9762.130     9762.440     9762.840     9763.760
  1245:     9764.140     9774.870     9775.130     9778.410     9817.750
  1250:     9835.510     9855.610     9914.480     9914.480     9914.480
  1255:     9914.490     9914.490     9914.490     9914.490     9914.490
  1260:     9914.490     9916.480     9916.720     9916.920     9918.490
  1265:     9919.490     9919.490     9920.040     9920.120     9920.210
  1270:     9924.480     9924.490     9929.600     9930.060     9930.140
  1275:     9949.700     9953.090     9962.940     9963.000     9963.190
  1280:     9963.230     9963.610     9964.560     9964.610     9965.660
  1285:     9966.430     9966.730     9974.770     9976.020    10358.710
  1290:    10372.260    10372.450    10381.550    10382.130    10385.530
  1295:    10386.110    10386.430    10387.090    10465.610    10467.430
  1300:    10471.540    10569.470    10569.850    10570.000    10604.440
  1305:    10605.280    10640.360    10645.500    10658.190    10679.510
  1310:    10679.510    10679.510    10679.520    10679.520    10679.520
  1315:    10679.520    10679.520    10679.520    10680.480    10680.480
  1320:    10681.550    10681.690    10681.900    10682.040    10683.520
  1325:    10684.520    10684.520    10686.800    10687.190    10689.510
  1330:    10689.520    10709.180    10800.000
