File: C:\MED-PC\Data\2025-04-01_11h40m_Subject 89.txt


Start Date: 04/01/25
End Date: 04/01/25
Subject: 89
Experiment: OralFentSA
Group: One
Box: 5
Start Time: 11:40:55
End Time: 14:42:31
MSN: Golden_Liq_SelfAdmin_EXT
F:       0.000
G:     486.000
H:   10800.000
I:       0.000
J:       0.000
K:       0.000
L:       0.000
M:       0.000
N:       0.000
O:       0.000
P:       0.000
Q:       0.000
R:       0.000
S:       0.000
U:       0.000
V:       0.000
W:       0.000
X:       0.000
Y:       0.000
Z:       0.000
A:
     0:        0.000        0.000      180.000        4.000        0.000
     5:        5.000        0.000        5.000        0.000        0.000
    10:        1.000        0.000       10.000   100000.000       20.000
    15:       22.000      600.000        0.000        0.000        0.000
    20:        0.000
B:
     0:        0.000        0.000        0.000        0.000        0.000
     5:        0.000        0.000        0.000        0.000        0.000
    10:        0.000        0.000     1000.000 10000000.000        0.000
    15:        0.000        0.000        0.000        0.000        0.000
    20:        0.000
C:
     0:        0.000       31.000        9.000       33.000      257.000
     5:    10653.280        9.870       27.000     1185.980       43.925
    10:       33.000        9.000        0.000        0.000        0.000
    15:        0.000        0.000        0.000        0.000        0.000
    20:        0.000
D:
     0:       36.980      103.600        5.450       35.140       93.070
     5:       32.010        1.340       68.280       72.750      190.190
    10:       26.290       16.140      195.980       89.740        2.910
    15:       15.080       18.760       28.150       29.650        8.980
    20:        6.790       13.860        8.930       14.110       22.590
    25:       39.340        9.870
E:
     0:       19.000       11.000       26.000       27.000        2.000
     5:        4.000       22.000       24.000       12.000       19.000
    10:       11.000        6.000        6.000        6.000        6.000
    15:        2.000        4.000       22.000       24.000       12.000
    20:       19.000       11.000        1.000        6.000        6.000
    25:        1.000        6.000        6.000        6.000        6.000
    30:        6.000        2.000        4.000       22.000       24.000
    35:       12.000        6.000       19.000       11.000        6.000
    40:        6.000        6.000        6.000        6.000        6.000
    45:        2.000        4.000       22.000       24.000       12.000
    50:       19.000       11.000        6.000        6.000        6.000
    55:        6.000        6.000        1.000        6.000        2.000
    60:        4.000       22.000       24.000       12.000       19.000
    65:       11.000        6.000        6.000        6.000        6.000
    70:        6.000        2.000        4.000       22.000       24.000
    75:       12.000       19.000       11.000        2.000        4.000
    80:       22.000       24.000       12.000       19.000       11.000
    85:        6.000        6.000        2.000        4.000       22.000
    90:       24.000       12.000        6.000       19.000       11.000
    95:        6.000        6.000        6.000        6.000        6.000
   100:        6.000        6.000        6.000        6.000        6.000
   105:        6.000        6.000        6.000        6.000        6.000
   110:        6.000        2.000        4.000       22.000       24.000
   115:       12.000       19.000       11.000        6.000        6.000
   120:        6.000        6.000        6.000        6.000        6.000
   125:        6.000        6.000        2.000        4.000       22.000
   130:       24.000       12.000       19.000       11.000        6.000
   135:        6.000        6.000        6.000        6.000        6.000
   140:        6.000        6.000        6.000        6.000        6.000
   145:        2.000        4.000       22.000       24.000       12.000
   150:       19.000       11.000        6.000        2.000        4.000
   155:       22.000       24.000       12.000       19.000       11.000
   160:        6.000        6.000        6.000        6.000        6.000
   165:        6.000        2.000        4.000       22.000       24.000
   170:       12.000       19.000       11.000        2.000        4.000
   175:       22.000       24.000       12.000       19.000       11.000
   180:        6.000        6.000        6.000        6.000        6.000
   185:        6.000        6.000        6.000        6.000        6.000
   190:        6.000        6.000        6.000        6.000        1.000
   195:        6.000        6.000        6.000        6.000        6.000
   200:        6.000        6.000        6.000        6.000        2.000
   205:        4.000       22.000       24.000       12.000       19.000
   210:       11.000        6.000        6.000        2.000        4.000
   215:       22.000       24.000       12.000       19.000       11.000
   220:        6.000        6.000        2.000        4.000       22.000
   225:       24.000       12.000       19.000       11.000        2.000
   230:        4.000       22.000       24.000       12.000        6.000
   235:        6.000       19.000       11.000        6.000        6.000
   240:        6.000        6.000        6.000        2.000        4.000
   245:       22.000       24.000       12.000       21.000       22.000
   250:       19.000       11.000        6.000        6.000        6.000
   255:        6.000        6.000        1.000        1.000        6.000
   260:        6.000        6.000        6.000        2.000        4.000
   265:       22.000       24.000       12.000       19.000       11.000
   270:        6.000        6.000        6.000        6.000        6.000
   275:        2.000        4.000       22.000       24.000       12.000
   280:       19.000       11.000        6.000        6.000        6.000
   285:        6.000        6.000        6.000        6.000        2.000
   290:        4.000       22.000       24.000       12.000       19.000
   295:       11.000        6.000        6.000        6.000        6.000
   300:        6.000        1.000        6.000        6.000        2.000
   305:        4.000       22.000       24.000       12.000        6.000
   310:       19.000       11.000        6.000        6.000        6.000
   315:        6.000        6.000        6.000        6.000        6.000
   320:        2.000        4.000       22.000       24.000       12.000
   325:       21.000       22.000       21.000       22.000        6.000
   330:       19.000       11.000        6.000        6.000        6.000
   335:        6.000        6.000        6.000        6.000        6.000
   340:        6.000        6.000        6.000        6.000        6.000
   345:        6.000        6.000        6.000        1.000        2.000
   350:        4.000       22.000       24.000       12.000       19.000
   355:       11.000        6.000        6.000        6.000        6.000
   360:        6.000        6.000        6.000        6.000        6.000
   365:        6.000        2.000        4.000       22.000       24.000
   370:       12.000        6.000        6.000       19.000       11.000
   375:        6.000        6.000        6.000        6.000        6.000
   380:        6.000        6.000        6.000        6.000        6.000
   385:        6.000        6.000        6.000        6.000        6.000
   390:        6.000        6.000        6.000        6.000        6.000
   395:        6.000        6.000        6.000        6.000        6.000
   400:        6.000        6.000        6.000        6.000        6.000
   405:        6.000        6.000        6.000        6.000        2.000
   410:        4.000       22.000       24.000       12.000       19.000
   415:       11.000        6.000        6.000        2.000        4.000
   420:       22.000       24.000       12.000       19.000       11.000
   425:        6.000        6.000        1.000        6.000        6.000
   430:        6.000        6.000        6.000        6.000        6.000
   435:        6.000        6.000        6.000        6.000        6.000
   440:        6.000        6.000        6.000        6.000        6.000
   445:        6.000        6.000        6.000        6.000        6.000
   450:        6.000        6.000        6.000        6.000        6.000
   455:        6.000        2.000        4.000       22.000       24.000
   460:       12.000       19.000       11.000        6.000        6.000
   465:        6.000        6.000        6.000        6.000        6.000
   470:        6.000        6.000        6.000        6.000        6.000
   475:        6.000        2.000        4.000       22.000       24.000
   480:       12.000        6.000       19.000       11.000        6.000
   485:        6.000      100.000
T:
     0:        0.000        0.000        0.000        0.000        0.550
     5:        0.550        0.550        0.560        0.560       10.550
    10:       10.560       37.540       37.970       39.470       39.960
    15:      117.430      117.430      117.430      117.440      117.440
    20:      127.430      127.440      177.890      221.040      221.080
    25:      310.630      314.330      314.940      343.300      391.460
    30:      487.940      541.150      541.150      541.150      541.160
    35:      541.160      546.610      551.150      551.160      593.430
    40:      593.550      677.250      680.010      682.100      682.230
    45:      694.080      694.080      694.080      694.090      694.090
    50:      704.080      704.090      729.230      730.280      730.960
    55:      733.130      736.760      781.660      876.030     1000.980
    60:     1000.980     1000.980     1000.990     1000.990     1010.980
    65:     1010.990     1094.060     1136.070     1168.340     1169.340
    70:     1170.830     1193.000     1193.000     1193.000     1193.010
    75:     1193.010     1203.000     1203.010     1396.890     1396.890
    80:     1396.890     1396.900     1396.900     1406.890     1406.900
    85:     1428.910     1451.290     1584.870     1584.870     1584.870
    90:     1584.880     1584.880     1586.220     1594.870     1594.880
    95:     1632.720     1701.770     1706.330     1711.510     1712.100
   100:     1712.660     1713.050     1713.270     1714.880     1719.660
   105:     1720.990     1721.970     1741.170     1742.130     1745.220
   110:     1745.940     1748.060     1748.060     1748.060     1748.070
   115:     1748.070     1758.060     1758.070     1816.350     1822.220
   120:     1826.840     1832.760     1835.590     1849.520     1856.560
   125:     1858.350     1859.030     1866.590     1866.590     1866.590
   130:     1866.600     1866.600     1876.590     1876.600     1939.350
   135:     1997.830     2070.150     2138.460     2138.690     2195.290
   140:     2260.090     2425.670     2451.220     2475.450     2476.840
   145:     2530.890     2530.890     2530.890     2530.900     2530.900
   150:     2540.890     2540.900     2721.090     2749.270     2749.270
   155:     2749.270     2749.280     2749.280     2759.270     2759.280
   160:     2775.570     2776.010     2776.930     2808.890     2893.170
   165:     2933.600     3029.510     3029.510     3029.510     3029.520
   170:     3029.520     3039.510     3039.520     3044.500     3044.500
   175:     3044.500     3044.510     3044.510     3054.500     3054.510
   180:     3060.650     3060.800     3144.270     3145.480     3439.470
   185:     3441.320     3454.840     3492.120     3510.590     3544.350
   190:     3544.580     3586.860     3612.550     3751.360     3909.310
   195:     3916.770     3916.980     3941.460     3941.540     4015.390
   200:     4018.550     4019.580     4030.220     4051.930     4070.130
   205:     4070.130     4070.130     4070.140     4070.140     4080.130
   210:     4080.140     4266.120     4300.170     4351.330     4351.330
   215:     4351.330     4351.340     4351.340     4361.330     4361.340
   220:     4441.080     4567.640     4595.730     4595.730     4595.730
   225:     4595.740     4595.740     4605.730     4605.740     4732.000
   230:     4732.000     4732.000     4732.010     4732.010     4734.920
   235:     4735.690     4742.000     4742.010     4800.630     5117.250
   240:     5120.430     5134.430     5135.810     5173.200     5173.200
   245:     5173.200     5173.210     5173.210     5175.480     5175.480
   250:     5183.200     5183.210     5188.290     5198.240     5199.060
   255:     5200.410     5202.400     5214.850     5219.720     5232.350
   260:     5234.060     5238.880     5240.410     5243.340     5243.340
   265:     5243.340     5243.350     5243.350     5253.340     5253.350
   270:     5262.110     5301.970     5318.640     5449.050     5451.040
   275:     5569.090     5569.090     5569.090     5569.100     5569.100
   280:     5579.090     5579.100     5597.250     5723.490     5819.310
   285:     5879.320     5913.040     5928.030     5941.560     5960.890
   290:     5960.890     5960.890     5960.900     5960.900     5970.890
   295:     5970.900     5990.550     6029.970     6088.250     6090.290
   300:     6101.250     6343.010     6347.680     6364.400     6403.730
   305:     6403.730     6403.730     6403.740     6403.740     6412.720
   310:     6413.730     6413.740     6482.000     6498.950     6614.840
   315:     6672.260     6680.440     6762.360     6764.950     6827.620
   320:     6839.120     6839.120     6839.120     6839.130     6839.130
   325:     6842.470     6842.470     6842.930     6842.930     6845.920
   330:     6849.120     6849.130     6859.640     6869.720     7017.990
   335:     7042.980     7104.490     7104.580     7104.690     7112.050
   340:     7115.870     7117.030     7121.440     7161.530     7168.380
   345:     7289.280     7291.390     7328.630     7378.330     7461.910
   350:     7461.910     7461.910     7461.920     7461.920     7471.910
   355:     7471.920     7475.780     7480.180     7529.380     7596.500
   360:     7646.020     7663.400     7663.590     7664.290     7759.660
   365:     7865.210     7894.720     7894.720     7894.720     7894.730
   370:     7894.730     7903.660     7903.940     7904.720     7904.730
   375:     7943.630     7943.650     7973.540     8004.580     8005.380
   380:     8015.270     8015.360     8029.510     8048.760     8073.240
   385:     8132.040     8175.370     8243.640     8278.770     8280.810
   390:     8321.340     8347.510     8349.560     8390.530     8441.190
   395:     8463.400     8480.330     8481.630     8484.590     8485.750
   400:     8516.010     8516.500     8565.070     8567.960     8585.840
   405:     8648.360     8669.450     8690.630     8853.870     8919.220
   410:     8919.220     8919.220     8919.230     8919.230     8929.220
   415:     8929.230     8933.340     8935.780     9085.010     9085.010
   420:     9085.010     9085.020     9085.020     9095.010     9095.020
   425:     9107.610     9174.310     9203.480     9268.580     9298.110
   430:     9300.340     9307.800     9345.820     9352.190     9361.710
   435:     9361.850     9406.190     9408.880     9518.440     9671.740
   440:     9674.380     9681.200     9739.560     9746.190     9765.250
   445:     9880.130     9881.660     9915.850     9983.670    10050.120
   450:    10059.100    10109.340    10134.090    10169.320    10181.590
   455:    10251.520    10283.040    10283.040    10283.040    10283.050
   460:    10283.050    10293.040    10293.050    10322.390    10330.780
   465:    10339.240    10364.030    10373.950    10377.190    10396.650
   470:    10441.110    10534.920    10551.260    10584.690    10585.020
   475:    10607.490    10653.270    10653.270    10653.270    10653.280
   480:    10653.280    10663.150    10663.270    10663.280    10754.660
   485:    10763.280    10800.000
