File: C:\MED-PC IV\DATA\!2025-03-17_08h42m.Subject 64



Start Date: 03/17/25
End Date: 03/17/25
Subject: 64
Experiment: OralFentSA
Group: One
Box: 8
Start Time:  8:42:24
End Time: 11:42:34
MSN: Golden_Liq_SelfAdmin_EXT
F:       0.000
G:     296.000
H:   10800.010
I:       0.000
J:       0.000
K:       0.000
L:       0.000
M:       0.000
N:       0.000
O:       0.000
P:       0.000
Q:       0.000
R:       0.000
S:       0.000
U:       0.000
V:       0.000
W:       0.000
X:       0.000
Y:       0.000
Z:       0.000
A:
     0:        0.000        0.000      180.000        4.000        0.000
     5:        5.000        0.000        5.000        0.000        0.000
    10:        1.000        0.000       10.000 100000000.00       26.000
    15:       26.000      640.000        0.000        0.000        0.000
    20:        0.000
B:
     0:        0.000        0.000        0.000        0.000        0.000
     5:        0.000        0.000        0.000        0.000        0.000
    10:        0.000        0.000     1000.000 10000000000.        0.000
    15:        0.000        0.000        0.000        0.000        0.000
    20:        0.000
C:
     0:        0.000       18.000        0.000       44.000      122.000
     5:    10680.480       28.540       12.000      641.070       53.422
    10:       44.000       14.000        0.000        0.000        0.000
    15:        0.000        0.000        0.000        0.000        0.000
    20:        0.000
D:
     0:       17.960      202.000        4.510      129.390       23.940
     5:       88.140       45.830        3.790       67.710       10.270
    10:       18.990       28.540
E:
     0:       19.000       11.000       26.000       27.000        2.000
     5:        4.000       22.000       24.000       19.000       11.000
    10:        6.000        6.000        6.000        6.000        6.000
    15:        6.000        6.000        6.000        6.000        6.000
    20:        6.000        2.000        4.000       22.000       24.000
    25:       21.000       22.000       19.000       11.000        6.000
    30:        6.000       23.000       23.000        2.000        4.000
    35:       22.000       24.000        6.000        6.000        6.000
    40:        6.000        6.000        6.000       19.000       11.000
    45:        6.000        6.000        6.000        6.000        6.000
    50:        6.000        6.000        6.000        2.000        4.000
    55:       22.000       24.000       19.000       11.000        6.000
    60:        6.000        6.000       23.000        6.000        6.000
    65:        6.000       23.000        6.000        6.000        6.000
    70:        6.000        6.000        2.000        4.000       22.000
    75:       24.000       21.000       22.000       21.000       22.000
    80:       21.000       22.000       19.000       11.000        2.000
    85:        4.000       22.000       24.000       21.000       22.000
    90:       21.000       22.000       21.000       22.000       21.000
    95:       22.000       21.000       22.000       21.000       22.000
   100:       21.000       22.000       21.000       22.000       19.000
   105:       11.000        2.000        4.000       22.000       24.000
   110:       21.000       22.000       21.000       22.000       21.000
   115:       22.000       21.000       22.000       21.000       22.000
   120:       19.000       11.000        2.000        4.000       22.000
   125:       24.000       21.000       22.000       21.000       22.000
   130:       21.000       22.000       19.000       11.000        2.000
   135:        4.000       22.000       24.000       21.000       22.000
   140:       21.000       22.000       21.000       22.000       21.000
   145:       22.000       21.000       22.000       19.000       11.000
   150:        6.000        6.000        6.000        2.000        4.000
   155:       22.000       24.000       21.000       22.000       19.000
   160:       11.000        6.000        6.000        2.000        4.000
   165:       22.000       24.000       19.000       11.000        6.000
   170:        6.000        6.000        6.000        6.000        6.000
   175:        6.000        6.000        6.000        6.000        6.000
   180:        6.000        6.000        6.000        6.000        6.000
   185:        6.000        6.000        6.000        6.000        6.000
   190:        6.000        6.000        6.000        6.000        6.000
   195:        2.000        4.000       22.000       24.000        6.000
   200:        6.000        6.000       19.000       11.000        2.000
   205:        4.000       22.000       24.000       19.000       11.000
   210:       23.000       23.000       23.000       23.000       23.000
   215:       23.000       23.000        6.000        6.000        6.000
   220:        6.000        6.000        6.000        6.000        6.000
   225:        6.000        6.000        6.000        6.000        6.000
   230:        6.000        6.000        6.000        6.000        6.000
   235:        6.000        6.000        6.000        6.000        6.000
   240:        6.000        6.000        6.000        6.000        6.000
   245:        6.000        2.000        4.000       22.000       24.000
   250:       21.000       22.000       19.000       11.000        6.000
   255:        6.000        6.000        6.000        6.000       23.000
   260:        6.000        2.000        4.000       22.000       24.000
   265:       19.000       11.000        2.000        4.000       22.000
   270:       24.000       19.000       11.000        6.000        6.000
   275:        6.000        6.000        6.000        6.000        6.000
   280:        6.000        6.000        6.000        6.000        6.000
   285:        6.000        6.000       23.000       23.000        2.000
   290:        4.000       22.000       24.000       19.000       11.000
   295:        6.000      100.000
T:
     0:        0.000        0.000        0.000        0.000      145.070
     5:      145.070      145.070      145.080      155.070      155.080
    10:      163.040      165.680      166.580      166.740      167.240
    15:      167.540      167.620      176.050      260.440      260.820
    20:      260.860      262.270      262.270      262.270      262.280
    25:      264.820      264.820      272.270      272.280      464.280
    30:      525.940      566.930      604.960      654.060      654.060
    35:      654.060      654.070      658.580      661.860      662.170
    40:      662.440      662.560      662.720      664.060      664.070
    45:      667.750      713.920     1264.140     1311.060     1586.650
    50:     1595.380     1595.780     1596.650     1733.450     1733.450
    55:     1733.450     1733.460     1743.450     1743.460     1862.850
    60:     1863.320     1865.380     1879.600     2046.230     2092.250
    65:     2096.810     2141.230     2157.870     2159.810     2159.860
    70:     2159.980     2160.680     2310.950     2310.950     2310.950
    75:     2310.960     2313.340     2313.340     2318.080     2318.080
    80:     2319.830     2319.830     2320.950     2320.960     2322.610
    85:     2322.610     2322.610     2322.620     2323.600     2323.600
    90:     2323.830     2323.830     2324.650     2324.650     2328.000
    95:     2328.000     2329.070     2329.070     2329.690     2329.690
   100:     2331.190     2331.190     2331.330     2331.330     2332.610
   105:     2332.620     2333.680     2333.680     2333.680     2333.690
   110:     2334.630     2334.630     2336.740     2336.740     2338.820
   115:     2338.820     2342.340     2342.340     2342.690     2342.690
   120:     2343.680     2343.690     2345.260     2345.260     2345.260
   125:     2345.270     2349.530     2349.530     2349.700     2349.700
   130:     2350.830     2350.830     2355.260     2355.270     2401.510
   135:     2401.510     2401.510     2401.520     2402.080     2402.080
   140:     2403.250     2403.250     2404.770     2404.770     2406.810
   145:     2406.810     2409.160     2409.160     2411.510     2411.520
   150:     2425.460     2879.480     2885.710     3933.800     3933.800
   155:     3933.800     3933.810     3935.460     3935.460     3943.800
   160:     3943.810     4021.950     4025.810     5782.540     5782.540
   165:     5782.540     5782.550     5792.540     5792.550     5828.380
   170:     5831.620     6157.380     6157.640     6158.290     6158.320
   175:     6158.450     6158.500     6158.720     6158.790     6158.970
   180:     6168.650     6217.890     6221.650     6221.670     6222.500
   185:     6222.750     6222.890     6223.500     6228.860     6231.450
   190:     6235.310     6235.610     6236.210     6236.300     6236.370
   195:     6243.090     6243.090     6243.090     6243.100     6246.890
   200:     6247.140     6249.790     6253.090     6253.100     6286.100
   205:     6286.100     6286.100     6286.110     6296.100     6296.110
   210:     6320.700     6320.970     6326.260     6326.680     6326.730
   215:     6327.000     6329.470     6353.820     6354.700     6364.370
   220:     6364.820     6367.680     6368.120     6370.580     6372.540
   225:     6372.590     6372.620     6372.650     6380.000     6380.770
   230:     6381.900     6383.720     6385.240     6385.810     6388.720
   235:     6388.970     6389.460     6392.470     6394.120     6394.210
   240:     6394.490     6397.350     6397.870     6397.950     6399.290
   245:     6413.180    10170.330    10170.330    10170.330    10170.340
   250:    10172.230    10172.230    10180.330    10180.340    10180.610
   255:    10226.580    10230.820    10238.780    10239.040    10286.370
   260:    10302.170    10314.900    10314.900    10314.900    10314.910
   265:    10324.900    10324.910    10425.940    10425.940    10425.940
   270:    10425.950    10435.940    10435.950    10444.940    10445.490
   275:    10445.580    10445.630    10568.160    10568.480    10572.420
   280:    10575.410    10576.260    10579.530    10579.950    10580.340
   285:    10581.300    10581.670    10646.360    10648.140    10680.470
   290:    10680.470    10680.470    10680.480    10690.470    10690.480
   295:    10709.020    10800.010
