File: C:\MED-PC\Data\2025-04-09_09h06m_Subject 78.txt


Start Date: 04/09/25
End Date: 04/09/25
Subject: 78
Experiment: OralFentSA
Group: One
Box: 6
Start Time: 09:06:36
End Time: 12:07:39
MSN: Golden_Liq_SelfAdmin_EXT
F:       0.000
G:     371.000
H:   10800.000
I:       0.000
J:       0.000
K:       0.000
L:       0.000
M:       0.000
N:       0.000
O:       0.000
P:       0.000
Q:       0.000
R:       0.000
S:       0.000
U:       0.000
V:       0.000
W:       0.000
X:       0.000
Y:       0.000
Z:       0.000
A:
     0:        0.000        0.000      180.000        4.000        0.000
     5:        5.000        0.000        5.000        0.000        0.000
    10:        1.000        0.000       10.000   100000.000       20.000
    15:       28.000      600.000        0.000        0.000        0.000
    20:        0.000
B:
     0:        0.000        0.000        0.000        0.000        0.000
     5:        0.000        0.000        0.000        0.000        0.000
    10:        0.000        0.000     1000.000 10000000.000        0.000
    15:        0.000        0.000        0.000        0.000        0.000
    20:        0.000
C:
     0:        0.000       22.000       24.000       36.000      166.000
     5:    10717.260       11.340       16.000     2054.620      128.414
    10:       36.000       24.000        0.000        0.000        0.000
    15:        0.000        0.000        0.000        0.000        0.000
    20:        0.000
D:
     0:      101.520       49.060      158.490        3.380       26.770
     5:      270.500      177.040        2.560      463.100        7.100
    10:      135.090       77.990       28.160       90.100      452.420
    15:       11.340
E:
     0:       19.000       11.000       26.000       27.000        6.000
     5:        6.000        6.000        6.000        6.000        6.000
    10:        6.000        6.000        6.000        6.000        6.000
    15:        6.000        6.000        6.000        6.000        6.000
    20:        6.000        6.000        6.000        6.000        6.000
    25:        6.000        6.000        6.000        6.000        6.000
    30:        6.000        6.000        6.000        6.000        6.000
    35:        6.000        1.000        1.000        6.000        6.000
    40:        6.000        6.000        6.000        6.000        6.000
    45:        6.000        6.000        6.000        6.000        6.000
    50:        6.000        6.000        6.000        6.000        6.000
    55:        6.000        6.000        6.000        6.000        6.000
    60:        6.000        6.000        6.000        1.000        6.000
    65:        6.000        6.000        6.000        1.000        6.000
    70:        6.000        6.000        6.000        6.000        6.000
    75:        6.000        6.000        1.000        6.000        6.000
    80:        6.000        6.000        2.000        4.000       22.000
    85:       24.000       12.000       21.000       22.000       21.000
    90:       22.000       19.000       11.000        1.000        1.000
    95:        6.000        6.000        6.000        6.000        6.000
   100:        6.000        6.000        6.000        2.000        4.000
   105:       22.000       24.000       12.000       21.000       22.000
   110:       19.000       11.000        6.000        6.000        2.000
   115:        4.000       22.000       24.000       12.000       21.000
   120:       22.000       21.000       22.000       21.000       22.000
   125:       19.000       11.000        1.000        6.000        6.000
   130:        1.000        6.000        6.000        2.000        4.000
   135:       22.000       24.000       12.000       21.000       22.000
   140:        6.000       19.000       11.000        1.000        6.000
   145:        6.000        6.000        6.000        6.000        6.000
   150:        6.000        6.000        6.000        2.000        4.000
   155:       22.000       24.000       12.000       19.000       11.000
   160:        2.000        4.000       22.000       24.000       12.000
   165:       19.000       11.000        6.000        6.000        2.000
   170:        4.000       22.000       24.000       12.000       21.000
   175:       22.000       21.000       22.000       19.000       11.000
   180:        6.000        6.000        6.000        1.000        6.000
   185:        2.000        4.000       22.000       24.000       12.000
   190:       19.000       11.000        2.000        4.000       22.000
   195:       24.000       12.000       19.000       11.000        6.000
   200:        2.000        4.000       22.000       24.000       12.000
   205:        6.000       19.000       11.000        6.000        6.000
   210:        1.000        1.000        6.000        6.000        6.000
   215:        6.000        2.000        4.000       22.000       24.000
   220:       12.000       21.000       22.000       21.000       22.000
   225:       19.000       11.000        6.000        6.000        6.000
   230:        6.000        6.000        1.000        1.000        6.000
   235:        6.000        6.000        6.000        6.000        6.000
   240:        1.000        2.000        4.000       22.000       24.000
   245:       12.000       21.000       22.000       21.000       22.000
   250:       19.000       11.000        2.000        4.000       22.000
   255:       24.000       12.000        6.000        6.000        6.000
   260:        6.000       19.000       11.000        6.000        1.000
   265:        1.000        1.000        2.000        4.000       22.000
   270:       24.000       12.000       19.000       11.000        1.000
   275:        6.000        6.000        6.000        6.000        6.000
   280:        6.000        6.000        6.000        6.000        6.000
   285:        6.000        6.000        6.000        6.000        6.000
   290:        6.000        6.000        6.000        6.000        6.000
   295:        2.000        4.000       22.000       24.000       12.000
   300:       21.000       22.000       19.000       11.000        6.000
   305:        6.000        6.000        6.000        1.000        6.000
   310:        6.000        1.000        2.000        4.000       22.000
   315:       24.000       12.000       19.000       11.000        6.000
   320:        6.000        6.000        6.000        6.000        6.000
   325:        6.000        6.000        2.000        4.000       22.000
   330:       24.000       12.000       19.000       11.000        2.000
   335:        4.000       22.000       24.000       12.000       19.000
   340:       11.000        6.000        6.000        1.000        2.000
   345:        4.000       22.000       24.000       12.000       19.000
   350:       11.000        1.000        6.000        2.000        4.000
   355:       22.000       24.000       12.000       19.000       11.000
   360:        6.000        6.000        2.000        4.000       22.000
   365:       24.000       12.000       21.000       22.000       19.000
   370:       11.000      100.000
T:
     0:        0.000        0.000        0.000        0.000       22.610
     5:       23.770       24.240       24.910       29.350       33.570
    10:      109.980      110.410      143.230      322.320      322.590
    15:      505.650      505.940      507.040      507.180      508.090
    20:      531.790      532.090      532.570      535.260      535.580
    25:      538.520      539.790      559.970      560.250      603.370
    30:      690.610      690.960      942.460      942.910     1006.500
    35:     1006.660     1016.150     1019.650     1120.500     1120.760
    40:     1121.040     1121.680     1126.010     1129.900     1130.060
    45:     1130.990     1373.960     1476.320     1477.850     1537.690
    50:     1539.920     1543.470     1545.530     1550.260     1553.830
    55:     1583.660     1588.140     1588.560     1589.810     1590.700
    60:     1592.130     1593.010     2013.930     2798.900     2828.190
    65:     2828.280     2829.260     2855.720     2982.730     2991.260
    70:     3194.250     3462.100     3462.840     3597.890     4309.830
    75:     4310.050     4310.160     4426.250     4506.500     4507.130
    80:     4508.020     4509.310     4604.720     4604.720     4604.720
    85:     4604.730     4604.730     4608.050     4608.050     4610.090
    90:     4610.090     4614.720     4614.730     4689.200     4690.590
    95:     4706.250     4706.850     4707.450     4709.000     4709.570
   100:     4709.780     4709.990     4710.220     4720.610     4720.610
   105:     4720.610     4720.620     4720.620     4725.690     4725.690
   110:     4730.610     4730.620     4769.680     5016.570     5133.830
   115:     5133.830     5133.830     5133.840     5133.840     5135.150
   120:     5135.150     5137.230     5137.230     5138.600     5138.600
   125:     5143.830     5143.840     5279.420     5292.330     5292.370
   130:     5312.860     5338.820     5339.910     5413.100     5413.100
   135:     5413.100     5413.110     5413.110     5414.340     5414.340
   140:     5416.490     5423.100     5423.110     5447.750     5479.230
   145:     5480.250     5483.260     5486.810     5487.270     5487.380
   150:     5488.130     5492.600     5493.590     5509.280     5509.280
   155:     5509.280     5509.290     5509.290     5519.280     5519.290
   160:     5613.580     5613.580     5613.580     5613.590     5613.590
   165:     5623.580     5623.590     5640.360     5641.490     5645.700
   170:     5645.700     5645.700     5645.710     5645.710     5648.380
   175:     5648.380     5648.710     5648.710     5655.700     5655.710
   180:     5916.210     5946.470     5947.740     5985.490     6016.810
   185:     6030.930     6030.930     6030.930     6030.940     6030.940
   190:     6040.930     6040.940     6044.300     6044.300     6044.300
   195:     6044.310     6044.310     6054.300     6054.310     6221.350
   200:     6349.700     6349.700     6349.700     6349.710     6349.710
   205:     6352.270     6359.700     6359.710     6639.530     6640.280
   210:     6658.950     6659.640     6667.870     6668.330     6668.870
   215:     6669.690     6989.790     6989.790     6989.790     6989.800
   220:     6989.800     6990.230     6990.230     6992.020     6992.020
   225:     6999.790     6999.800     7452.900     7453.860     7457.100
   230:     7457.200     7476.460     7553.320     7555.060     7571.160
   235:     7572.280     7574.430     7584.020     7584.600     7663.990
   240:     7837.790     7840.140     7840.140     7840.140     7840.150
   245:     7840.150     7840.990     7840.990     7842.270     7842.270
   250:     7850.140     7850.150     7854.520     7854.520     7854.520
   255:     7854.530     7854.530     7861.630     7862.330     7862.710
   260:     7863.100     7864.520     7864.530     8105.060     8254.540
   265:     8255.620     8257.560     8263.040     8263.040     8263.040
   270:     8263.050     8263.050     8273.040     8273.050     8293.290
   275:     8398.140     8398.200     8398.580     8399.200     8404.920
   280:     8408.250     8413.160     8413.360     8413.700     8414.520
   285:     8414.860     8415.580     8416.070     8417.400     8417.880
   290:     8429.040     8474.700     8474.750     8563.270     8564.430
   295:     8708.090     8708.090     8708.090     8708.100     8708.100
   300:     8709.890     8709.890     8718.090     8718.100     8786.090
   305:     8789.310     8972.940     9120.850     9160.460     9350.920
   310:     9351.240     9511.650     9539.830     9539.830     9539.830
   315:     9539.840     9539.840     9549.830     9549.840     9568.000
   320:     9568.430     9568.610     9569.020     9571.300     9571.510
   325:     9573.290     9578.650     9743.430     9743.430     9743.430
   330:     9743.440     9743.440     9753.430     9753.440     9754.910
   335:     9754.910     9754.910     9754.920     9754.920     9764.910
   340:     9764.920     9845.020     9998.470    10121.020    10125.330
   345:    10125.330    10125.330    10125.340    10125.340    10135.330
   350:    10135.340    10172.170    10577.760    10616.450    10616.450
   355:    10616.450    10616.460    10616.460    10626.450    10626.460
   360:    10627.800    10628.200    10717.250    10717.250    10717.250
   365:    10717.260    10717.260    10718.180    10718.180    10727.250
   370:    10727.260    10800.000
