File: C:\MED-PC\Data\2025-03-17_08h53m_Subject 73.txt


Start Date: 03/17/25
End Date: 03/17/25
Subject: 73
Experiment: OralFentSA
Group: One
Box: 1
Start Time: 08:53:39
End Time: 11:54:32
MSN: 20241014_Golden_Liq_SelfAdmin
F:       0.000
G:     918.000
H:   10800.000
I:       0.000
J:       0.000
K:       0.000
L:       0.000
M:       0.000
N:       0.000
O:       0.000
P:       0.000
Q:       0.000
R:       0.000
S:       0.000
U:       0.000
V:       0.000
W:       0.000
X:       0.000
Y:       0.000
Z:       0.000
A:
     0:        0.000        0.000      180.000        4.000        0.000
     5:        5.000        0.000        5.000        0.000        0.000
    10:        1.000        0.000       10.000 30000000.000       23.000
    15:       15.000      640.000        0.000        0.000        0.000
    20:        0.000
B:
     0:        0.000        0.000        0.000      400.000        0.000
     5:      500.000        0.000      500.000        0.000        0.000
    10:        0.000        0.000     1000.000 3000000000.000        0.000
    15:        0.000        0.000        0.000        0.000        0.000
    20:        0.000
C:
     0:       50.000       51.000       39.000       66.000      143.000
     5:    10288.800       21.900       26.000     4029.760      154.991
    10:       66.000       39.000        0.000        0.000        0.000
    15:        0.000        0.000        0.000        0.000        0.000
    20:        0.000
D:
     0:       20.330       38.340      180.810      149.570      206.620
     5:       12.010       18.800       53.680        3.810     1744.150
    10:        6.610       23.090       62.270       34.370       78.800
    15:       53.060      311.450      555.650      114.670       93.630
    20:       97.350       49.070       14.890       13.470       71.360
    25:       21.900
E:
     0:       19.000       11.000       26.000       27.000        1.000
     5:        6.000        6.000        6.000        6.000        6.000
    10:        6.000        2.000        4.000       22.000       24.000
    15:       12.000       13.000        8.000        5.000       17.000
    20:       18.000       14.000       10.000       19.000       11.000
    25:        1.000        2.000        4.000       22.000       24.000
    30:       12.000       13.000        8.000        5.000       17.000
    35:       21.000       22.000       20.000       18.000       14.000
    40:       10.000       20.000       19.000       11.000        1.000
    45:        2.000        4.000       22.000       24.000       12.000
    50:       13.000        8.000        5.000       17.000       21.000
    55:       22.000       18.000       14.000       10.000       19.000
    60:       11.000        6.000        6.000        6.000        6.000
    65:        6.000        6.000        6.000        6.000        6.000
    70:        6.000        6.000        6.000        6.000        6.000
    75:        6.000        6.000        6.000        6.000        6.000
    80:        6.000        6.000        1.000        6.000        6.000
    85:        6.000        6.000        6.000        6.000        6.000
    90:        6.000        6.000        2.000        4.000       22.000
    95:       24.000       12.000       13.000        8.000        5.000
   100:       17.000       21.000       22.000       18.000       14.000
   105:       10.000       19.000       11.000        2.000        4.000
   110:       22.000       24.000       12.000       13.000        8.000
   115:        5.000       17.000       18.000       14.000       10.000
   120:       21.000       22.000       19.000       11.000        2.000
   125:        4.000       22.000       24.000       12.000       13.000
   130:        8.000        5.000       17.000       21.000       22.000
   135:       18.000       14.000       10.000       19.000       11.000
   140:        2.000        4.000       22.000       24.000       12.000
   145:       13.000        8.000        5.000       17.000       18.000
   150:       14.000       10.000       19.000       11.000        6.000
   155:        6.000        6.000        6.000        6.000        6.000
   160:        6.000        6.000        6.000        6.000        2.000
   165:        4.000       22.000       24.000       12.000       13.000
   170:        8.000        5.000       17.000       18.000       14.000
   175:       10.000       19.000       11.000        6.000        6.000
   180:        6.000        6.000        6.000        6.000        6.000
   185:        6.000        6.000        6.000        2.000        4.000
   190:       22.000       24.000       12.000       13.000        8.000
   195:        5.000       17.000       18.000       14.000       10.000
   200:       20.000       19.000       11.000        1.000        1.000
   205:        1.000        6.000        6.000        6.000        6.000
   210:        6.000        6.000        2.000        4.000       22.000
   215:       24.000       12.000       13.000        8.000        5.000
   220:       17.000       18.000       14.000       10.000       21.000
   225:       22.000       19.000       11.000        6.000        1.000
   230:        6.000        2.000        4.000       22.000       24.000
   235:       12.000       13.000        8.000        5.000       17.000
   240:       18.000       14.000       10.000       19.000       11.000
   245:        6.000        6.000        6.000        6.000        6.000
   250:        6.000        1.000        1.000        2.000        4.000
   255:       22.000       24.000       12.000       13.000        8.000
   260:        5.000       17.000       18.000       14.000       10.000
   265:       19.000       11.000        6.000        2.000        4.000
   270:       22.000       24.000       12.000       13.000        8.000
   275:        5.000       17.000       21.000       22.000       18.000
   280:       14.000       10.000       19.000       11.000        6.000
   285:        6.000        6.000        6.000        1.000        2.000
   290:        4.000       22.000       24.000       12.000       13.000
   295:        8.000        5.000       17.000       18.000       14.000
   300:       10.000       19.000       11.000        1.000        1.000
   305:        2.000        4.000       22.000       24.000       12.000
   310:       13.000        8.000        5.000       17.000        6.000
   315:       18.000       14.000       10.000        6.000       19.000
   320:       11.000        6.000        1.000        2.000        4.000
   325:       22.000       24.000       12.000       13.000        8.000
   330:        5.000       17.000       18.000       14.000       10.000
   335:       19.000       11.000        2.000        4.000       22.000
   340:       24.000       12.000       13.000        8.000        5.000
   345:       17.000       18.000       14.000       10.000       21.000
   350:       22.000       19.000       11.000        6.000        6.000
   355:        6.000        6.000        6.000        6.000        6.000
   360:        6.000        6.000        6.000        6.000        2.000
   365:        4.000       22.000       24.000       12.000       13.000
   370:        8.000        5.000       17.000       18.000       14.000
   375:       10.000        6.000       19.000       11.000        6.000
   380:        6.000        6.000        6.000        6.000        1.000
   385:        6.000        6.000        6.000        6.000        6.000
   390:        2.000        4.000       22.000       24.000       12.000
   395:       13.000        8.000        5.000       17.000       18.000
   400:       14.000       10.000       19.000       11.000        1.000
   405:        2.000        4.000       22.000       24.000       12.000
   410:       13.000        8.000        5.000       17.000       18.000
   415:       14.000       10.000       19.000       11.000        6.000
   420:        6.000        2.000        4.000       22.000       24.000
   425:       12.000       13.000        8.000        5.000       17.000
   430:       21.000       22.000       18.000       14.000       10.000
   435:       19.000       11.000        2.000        4.000       22.000
   440:       24.000       12.000       13.000        8.000        5.000
   445:       17.000       18.000       14.000       10.000       19.000
   450:       11.000        1.000        6.000        6.000        6.000
   455:        6.000        2.000        4.000       22.000       24.000
   460:       12.000       13.000        8.000        5.000       17.000
   465:       21.000       22.000       18.000       14.000       10.000
   470:       19.000       11.000        6.000        6.000        6.000
   475:        6.000        6.000        6.000        6.000        6.000
   480:        6.000        2.000        4.000       22.000       24.000
   485:       12.000       13.000        8.000        5.000       17.000
   490:       18.000       14.000       10.000       19.000       11.000
   495:        6.000        6.000        2.000        4.000       22.000
   500:       24.000       12.000       13.000        8.000        5.000
   505:       17.000       18.000       14.000       10.000       19.000
   510:       11.000        6.000        6.000        2.000        4.000
   515:       22.000       24.000       12.000       13.000        8.000
   520:        5.000       17.000       21.000       22.000       18.000
   525:       14.000       10.000       19.000       11.000        2.000
   530:        4.000       22.000       24.000       12.000       13.000
   535:        8.000        5.000       17.000       18.000       14.000
   540:       10.000       19.000       11.000        1.000        1.000
   545:        1.000        1.000        6.000        6.000        2.000
   550:        4.000       22.000       24.000       12.000       13.000
   555:        8.000        5.000       17.000       18.000       14.000
   560:       10.000       19.000       11.000        6.000        1.000
   565:        2.000        4.000       22.000       24.000       12.000
   570:       13.000        8.000        5.000       17.000       18.000
   575:       14.000       10.000       19.000       11.000        2.000
   580:        4.000       22.000       24.000       12.000       13.000
   585:        8.000        5.000       17.000       18.000       14.000
   590:       10.000       19.000       11.000        1.000        6.000
   595:        6.000        6.000        1.000        1.000        2.000
   600:        4.000       22.000       24.000       12.000       13.000
   605:        8.000        5.000       17.000       18.000       14.000
   610:       10.000       19.000       11.000        2.000        4.000
   615:       22.000       24.000       12.000       13.000        8.000
   620:        5.000       17.000       18.000       14.000       10.000
   625:       19.000       11.000        1.000        1.000        2.000
   630:        4.000       22.000       24.000       12.000       13.000
   635:        8.000        5.000       17.000       18.000       14.000
   640:       10.000       19.000       11.000        2.000        4.000
   645:       22.000       24.000       12.000       13.000        8.000
   650:        5.000       17.000       18.000       14.000       10.000
   655:       19.000       11.000        1.000        6.000        6.000
   660:        6.000        6.000        6.000        2.000        4.000
   665:       22.000       24.000       12.000       13.000        8.000
   670:        5.000       17.000       18.000       14.000       10.000
   675:       19.000       11.000        1.000        6.000        6.000
   680:        2.000        4.000       22.000       24.000       12.000
   685:       13.000        8.000        5.000       17.000       18.000
   690:       14.000       10.000       19.000       11.000        2.000
   695:        4.000       22.000       24.000       12.000       13.000
   700:        8.000        5.000       17.000       18.000       14.000
   705:       10.000       19.000       11.000        6.000        1.000
   710:        1.000        1.000        2.000        4.000       22.000
   715:       24.000       12.000       13.000        8.000        5.000
   720:       17.000       18.000       14.000       10.000       19.000
   725:       11.000        1.000        6.000        6.000        6.000
   730:        2.000        4.000       22.000       24.000       12.000
   735:       13.000        8.000        5.000       17.000       18.000
   740:       14.000       10.000       19.000       11.000        2.000
   745:        4.000       22.000       24.000       12.000       13.000
   750:        8.000        5.000       17.000       18.000       14.000
   755:       10.000       19.000       11.000        2.000        4.000
   760:       22.000       24.000       12.000       13.000        8.000
   765:        5.000       17.000       21.000       22.000       18.000
   770:       14.000       10.000       19.000       11.000        2.000
   775:        4.000       22.000       24.000       12.000       13.000
   780:        8.000        5.000       17.000       18.000       14.000
   785:       10.000       19.000       11.000        6.000        6.000
   790:        6.000        6.000        6.000        2.000        4.000
   795:       22.000       24.000       12.000       13.000        8.000
   800:        5.000       17.000       18.000       14.000       10.000
   805:       19.000       11.000        2.000        4.000       22.000
   810:       24.000       12.000       13.000        8.000        5.000
   815:       17.000       18.000       21.000       22.000       14.000
   820:       10.000       19.000       11.000        2.000        4.000
   825:       22.000       24.000       12.000       13.000        8.000
   830:        5.000       17.000       18.000       14.000       10.000
   835:       21.000       22.000       19.000       11.000        2.000
   840:        4.000       22.000       24.000       12.000       13.000
   845:        8.000        5.000       17.000       18.000       14.000
   850:       10.000       19.000       11.000        1.000        6.000
   855:        1.000        2.000        4.000       22.000       24.000
   860:       12.000       13.000        8.000        5.000       17.000
   865:       18.000       21.000       22.000       14.000       10.000
   870:       19.000       11.000        1.000        2.000        4.000
   875:       22.000       24.000       12.000       13.000        8.000
   880:        5.000       17.000       18.000       14.000       10.000
   885:       19.000       11.000        6.000        2.000        4.000
   890:       22.000       24.000       12.000       13.000        8.000
   895:        5.000       17.000       18.000       14.000       10.000
   900:       21.000       22.000       19.000       11.000        2.000
   905:        4.000       22.000       24.000       12.000       13.000
   910:        8.000        5.000       17.000       18.000       14.000
   915:       10.000       19.000       11.000      100.000
T:
     0:        0.000        0.000        0.000        0.000      106.340
     5:      117.530      137.260      141.010      142.000      143.960
    10:      146.400      181.840      181.840      181.840      181.850
    15:      181.850      181.850      181.850      181.850      181.850
    20:      185.850      186.850      186.850      191.840      191.850
    25:      300.330      324.540      324.540      324.540      324.550
    30:      324.550      324.550      324.550      324.550      324.550
    35:      326.320      326.320      328.520      328.550      329.550
    40:      329.550      333.830      334.540      334.550      343.200
    45:      347.190      347.190      347.190      347.200      347.200
    50:      347.200      347.200      347.200      347.200      351.050
    55:      351.050      351.200      352.200      352.200      357.190
    60:      357.200      367.530      367.650      384.190      385.140
    65:      385.210      385.400      385.750      385.860      386.050
    70:      387.960      389.320      391.950      392.220      392.880
    75:      399.140      399.970      401.450      401.920      403.170
    80:      403.210      403.570      415.640      417.730      417.970
    85:      419.760      427.040      449.790      450.170      450.370
    90:      452.550      454.080      465.230      465.230      465.230
    95:      465.240      465.240      465.240      465.240      465.240
   100:      465.240      465.750      465.750      469.240      470.240
   105:      470.240      475.230      475.240      487.150      487.150
   110:      487.150      487.160      487.160      487.160      487.160
   115:      487.160      487.160      491.160      492.160      492.160
   120:      495.560      495.560      497.150      497.160      497.520
   125:      497.520      497.520      497.530      497.530      497.530
   130:      497.530      497.530      497.530      499.000      499.000
   135:      501.530      502.530      502.530      507.520      507.530
   140:      514.050      514.050      514.050      514.060      514.060
   145:      514.060      514.060      514.060      514.060      518.060
   150:      519.060      519.060      524.050      524.060      552.400
   155:      552.800      553.030      556.330      557.300      560.040
   160:      564.440      565.040      580.360      583.220      596.900
   165:      596.900      596.900      596.910      596.910      596.910
   170:      596.910      596.910      596.910      600.910      601.910
   175:      601.910      606.900      606.910      777.720      777.750
   180:      780.100      780.630      783.590      783.960      802.240
   185:      807.260      836.400      856.400      866.100      866.100
   190:      866.100      866.110      866.110      866.110      866.110
   195:      866.110      866.110      870.110      871.110      871.110
   200:      875.250      876.100      876.110      879.170      883.030
   205:      972.070     1015.680     1015.780     1042.990     1043.450
   210:     1045.650     1375.920     1434.600     1434.600     1434.600
   215:     1434.610     1434.610     1434.610     1434.610     1434.610
   220:     1434.610     1438.610     1439.610     1439.610     1443.050
   225:     1443.050     1444.600     1444.610     1641.230     1668.100
   230:     1678.420     1760.900     1760.900     1760.900     1760.910
   235:     1760.910     1760.910     1760.910     1760.910     1760.910
   240:     1764.910     1765.910     1765.910     1770.900     1770.910
   245:     1772.920     1774.980     1777.410     1781.630     1828.050
   250:     1830.370     1834.180     1836.500     1936.520     1936.520
   255:     1936.520     1936.530     1936.530     1936.530     1936.530
   260:     1936.530     1936.530     1940.530     1941.530     1941.530
   265:     1946.520     1946.530     1955.330     1963.930     1963.930
   270:     1963.930     1963.940     1963.940     1963.940     1963.940
   275:     1963.940     1963.940     1966.680     1966.680     1967.940
   280:     1968.940     1968.940     1973.930     1973.940     2017.620
   285:     2017.720     2019.300     2025.300     2034.140     2717.010
   290:     2717.010     2717.010     2717.020     2717.020     2717.020
   295:     2717.020     2717.020     2717.020     2721.020     2722.020
   300:     2722.020     2727.010     2727.020     2727.980     2833.220
   305:     2838.980     2838.980     2838.980     2838.990     2838.990
   310:     2838.990     2838.990     2838.990     2838.990     2842.800
   315:     2842.990     2843.990     2843.990     2844.280     2848.980
   320:     2848.990     2851.670     3361.500     3377.480     3377.480
   325:     3377.480     3377.490     3377.490     3377.490     3377.490
   330:     3377.490     3377.490     3381.490     3382.490     3382.490
   335:     3387.480     3387.490     3400.840     3400.840     3400.840
   340:     3400.850     3400.850     3400.850     3400.850     3400.850
   345:     3400.850     3404.850     3405.850     3405.850     3407.030
   350:     3407.030     3410.840     3410.850     5145.000     5187.380
   355:     5188.310     5247.410     5250.630     5302.740     5303.590
   360:     5370.800     5370.960     5417.710     5420.120     5453.520
   365:     5453.520     5453.520     5453.530     5453.530     5453.530
   370:     5453.530     5453.530     5453.530     5457.530     5458.530
   375:     5458.530     5460.140     5463.520     5463.530     5470.830
   380:     5491.850     5494.160     5538.850     5559.680     5601.280
   385:     5665.840     5699.140     5701.740     5706.770     5708.260
   390:     5733.390     5733.390     5733.390     5733.400     5733.400
   395:     5733.400     5733.400     5733.400     5733.400     5737.400
   400:     5738.400     5738.400     5743.390     5743.400     5816.660
   405:     5828.980     5828.980     5828.980     5828.990     5828.990
   410:     5828.990     5828.990     5828.990     5828.990     5832.990
   415:     5833.990     5833.990     5838.980     5838.990     5852.080
   420:     5852.660     5876.410     5876.410     5876.410     5876.420
   425:     5876.420     5876.420     5876.420     5876.420     5876.420
   430:     5878.490     5878.490     5880.420     5881.420     5881.420
   435:     5886.410     5886.420     5902.400     5902.400     5902.400
   440:     5902.410     5902.410     5902.410     5902.410     5902.410
   445:     5902.410     5906.410     5907.410     5907.410     5912.400
   450:     5912.410     5928.240     5964.680     6078.560     6080.230
   455:     6080.510     6450.500     6450.500     6450.500     6450.510
   460:     6450.510     6450.510     6450.510     6450.510     6450.510
   465:     6453.080     6453.080     6454.510     6455.510     6455.510
   470:     6460.500     6460.510     6484.880     6565.600     6567.470
   475:     6639.240     6641.430     6641.770     6642.100     6642.300
   480:     6715.560     6790.520     6790.520     6790.520     6790.530
   485:     6790.530     6790.530     6790.530     6790.530     6790.530
   490:     6794.530     6795.530     6795.530     6800.520     6800.530
   495:     6869.330     6911.990     6932.650     6932.650     6932.650
   500:     6932.660     6932.660     6932.660     6932.660     6932.660
   505:     6932.660     6936.660     6937.660     6937.660     6942.650
   510:     6942.660     6985.720     6992.400     6997.450     6997.450
   515:     6997.450     6997.460     6997.460     6997.460     6997.460
   520:     6997.460     6997.460     6998.600     6998.600     7001.460
   525:     7002.460     7002.460     7007.450     7007.460     7013.840
   530:     7013.840     7013.840     7013.850     7013.850     7013.850
   535:     7013.850     7013.850     7013.850     7017.850     7018.850
   540:     7018.850     7023.840     7023.850     7093.040     7228.600
   545:     7244.850     7247.010     7325.300     7326.830     7355.270
   550:     7355.270     7355.270     7355.280     7355.280     7355.280
   555:     7355.280     7355.280     7355.280     7359.280     7360.280
   560:     7360.280     7365.270     7365.280     7910.930     7990.990
   565:     8014.380     8014.380     8014.380     8014.390     8014.390
   570:     8014.390     8014.390     8014.390     8014.390     8018.390
   575:     8019.390     8019.390     8024.380     8024.390     8026.240
   580:     8026.240     8026.240     8026.250     8026.250     8026.250
   585:     8026.250     8026.250     8026.250     8030.250     8031.250
   590:     8031.250     8036.240     8036.250     8124.640     8140.920
   595:     8142.740     8144.400     8163.000     8283.160     8304.390
   600:     8304.390     8304.390     8304.400     8304.400     8304.400
   605:     8304.400     8304.400     8304.400     8308.400     8309.400
   610:     8309.400     8314.390     8314.400     8316.230     8316.230
   615:     8316.230     8316.240     8316.240     8316.240     8316.240
   620:     8316.240     8316.240     8320.240     8321.240     8321.240
   625:     8326.230     8326.240     8337.360     8378.920     8393.880
   630:     8393.880     8393.880     8393.890     8393.890     8393.890
   635:     8393.890     8393.890     8393.890     8397.890     8398.890
   640:     8398.890     8403.880     8403.890     8406.140     8406.140
   645:     8406.140     8406.150     8406.150     8406.150     8406.150
   650:     8406.150     8406.150     8410.150     8411.150     8411.150
   655:     8416.140     8416.150     8440.450     8499.780     8502.120
   660:     8503.370     8503.600     8509.490     8520.950     8520.950
   665:     8520.950     8520.960     8520.960     8520.960     8520.960
   670:     8520.960     8520.960     8524.960     8525.960     8525.960
   675:     8530.950     8530.960     8543.860     8618.310     8625.970
   680:     8794.440     8794.440     8794.440     8794.450     8794.450
   685:     8794.450     8794.450     8794.450     8794.450     8798.450
   690:     8799.450     8799.450     8804.440     8804.450     8845.640
   695:     8845.640     8845.640     8845.650     8845.650     8845.650
   700:     8845.650     8845.650     8845.650     8849.650     8850.650
   705:     8850.650     8855.640     8855.650     8894.720     9012.580
   710:     9405.230     9413.110     9439.040     9439.040     9439.040
   715:     9439.050     9439.050     9439.050     9439.050     9439.050
   720:     9439.050     9443.050     9444.050     9444.050     9449.040
   725:     9449.050     9449.810     9453.940     9454.640     9464.280
   730:     9492.650     9492.650     9492.650     9492.660     9492.660
   735:     9492.660     9492.660     9492.660     9492.660     9496.660
   740:     9497.660     9497.660     9502.650     9502.660     9540.060
   745:     9540.060     9540.060     9540.070     9540.070     9540.070
   750:     9540.070     9540.070     9540.070     9544.070     9545.070
   755:     9545.070     9550.060     9550.070     9552.690     9552.690
   760:     9552.690     9552.700     9552.700     9552.700     9552.700
   765:     9552.700     9552.700     9556.150     9556.150     9556.700
   770:     9557.700     9557.700     9562.690     9562.700     9605.680
   775:     9605.680     9605.680     9605.690     9605.690     9605.690
   780:     9605.690     9605.690     9605.690     9609.690     9610.690
   785:     9610.690     9615.680     9615.690     9619.160     9619.750
   790:     9622.080     9622.870     9629.250     9682.270     9682.270
   795:     9682.270     9682.280     9682.280     9682.280     9682.280
   800:     9682.280     9682.280     9686.280     9687.280     9687.280
   805:     9692.270     9692.280     9708.440     9708.440     9708.440
   810:     9708.450     9708.450     9708.450     9708.450     9708.450
   815:     9708.450     9712.450     9712.870     9712.870     9713.450
   820:     9713.450     9718.440     9718.450     9723.150     9723.150
   825:     9723.150     9723.160     9723.160     9723.160     9723.160
   830:     9723.160     9723.160     9727.160     9728.160     9728.160
   835:     9729.100     9729.100     9733.150     9733.160    10034.930
   840:    10034.930    10034.930    10034.940    10034.940    10034.940
   845:    10034.940    10034.940    10034.940    10038.940    10039.940
   850:    10039.940    10044.930    10044.940    10066.070    10106.300
   855:    10133.520    10146.200    10146.200    10146.200    10146.210
   860:    10146.210    10146.210    10146.210    10146.210    10146.210
   865:    10150.210    10151.140    10151.140    10151.210    10151.210
   870:    10156.200    10156.210    10158.570    10232.070    10232.070
   875:    10232.070    10232.080    10232.080    10232.080    10232.080
   880:    10232.080    10232.080    10236.080    10237.080    10237.080
   885:    10242.070    10242.080    10253.980    10277.360    10277.360
   890:    10277.360    10277.370    10277.370    10277.370    10277.370
   895:    10277.370    10277.370    10281.370    10282.370    10282.370
   900:    10286.000    10286.000    10287.360    10287.370    10288.790
   905:    10288.790    10288.790    10288.800    10288.800    10288.800
   910:    10288.800    10288.800    10288.800    10292.800    10293.800
   915:    10293.800    10298.790    10298.800    10800.000
