File: C:\MED-PC IV\DATA\!2025-03-04_08h59m.Subject 57



Start Date: 03/04/25
End Date: 03/04/25
Subject: 57
Experiment: OralFentSA
Group: One
Box: 1
Start Time:  8:59:18
End Time: 11:59:35
MSN: Golden_Liq_SelfAdmin_EXT
F:       0.000
G:     322.000
H:   10800.010
I:       0.000
J:       0.000
K:       0.000
L:       0.000
M:       0.000
N:       0.000
O:       0.000
P:       0.000
Q:       0.000
R:       0.000
S:       0.000
U:       0.000
V:       0.000
W:       0.000
X:       0.000
Y:       0.000
Z:       0.000
A:
     0:        0.000        0.000      180.000        4.000        0.000
     5:        5.000        0.000        5.000        0.000        0.000
    10:        1.000        0.000       10.000 100000000.00       27.000
    15:       17.000      640.000        0.000        0.000        0.000
    20:        0.000
B:
     0:        0.000        0.000        0.000        0.000        0.000
     5:        0.000        0.000        0.000        0.000        0.000
    10:        0.000        0.000     1000.000 10000000000.        0.000
    15:        0.000        0.000        0.000        0.000        0.000
    20:        0.000
C:
     0:        0.000       21.000        0.000       35.000      135.000
     5:    10795.020       41.110       17.000     2317.040      136.296
    10:       35.000       31.000        0.000        0.000        0.000
    15:        0.000        0.000        0.000        0.000        0.000
    20:        0.000
D:
     0:       24.690       21.220       47.850       54.500       47.370
     5:       21.590        4.430        8.450      699.390      775.690
    10:        5.110      269.180       39.140       77.760      175.460
    15:        4.100       41.110
E:
     0:       19.000       11.000       26.000       27.000        6.000
     5:        6.000        6.000        6.000        6.000        6.000
    10:        6.000        6.000        6.000        2.000        4.000
    15:       22.000       24.000       19.000       11.000        6.000
    20:        6.000        6.000        6.000        6.000       23.000
    25:        6.000        6.000        6.000        6.000        6.000
    30:        2.000        4.000       22.000       24.000       21.000
    35:       22.000       19.000       11.000        6.000        2.000
    40:        4.000       22.000       24.000       21.000       22.000
    45:       19.000       11.000        2.000        4.000       22.000
    50:       24.000       19.000       11.000        6.000        6.000
    55:        6.000        6.000        6.000        6.000       23.000
    60:        6.000        2.000        4.000       22.000       24.000
    65:       19.000       11.000        6.000        6.000        2.000
    70:        4.000       22.000       24.000       21.000       22.000
    75:       19.000       11.000        6.000        6.000        6.000
    80:        6.000        6.000        6.000        6.000        6.000
    85:        6.000        6.000        6.000        6.000        6.000
    90:       23.000        6.000        6.000        6.000        6.000
    95:        6.000        6.000        6.000        6.000        6.000
   100:        6.000        6.000        6.000        2.000        4.000
   105:       22.000       24.000       21.000       22.000       19.000
   110:       11.000        6.000        6.000        6.000        6.000
   115:        6.000        6.000        6.000        2.000        4.000
   120:       22.000       24.000       21.000       22.000        6.000
   125:        6.000        6.000       19.000       11.000        6.000
   130:        6.000        6.000        6.000       23.000       23.000
   135:       23.000       23.000       23.000       23.000        6.000
   140:        2.000        4.000       22.000       24.000       21.000
   145:       22.000        6.000        6.000        6.000        6.000
   150:       19.000       11.000        6.000        6.000        6.000
   155:        6.000        6.000       23.000       23.000       23.000
   160:       23.000       23.000        6.000        6.000        2.000
   165:        4.000       22.000       24.000       21.000       22.000
   170:       19.000       11.000        6.000        6.000        6.000
   175:        2.000        4.000       22.000       24.000       19.000
   180:       11.000        6.000        6.000        6.000       23.000
   185:        2.000        4.000       22.000       24.000        6.000
   190:        6.000        6.000       19.000       11.000       23.000
   195:       23.000       23.000        6.000        6.000        6.000
   200:        6.000        6.000        6.000        6.000        6.000
   205:        2.000        4.000       22.000       24.000       19.000
   210:       11.000       23.000       23.000       23.000        6.000
   215:        2.000        4.000       22.000       24.000       19.000
   220:       11.000        6.000        2.000        4.000       22.000
   225:       24.000       21.000       22.000       21.000       22.000
   230:       19.000       11.000        2.000        4.000       22.000
   235:       24.000       19.000       11.000        2.000        4.000
   240:       22.000       24.000       21.000       22.000       21.000
   245:       22.000       19.000       11.000        6.000        6.000
   250:        6.000        6.000       23.000       23.000        6.000
   255:        6.000        6.000        6.000        6.000        6.000
   260:        6.000        6.000        6.000        6.000        6.000
   265:        6.000        6.000        6.000        6.000        6.000
   270:        6.000        6.000        6.000        6.000        6.000
   275:        6.000       23.000       23.000       23.000       23.000
   280:       23.000        6.000        2.000        4.000       22.000
   285:       24.000       21.000       22.000       19.000       11.000
   290:       23.000       23.000       23.000        6.000        6.000
   295:        6.000        6.000        6.000        2.000        4.000
   300:       22.000       24.000        6.000        6.000       19.000
   305:       11.000        2.000        4.000       22.000       24.000
   310:       21.000       22.000       19.000       11.000        6.000
   315:        6.000        2.000        4.000       22.000       24.000
   320:       21.000       22.000      100.000
T:
     0:        0.000        0.000        0.000        0.000       18.620
     5:       51.100       55.230      111.140      174.000      212.140
    10:      213.190      214.420      218.010      222.350      222.350
    15:      222.350      222.360      232.350      232.360      247.050
    20:      403.880      405.510      405.780      412.800      436.760
    25:      472.930      474.180      474.300      474.350      475.080
    30:      593.050      593.050      593.050      593.060      597.980
    35:      597.980      603.050      603.060      614.280      705.860
    40:      705.860      705.860      705.870      710.880      710.880
    45:      715.860      715.870      717.140      717.140      717.140
    50:      717.150      727.140      727.150      765.000      767.370
    55:      863.860      864.670      864.710      864.770      885.330
    60:      897.520      938.910      938.910      938.910      938.920
    65:      948.910      948.920      993.420      993.580     1000.720
    70:     1000.720     1000.720     1000.730     1005.400     1005.400
    75:     1010.720     1010.730     1048.100     1048.740     1049.560
    80:     1049.720     1053.030     1136.870     1620.080     1621.020
    85:     1622.420     1622.440     1622.470     1644.470     1794.920
    90:     1947.000     2069.550     2069.820     2073.030     2076.390
    95:     2076.660     2076.690     2077.990     2078.010     2078.290
   100:     2079.410     2079.520     2159.920     2225.480     2225.480
   105:     2225.480     2225.490     2227.780     2227.780     2235.480
   110:     2235.490     2247.080     2300.530     2301.230     2301.770
   115:     2304.460     2304.530     2304.920     2310.070     2310.070
   120:     2310.070     2310.080     2312.770     2312.770     2314.510
   125:     2314.750     2316.040     2320.070     2320.080     2321.600
   130:     2321.870     2330.670     2334.160     2370.460     2376.520
   135:     2378.490     2383.200     2384.460     2385.600     2480.630
   140:     2485.360     2485.360     2485.360     2485.370     2486.340
   145:     2486.340     2493.820     2493.850     2493.880     2494.180
   150:     2495.360     2495.370     3611.100     3613.890     3615.120
   155:     3615.160     3745.840     3790.250     3799.990     3804.010
   160:     3804.170     3809.760     3866.530     3868.230     3879.670
   165:     3879.670     3879.670     3879.680     3883.040     3883.040
   170:     3889.670     3889.680     4579.070     4583.160     6929.560
   175:     6998.780     6998.780     6998.780     6998.790     7008.780
   180:     7008.790     7774.480     7774.620     7775.690     7885.540
   185:     7927.360     7927.360     7927.360     7927.370     7932.480
   190:     7933.150     7934.510     7937.360     7937.370     8068.880
   195:     8069.840     8070.920     8359.160     8359.740     8490.460
   200:     8490.510     8490.520     8490.560     8491.640     8494.320
   205:     8504.660     8504.660     8504.660     8504.670     8514.660
   210:     8514.670     8730.470     8731.160     8731.870     8773.850
   215:     8909.300     8909.300     8909.300     8909.310     8919.300
   220:     8919.310     8948.450     8952.120     8952.120     8952.120
   225:     8952.130     8957.180     8957.180     8961.190     8961.190
   230:     8962.120     8962.130     8963.920     8963.920     8963.920
   235:     8963.930     8973.920     8973.930     9466.930     9466.930
   240:     9466.930     9466.940     9470.000     9470.000     9474.220
   245:     9474.220     9476.930     9476.940     9544.700     9560.110
   250:     9560.910     9561.480     9584.590     9585.500     9679.010
   255:     9680.050     9683.570     9683.690     9683.760     9683.790
   260:     9684.120     9688.880     9689.180     9692.770     9693.070
   265:     9696.190     9697.670     9708.170     9710.440     9713.120
   270:     9713.510     9716.200     9716.260     9716.520     9716.810
   275:     9719.890     9742.730     9742.820     9743.340     9747.060
   280:     9752.210     9987.350     9989.250     9989.250     9989.250
   285:     9989.260     9990.000     9990.000     9999.250     9999.260
   290:    10082.010    10082.950    10089.420    10164.720    10165.090
   295:    10166.430    10227.560    10592.390    10659.820    10659.820
   300:    10659.820    10659.830    10663.930    10663.970    10669.820
   305:    10669.830    10676.010    10676.010    10676.010    10676.020
   310:    10681.560    10681.560    10686.010    10686.020    10717.130
   315:    10717.250    10795.010    10795.010    10795.010    10795.020
   320:    10798.330    10798.330    10800.010
