File: C:\MED-PC\Data\2025-03-24_09h16m_Subject 83.txt


Start Date: 03/24/25
End Date: 03/24/25
Subject: 83
Experiment: OralFentSA
Group: One
Box: 11
Start Time: 09:16:05
End Time: 12:16:19
MSN: Golden_Liq_SelfAdmin_EXT
F:       0.000
G:     132.000
H:   10800.000
I:       0.000
J:       0.000
K:       0.000
L:       0.000
M:       0.000
N:       0.000
O:       0.000
P:       0.000
Q:       0.000
R:       0.000
S:       0.000
U:       0.000
V:       0.000
W:       0.000
X:       0.000
Y:       0.000
Z:       0.000
A:
     0:        0.000        0.000      180.000        4.000        0.000
     5:        5.000        0.000        5.000        0.000        0.000
    10:        1.000        0.000       10.000   100000.000       25.000
    15:       16.000      600.000        0.000        0.000        0.000
    20:        0.000
B:
     0:        0.000        0.000        0.000        0.000        0.000
     5:        0.000        0.000        0.000        0.000        0.000
    10:        0.000        0.000     1000.000 10000000.000        0.000
    15:        0.000        0.000        0.000        0.000        0.000
    20:        0.000
C:
     0:        0.000        7.000        7.000       10.000       71.000
     5:     2390.350       48.290        4.000      181.080       45.270
    10:       10.000        7.000        0.000        0.000        0.000
    15:        0.000        0.000        0.000        0.000        0.000
    20:        0.000
D:
     0:       45.800       80.180        6.810       48.290
E:
     0:       19.000       11.000       26.000       27.000        6.000
     5:        6.000        6.000        6.000        6.000        6.000
    10:        6.000        1.000        6.000        6.000        6.000
    15:        6.000        6.000        6.000        6.000        6.000
    20:        6.000        6.000        6.000        6.000        6.000
    25:        6.000        1.000        2.000        4.000       22.000
    30:       24.000       12.000       19.000       11.000        6.000
    35:        6.000        6.000        2.000        4.000       22.000
    40:       24.000       12.000       21.000       22.000       21.000
    45:       22.000       21.000       22.000       19.000       11.000
    50:        2.000        4.000       22.000       24.000       12.000
    55:       19.000       11.000        6.000        6.000        6.000
    60:        6.000        6.000        6.000        6.000        6.000
    65:        6.000        6.000        6.000        6.000        6.000
    70:        6.000        6.000        6.000        6.000        6.000
    75:        6.000        6.000        6.000        1.000        1.000
    80:        6.000        6.000        6.000        6.000        6.000
    85:        6.000        1.000        1.000        1.000        6.000
    90:        6.000        6.000        6.000        2.000        4.000
    95:       22.000       24.000       12.000       21.000       22.000
   100:        6.000       19.000       11.000        6.000        2.000
   105:        4.000       22.000       24.000       12.000       19.000
   110:       11.000        2.000        4.000       22.000       24.000
   115:       12.000       19.000       11.000        6.000        6.000
   120:        6.000        6.000        6.000        6.000        6.000
   125:        6.000        6.000        6.000        6.000        6.000
   130:        6.000        6.000      100.000
T:
     0:        0.000        0.000        0.000        0.000       45.700
     5:       46.370       46.430       49.750       50.300       52.160
    10:       53.060      276.190      441.230      441.630      442.230
    15:      442.760      445.370      445.500      446.030      446.850
    20:      449.320      451.360      452.580      452.650      456.290
    25:      456.720      466.060      549.860      549.860      549.860
    30:      549.870      549.870      559.860      559.870      595.670
    35:      595.800      606.900      823.420      823.420      823.420
    40:      823.430      823.430      824.430      824.430      825.020
    45:      825.020      833.380      833.380      833.420      833.430
    50:      840.120      840.120      840.120      840.130      840.130
    55:      850.120      850.130      920.310      923.410      923.850
    60:      925.740      926.880      930.520      930.900      930.990
    65:      931.120      931.460      933.200      933.790      935.220
    70:      935.240      936.380      940.570      941.810      941.950
    75:      942.020      952.020      952.320     1170.300     1240.700
    80:     1294.730     1294.750     1295.950     1297.260     1297.290
    85:     1300.080     1518.940     1520.050     1520.280     1608.760
    90:     1609.030     1611.820     1612.470     1652.650     1652.650
    95:     1652.650     1652.660     1652.660     1653.650     1653.650
   100:     1659.470     1662.650     1662.660     1664.250     2087.190
   105:     2087.190     2087.190     2087.200     2087.200     2097.190
   110:     2097.200     2390.340     2390.340     2390.340     2390.350
   115:     2390.350     2400.340     2400.350     2438.640     2439.690
   120:     6361.230     6391.580     6392.840     6407.290     6833.430
   125:     6896.240     6896.300     6897.060     6897.160     6900.960
   130:     6904.130     6905.290    10800.000
