File: C:\MED-PC\Data\2025-04-07_08h49m_Subject 81.txt


Start Date: 04/07/25
End Date: 04/07/25
Subject: 81
Experiment: OralFentSA
Group: One
Box: 9
Start Time: 08:49:17
End Time: 11:56:39
MSN: Golden_Liq_SelfAdmin_EXT
F:       0.000
G:     265.000
H:   10800.000
I:       0.000
J:       0.000
K:       0.000
L:       0.000
M:       0.000
N:       0.000
O:       0.000
P:       0.000
Q:       0.000
R:       0.000
S:       0.000
U:       0.000
V:       0.000
W:       0.000
X:       0.000
Y:       0.000
Z:       0.000
A:
     0:        0.000        0.000      180.000        4.000        0.000
     5:        5.000        0.000        5.000        0.000        0.000
    10:        1.000        0.000       10.000   100000.000       26.000
    15:       26.000      600.000        0.000        0.000        0.000
    20:        0.000
B:
     0:        0.000        0.000        0.000        0.000        0.000
     5:        0.000        0.000        0.000        0.000        0.000
    10:        0.000        0.000     1000.000 10000000.000        0.000
    15:        0.000        0.000        0.000        0.000        0.000
    20:        0.000
C:
     0:        0.000       22.000       45.000       29.000       53.000
     5:    10724.340       50.700       11.000     1661.460      151.042
    10:       29.000       45.000        0.000        0.000        0.000
    15:        0.000        0.000        0.000        0.000        0.000
    20:        0.000
D:
     0:      596.410       43.760        4.920        3.110       47.950
     5:      245.890      178.950       71.260       45.260      373.250
    10:       50.700
E:
     0:       19.000       11.000       26.000       27.000        6.000
     5:        6.000        6.000        6.000        6.000        6.000
    10:        6.000        6.000        6.000        6.000        1.000
    15:        1.000        1.000        1.000        1.000        6.000
    20:        6.000        1.000        6.000        6.000        6.000
    25:        6.000        6.000        6.000        6.000        6.000
    30:        6.000        6.000        6.000        2.000        4.000
    35:       22.000       24.000       12.000       19.000       11.000
    40:        2.000        4.000       22.000       24.000       12.000
    45:       21.000       22.000       19.000       11.000        1.000
    50:        1.000        1.000        1.000        1.000        2.000
    55:        4.000       22.000       24.000       12.000       21.000
    60:       22.000       19.000       11.000        1.000        1.000
    65:        1.000        6.000        1.000        2.000        4.000
    70:       22.000       24.000       12.000       19.000       11.000
    75:        6.000        6.000        2.000        4.000       22.000
    80:       24.000       12.000        6.000       19.000       11.000
    85:        6.000        6.000        1.000        1.000        1.000
    90:        6.000        6.000        6.000        1.000        1.000
    95:        6.000        2.000        4.000       22.000       24.000
   100:       12.000       21.000       22.000       19.000       11.000
   105:        2.000        4.000       22.000       24.000       12.000
   110:        6.000       19.000       11.000        1.000        1.000
   115:        1.000        1.000        1.000        6.000        1.000
   120:        1.000        2.000        4.000       22.000       24.000
   125:       12.000       19.000       11.000        6.000        1.000
   130:        2.000        4.000       22.000       24.000       12.000
   135:       21.000       22.000       19.000       11.000        6.000
   140:        6.000        6.000        6.000        6.000        1.000
   145:        2.000        4.000       22.000       24.000       12.000
   150:       21.000       22.000       19.000       11.000        2.000
   155:        4.000       22.000       24.000       12.000       19.000
   160:       11.000        1.000        2.000        4.000       22.000
   165:       24.000       12.000       21.000       22.000       21.000
   170:       22.000       19.000       11.000        2.000        4.000
   175:       22.000       24.000       12.000       19.000       11.000
   180:        1.000        2.000        4.000       22.000       24.000
   185:       12.000       19.000       11.000        1.000        6.000
   190:        1.000        1.000        1.000        2.000        4.000
   195:       22.000       24.000       12.000       19.000       11.000
   200:        6.000        1.000        2.000        4.000       22.000
   205:       24.000       12.000       19.000       11.000        2.000
   210:        4.000       22.000       24.000       12.000       21.000
   215:       22.000       19.000       11.000        1.000        1.000
   220:        2.000        4.000       22.000       24.000       12.000
   225:       19.000       11.000        6.000        1.000        1.000
   230:        1.000        1.000        2.000        4.000       22.000
   235:       24.000       12.000       19.000       11.000        6.000
   240:        6.000        6.000        1.000        2.000        4.000
   245:       22.000       24.000       12.000       19.000       11.000
   250:        6.000        6.000        6.000        1.000        1.000
   255:        6.000        6.000        6.000        2.000        4.000
   260:       22.000       24.000       12.000       19.000       11.000
   265:      100.000
T:
     0:        0.000        0.000        0.000        0.000      122.230
     5:      700.820      701.160      703.070      706.050      710.470
    10:      858.920      974.500      974.710      974.780     1062.270
    15:     1064.750     1069.290     1070.860     1075.400     1757.030
    20:     1757.250     1856.100     2209.030     2218.860     2219.060
    25:     2219.550     2219.630     2219.700     2220.840     2228.390
    30:     2234.760     2235.630     2265.580     2460.320     2460.320
    35:     2460.320     2460.330     2460.330     2470.320     2470.330
    40:     2476.940     2476.940     2476.940     2476.950     2476.950
    45:     2479.410     2479.410     2486.940     2486.950     2509.720
    50:     2514.750     2515.990     2519.350     2662.300     2737.930
    55:     2737.930     2737.930     2737.940     2737.940     2747.290
    60:     2747.290     2747.930     2747.940     3099.630     3188.320
    65:     3229.340     3334.350     3644.220     3661.470     3661.470
    70:     3661.470     3661.480     3661.480     3671.470     3671.480
    75:     3705.240     3711.220     3727.580     3727.580     3727.580
    80:     3727.590     3727.590     3732.510     3737.580     3737.590
    85:     4020.530     4027.010     4152.680     4278.740     4339.080
    90:     4373.460     4563.060     4919.890     5189.740     5269.180
    95:     5607.120     5677.980     5677.980     5677.980     5677.990
   100:     5677.990     5681.370     5681.370     5687.980     5687.990
   105:     5689.360     5689.360     5689.360     5689.370     5689.370
   110:     5692.480     5699.360     5699.370     5746.990     6071.050
   115:     6073.110     6077.180     6092.320     6427.500     6490.340
   120:     6490.520     6795.850     6795.850     6795.850     6795.860
   125:     6795.860     6805.850     6805.860     6843.810     6870.890
   130:     6885.270     6885.270     6885.270     6885.280     6885.280
   135:     6886.750     6886.750     6895.270     6895.280     7131.170
   140:     7154.590     7168.910     7539.600     7559.140     7654.280
   145:     7736.650     7736.650     7736.650     7736.660     7736.660
   150:     7745.240     7745.240     7746.650     7746.660     7747.460
   155:     7747.460     7747.460     7747.470     7747.470     7757.460
   160:     7757.470     7850.160     7859.130     7859.130     7859.130
   165:     7859.140     7859.140     7863.610     7863.610     7865.770
   170:     7865.770     7869.130     7869.140     7963.870     7963.870
   175:     7963.870     7963.880     7963.880     7973.870     7973.880
   180:     8062.300     8079.330     8079.330     8079.330     8079.340
   185:     8079.340     8089.330     8089.340     8126.180     8258.290
   190:     8503.830     8503.920     8617.430     8651.100     8651.100
   195:     8651.100     8651.110     8651.110     8661.100     8661.110
   200:     8722.370     9014.350     9155.850     9155.850     9155.850
   205:     9155.860     9155.860     9165.850     9165.860     9173.750
   210:     9173.750     9173.750     9173.760     9173.760     9175.440
   215:     9175.440     9183.750     9183.760     9202.630     9206.690
   220:     9232.590     9232.590     9232.590     9232.600     9232.600
   225:     9242.590     9242.600     9277.860     9312.400     9628.130
   230:     9629.890     9630.940     9669.670     9669.670     9669.670
   235:     9669.680     9669.680     9679.670     9679.680    10042.930
   240:    10043.080    10043.100    10150.750    10256.470    10256.470
   245:    10256.470    10256.480    10256.480    10266.470    10266.480
   250:    10307.180    10314.570    10342.890    10368.550    10413.300
   255:    10698.720    10699.270    10699.850    10724.330    10724.330
   260:    10724.330    10724.340    10724.340    10734.330    10734.340
   265:    10800.000
