File: C:\MED-PC\Data\2025-04-01_08h21m_Subject 83.txt


Start Date: 04/01/25
End Date: 04/01/25
Subject: 83
Experiment: OralFentSA
Group: One
Box: 11
Start Time: 08:21:32
End Time: 11:21:43
MSN: Golden_Liq_SelfAdmin_EXT
F:       0.000
G:     113.000
H:   10800.000
I:       0.000
J:       0.000
K:       0.000
L:       0.000
M:       0.000
N:       0.000
O:       0.000
P:       0.000
Q:       0.000
R:       0.000
S:       0.000
U:       0.000
V:       0.000
W:       0.000
X:       0.000
Y:       0.000
Z:       0.000
A:
     0:        0.000        0.000      180.000        4.000        0.000
     5:        5.000        0.000        5.000        0.000        0.000
    10:        1.000        0.000       10.000   100000.000       25.000
    15:       22.000      600.000        0.000        0.000        0.000
    20:        0.000
B:
     0:        0.000        0.000        0.000        0.000        0.000
     5:        0.000        0.000        0.000        0.000        0.000
    10:        0.000        0.000     1000.000 10000000.000        0.000
    15:        0.000        0.000        0.000        0.000        0.000
    20:        0.000
C:
     0:        0.000        6.000        4.000        7.000       66.000
     5:     8370.950      139.880        5.000      444.910       88.982
    10:        7.000        4.000        0.000        0.000        0.000
    15:        0.000        0.000        0.000        0.000        0.000
    20:        0.000
D:
     0:       17.750      186.830       61.870       38.580      139.880
E:
     0:       19.000       11.000       26.000       27.000        2.000
     5:        4.000       22.000       24.000       12.000       19.000
    10:       11.000        6.000        6.000        6.000        6.000
    15:        6.000        6.000        6.000        6.000        6.000
    20:        6.000        6.000        6.000        6.000        2.000
    25:        4.000       22.000       24.000       12.000       19.000
    30:       11.000        6.000        6.000        6.000        2.000
    35:        4.000       22.000       24.000       12.000       19.000
    40:       11.000        6.000        6.000        6.000        6.000
    45:        6.000        6.000        6.000        6.000        6.000
    50:        6.000        2.000        4.000       22.000       24.000
    55:       12.000       21.000       22.000       21.000       22.000
    60:       19.000       11.000        1.000        1.000        1.000
    65:        6.000        6.000        6.000        6.000        6.000
    70:        6.000        6.000        6.000        6.000        6.000
    75:        6.000        6.000        6.000        6.000        6.000
    80:        6.000        6.000        6.000        6.000        6.000
    85:        6.000        6.000        6.000        6.000        6.000
    90:        6.000        6.000        6.000        6.000        6.000
    95:        6.000        6.000        6.000        6.000        6.000
   100:        6.000        6.000        1.000        6.000        6.000
   105:        2.000        4.000       22.000       24.000       12.000
   110:       19.000       11.000        6.000      100.000
T:
     0:        0.000        0.000        0.000        0.000      214.450
     5:      214.450      214.450      214.460      214.460      224.450
    10:      224.460      232.210      234.540      237.750      239.100
    15:      239.730      240.740      313.740      314.220      501.680
    20:      502.280      683.180      686.960      688.530      707.760
    25:      707.760      707.760      707.770      707.770      717.760
    30:      717.770      894.600      896.170      896.220      933.590
    35:      933.590      933.590      933.600      933.600      943.590
    40:      943.600      995.470      996.060      996.700     1001.130
    45:     1001.240     1003.770     1004.610     1198.020     1198.130
    50:     1198.350     1202.460     1202.460     1202.460     1202.470
    55:     1202.470     1203.530     1203.530     1208.270     1208.270
    60:     1212.460     1212.470     1229.000     1231.990     1233.490
    65:     1241.050     1242.840     1243.140     1243.170     1243.250
    70:     1243.450     1248.670     1610.390     1611.240     1620.990
    75:     1622.950     1814.930     1823.780     1824.200     1829.350
    80:     1834.960     1835.360     1838.500     2027.930     2028.330
    85:     2092.790     2097.010     2098.190     2104.890     2189.550
    90:     2192.430     2192.680     2223.580     2244.830     2246.280
    95:     2246.580     2252.740     2253.410     2253.440     2255.940
   100:     2885.870     2903.000     2979.620     8049.190     8049.210
   105:     8370.940     8370.940     8370.940     8370.950     8370.950
   110:     8380.940     8380.950     8510.830    10800.000
