File: C:\MED-PC\Data\2025-04-10_09h50m_Subject 84.txt


Start Date: 04/10/25
End Date: 04/10/25
Subject: 84
Experiment: OralFentSA
Group: One
Box: 12
Start Time: 09:50:40
End Time: 12:50:44
MSN: Golden_Liq_SelfAdmin_EXT
F:       0.000
G:     968.000
H:   10800.000
I:       0.000
J:       0.000
K:       0.000
L:       0.000
M:       0.000
N:       0.000
O:       0.000
P:       0.000
Q:       0.000
R:       0.000
S:       0.000
U:       0.000
V:       0.000
W:       0.000
X:       0.000
Y:       0.000
Z:       0.000
A:
     0:        0.000        0.000      180.000        4.000        0.000
     5:        5.000        0.000        5.000        0.000        0.000
    10:        1.000        0.000       10.000   100000.000       26.000
    15:       29.000      600.000        0.000        0.000        0.000
    20:        0.000
B:
     0:        0.000        0.000        0.000        0.000        0.000
     5:        0.000        0.000        0.000        0.000        0.000
    10:        0.000        0.000     1000.000 10000000.000        0.000
    15:        0.000        0.000        0.000        0.000        0.000
    20:        0.000
C:
     0:        0.000       60.000       30.000      102.000      435.000
     5:    10730.420        3.260       27.000     1774.520       65.723
    10:      102.000       30.000        0.000        0.000        0.000
    15:        0.000        0.000        0.000        0.000        0.000
    20:        0.000
D:
     0:       14.350        6.650       16.990        9.120        2.530
     5:        1.890       56.050       30.530       68.050      276.920
    10:        7.270        4.730       17.970       24.100       24.650
    15:       64.570      204.470      160.600       20.070      330.920
    20:       71.710       43.410      204.310       27.060       36.350
    25:       45.990        3.260
E:
     0:       19.000       11.000       26.000       27.000        6.000
     5:        6.000        6.000        6.000        6.000        6.000
    10:        6.000        6.000        6.000        6.000        6.000
    15:        6.000        6.000        6.000        6.000        6.000
    20:        6.000        6.000        6.000        2.000        4.000
    25:       22.000       24.000       12.000       19.000       11.000
    30:        2.000        4.000       22.000       24.000       12.000
    35:       21.000       22.000       21.000       22.000       21.000
    40:       22.000       19.000       11.000        2.000        4.000
    45:       22.000       24.000       12.000       21.000       22.000
    50:       21.000       22.000       21.000       22.000       21.000
    55:       22.000       19.000       11.000        1.000        2.000
    60:        4.000       22.000       24.000       12.000       20.000
    65:       19.000       11.000        6.000        6.000        6.000
    70:        6.000        6.000        6.000        6.000        6.000
    75:        6.000        2.000        4.000       22.000       24.000
    80:       12.000        6.000       19.000       11.000        6.000
    85:        6.000        6.000        6.000        2.000        4.000
    90:       22.000       24.000       12.000       19.000       11.000
    95:        6.000        6.000        6.000        6.000        2.000
   100:        4.000       22.000       24.000       12.000       21.000
   105:       22.000       21.000       22.000       19.000       11.000
   110:        1.000        1.000        2.000        4.000       22.000
   115:       24.000       12.000        6.000       19.000       11.000
   120:        6.000        6.000        6.000        6.000        6.000
   125:        6.000        6.000        6.000        6.000        6.000
   130:        6.000        6.000        6.000        6.000        6.000
   135:        6.000        6.000        6.000        6.000        6.000
   140:        6.000        6.000        6.000        6.000        6.000
   145:        6.000        6.000        6.000        6.000        6.000
   150:        6.000        6.000        6.000        6.000        6.000
   155:        6.000        6.000        6.000        6.000        6.000
   160:        6.000        6.000        6.000        6.000        6.000
   165:        6.000        6.000        6.000        6.000        6.000
   170:        6.000        6.000        6.000        6.000        6.000
   175:        6.000        6.000        6.000        2.000        4.000
   180:       22.000       24.000       12.000       19.000       11.000
   185:        2.000        4.000       22.000       24.000       12.000
   190:        6.000        6.000       19.000       11.000        2.000
   195:        4.000       22.000       24.000       12.000        6.000
   200:       19.000       11.000        2.000        4.000       22.000
   205:       24.000       12.000       19.000       11.000        1.000
   210:        1.000        6.000        2.000        4.000       22.000
   215:       24.000       12.000       19.000       11.000        2.000
   220:        4.000       22.000       24.000       12.000       19.000
   225:       11.000        2.000        4.000       22.000       24.000
   230:       12.000       19.000       11.000        2.000        4.000
   235:       22.000       24.000       12.000       21.000       22.000
   240:       19.000       11.000        6.000        6.000        6.000
   245:        6.000        1.000        2.000        4.000       22.000
   250:       24.000       12.000       21.000       22.000       21.000
   255:       22.000       21.000       22.000       19.000       11.000
   260:        2.000        4.000       22.000       24.000       12.000
   265:       21.000       22.000       19.000       11.000        6.000
   270:        6.000        6.000        6.000        1.000        2.000
   275:        4.000       22.000       24.000       12.000       19.000
   280:       11.000        6.000        6.000        6.000        2.000
   285:        4.000       22.000       24.000       12.000       21.000
   290:       22.000       19.000       11.000        1.000        1.000
   295:        1.000        1.000        1.000        2.000        4.000
   300:       22.000       24.000       12.000       21.000       22.000
   305:       21.000       22.000       19.000       11.000        2.000
   310:        4.000       22.000       24.000       12.000       21.000
   315:       22.000        6.000       19.000       11.000        2.000
   320:        4.000       22.000       24.000       12.000       21.000
   325:       22.000        6.000        6.000       19.000       11.000
   330:        6.000        6.000        6.000        6.000        2.000
   335:        4.000       22.000       24.000       12.000       19.000
   340:       11.000        2.000        4.000       22.000       24.000
   345:       12.000       21.000       22.000       21.000       22.000
   350:       19.000       11.000        6.000        2.000        4.000
   355:       22.000       24.000       12.000       19.000       11.000
   360:        6.000        2.000        4.000       22.000       24.000
   365:       12.000       19.000       11.000        2.000        4.000
   370:       22.000       24.000       12.000       19.000       11.000
   375:        2.000        4.000       22.000       24.000       12.000
   380:       21.000       22.000       19.000       11.000        6.000
   385:        1.000        1.000        1.000        6.000        2.000
   390:        4.000       22.000       24.000       12.000       19.000
   395:       11.000        2.000        4.000       22.000       24.000
   400:       12.000       21.000       22.000       19.000       11.000
   405:        6.000        6.000        2.000        4.000       22.000
   410:       24.000       12.000       19.000       11.000        2.000
   415:        4.000       22.000       24.000       12.000       21.000
   420:       22.000       21.000       22.000       19.000       11.000
   425:        6.000        2.000        4.000       22.000       24.000
   430:       12.000       21.000       22.000       19.000       11.000
   435:        1.000        2.000        4.000       22.000       24.000
   440:       12.000       21.000       22.000       21.000       22.000
   445:       21.000       22.000       19.000       11.000        2.000
   450:        4.000       22.000       24.000       12.000       19.000
   455:       11.000        1.000        6.000        1.000        2.000
   460:        4.000       22.000       24.000       12.000       19.000
   465:       11.000        6.000        6.000        6.000        6.000
   470:        6.000        6.000        6.000        6.000        6.000
   475:        6.000        6.000        6.000        6.000        6.000
   480:        6.000        6.000        6.000        6.000        6.000
   485:        6.000        6.000        6.000        6.000        6.000
   490:        6.000        6.000        6.000        6.000        6.000
   495:        6.000        6.000        6.000        6.000        6.000
   500:        6.000        6.000        6.000        6.000        6.000
   505:        6.000        6.000        6.000        6.000        6.000
   510:        6.000        6.000        2.000        4.000       22.000
   515:       24.000       12.000       19.000       11.000        6.000
   520:        6.000        6.000        6.000        6.000        6.000
   525:        6.000        6.000        6.000        6.000        6.000
   530:        6.000        6.000        6.000        1.000        6.000
   535:        6.000        6.000        6.000        6.000        6.000
   540:        6.000        6.000        6.000        2.000        4.000
   545:       22.000       24.000       12.000       19.000       11.000
   550:        2.000        4.000       22.000       24.000       12.000
   555:       19.000       11.000        2.000        4.000       22.000
   560:       24.000       12.000       21.000       22.000       19.000
   565:       11.000        2.000        4.000       22.000       24.000
   570:       12.000       21.000       22.000       19.000       11.000
   575:        2.000        4.000       22.000       24.000       12.000
   580:       21.000       22.000       19.000       11.000        6.000
   585:        6.000        1.000        1.000        2.000        4.000
   590:       22.000       24.000       12.000       19.000       11.000
   595:        2.000        4.000       22.000       24.000       12.000
   600:       21.000       22.000       19.000       11.000        2.000
   605:        4.000       22.000       24.000       12.000       21.000
   610:       22.000       19.000       11.000        2.000        4.000
   615:       22.000       24.000       12.000       19.000       11.000
   620:        1.000        2.000        4.000       22.000       24.000
   625:       12.000       19.000       11.000        6.000        6.000
   630:        6.000        6.000        6.000        6.000        6.000
   635:        6.000        6.000        6.000        6.000        6.000
   640:        6.000        6.000        6.000        6.000        6.000
   645:        6.000        6.000        6.000        6.000        6.000
   650:        6.000        6.000        6.000        6.000        6.000
   655:        6.000        6.000        6.000        6.000        6.000
   660:        6.000        6.000        6.000        6.000        6.000
   665:        6.000        6.000        6.000        6.000        6.000
   670:        6.000        6.000        6.000        6.000        6.000
   675:        6.000        6.000        6.000        6.000        6.000
   680:        6.000        6.000        6.000        6.000        6.000
   685:        6.000        6.000        6.000        6.000        6.000
   690:        6.000        6.000        6.000        6.000        6.000
   695:        6.000        6.000        6.000        6.000        6.000
   700:        6.000        6.000        6.000        6.000        6.000
   705:        6.000        6.000        6.000        6.000        6.000
   710:        6.000        6.000        6.000        6.000        6.000
   715:        6.000        6.000        6.000        6.000        6.000
   720:        6.000        6.000        6.000        6.000        6.000
   725:        6.000        6.000        6.000        6.000        6.000
   730:        6.000        6.000        6.000        6.000        6.000
   735:        6.000        6.000        6.000        6.000        6.000
   740:        6.000        6.000        6.000        6.000        6.000
   745:        6.000        6.000        6.000        6.000        6.000
   750:        6.000        6.000        2.000        4.000       22.000
   755:       24.000       12.000       19.000       11.000        1.000
   760:        2.000        4.000       22.000       24.000       12.000
   765:       19.000       11.000        6.000        1.000        1.000
   770:        2.000        4.000       22.000       24.000       12.000
   775:       19.000       11.000        2.000        4.000       22.000
   780:       24.000       12.000       19.000       11.000        6.000
   785:        6.000        1.000        2.000        4.000       22.000
   790:       24.000       12.000       21.000       22.000       19.000
   795:       11.000        1.000        2.000        4.000       22.000
   800:       24.000       12.000       19.000       11.000        6.000
   805:        6.000        6.000        6.000        6.000        6.000
   810:        6.000        6.000        6.000        6.000        6.000
   815:        6.000        6.000        6.000        6.000        6.000
   820:        6.000        6.000        6.000        6.000        6.000
   825:        6.000        6.000        6.000        6.000        6.000
   830:        6.000        6.000        6.000        6.000        6.000
   835:        6.000        6.000        6.000        6.000        6.000
   840:        6.000        6.000        6.000        6.000        6.000
   845:        6.000        6.000        6.000        6.000        6.000
   850:        2.000        4.000       22.000       24.000       12.000
   855:       21.000       22.000       19.000       11.000        1.000
   860:        2.000        4.000       22.000       24.000       12.000
   865:       21.000       22.000       21.000       22.000       21.000
   870:       22.000       21.000       22.000       21.000       22.000
   875:       21.000       22.000       21.000       22.000       19.000
   880:       11.000        2.000        4.000       22.000       24.000
   885:       12.000       19.000       11.000        2.000        4.000
   890:       22.000       24.000       12.000       19.000       11.000
   895:        6.000        6.000        6.000        6.000        6.000
   900:        6.000        6.000        6.000        2.000        4.000
   905:       22.000       24.000       12.000        6.000        6.000
   910:        6.000        6.000        6.000        6.000        6.000
   915:        6.000        6.000        6.000        6.000        6.000
   920:        6.000        6.000        6.000        6.000        6.000
   925:        6.000        6.000        6.000        6.000       19.000
   930:       11.000        6.000        6.000        6.000        6.000
   935:        6.000        6.000        6.000        6.000        6.000
   940:        6.000        6.000        6.000        6.000        6.000
   945:        6.000        6.000        6.000        6.000        6.000
   950:        6.000        6.000        6.000        6.000        6.000
   955:        6.000        6.000        6.000        6.000        6.000
   960:        6.000        6.000        6.000        6.000        6.000
   965:        6.000        6.000        1.000      100.000
T:
     0:        0.000        0.000        0.000        0.000       28.330
     5:       28.420      132.200      133.250      136.120      136.290
    10:      136.480      136.560      138.310      139.150      140.820
    15:      142.780      143.830      143.960      144.310      147.860
    20:      356.770      587.180      667.160      720.630      720.630
    25:      720.630      720.640      720.640      730.630      730.640
    30:      869.730      869.730      869.730      869.740      869.740
    35:      870.330      870.330      878.140      878.140      879.340
    40:      879.340      879.730      879.740      961.640      961.640
    45:      961.640      961.650      961.650      962.470      962.470
    50:      963.930      963.930      965.480      965.480      968.250
    55:      968.250      971.640      971.650     1043.790     1120.500
    60:     1120.500     1120.500     1120.510     1120.510     1127.430
    65:     1130.500     1130.510     1134.860     1135.360     1135.550
    70:     1136.040     1136.100     1138.080     1141.550     1141.730
    75:     1141.840     1169.840     1169.840     1169.840     1169.850
    80:     1169.850     1176.500     1179.840     1179.850     1180.060
    85:     1180.130     1180.210     1180.890     1233.680     1233.680
    90:     1233.680     1233.690     1233.690     1243.680     1243.690
    95:     1250.680     1250.800     1260.200     1261.120     1283.510
   100:     1283.510     1283.510     1283.520     1283.520     1291.870
   105:     1291.870     1292.060     1292.060     1293.510     1293.520
   110:     1296.740     1355.350     1408.930     1408.930     1408.930
   115:     1408.940     1408.940     1418.060     1418.930     1418.940
   120:     1420.300     1420.700     1421.770     1431.030     1435.460
   125:     1436.450     1436.990     1437.880     1440.210     1440.320
   130:     1440.490     1442.480     1442.580     1442.850     1443.060
   135:     1444.810     1445.530     1445.820     1445.910     1448.350
   140:     1453.350     1453.640     1453.670     1454.350     1454.440
   145:     1454.530     1455.730     1455.780     1456.710     1457.210
   150:     1457.500     1459.870     1460.360     1461.540     1461.630
   155:     1461.710     1461.740     1461.940     1462.030     1462.240
   160:     1464.920     1466.030     1466.870     1467.100     1478.360
   165:     1488.220     1494.910     1495.770     1496.090     1496.180
   170:     1496.230     1499.910     1504.860     1581.460     1581.690
   175:     1582.710     1583.290     1583.620     1628.200     1628.200
   180:     1628.200     1628.210     1628.210     1638.200     1638.210
   185:     1961.650     1961.650     1961.650     1961.660     1961.660
   190:     1964.190     1964.730     1971.650     1971.660     1982.930
   195:     1982.930     1982.930     1982.940     1982.940     1984.830
   200:     1992.930     1992.940     2020.950     2020.950     2020.950
   205:     2020.960     2020.960     2030.950     2030.960     2058.640
   210:     2059.260     2077.010     2179.590     2179.590     2179.590
   215:     2179.600     2179.600     2189.590     2189.600     2194.240
   220:     2194.240     2194.240     2194.250     2194.250     2204.240
   225:     2204.250     2207.770     2207.770     2207.770     2207.780
   230:     2207.780     2217.770     2217.780     2233.650     2233.650
   235:     2233.650     2233.660     2233.660     2234.040     2234.040
   240:     2243.650     2243.660     2264.190     2264.370     2264.860
   245:     2264.930     2297.450     2302.240     2302.240     2302.240
   250:     2302.250     2302.250     2303.200     2303.200     2303.900
   255:     2303.900     2304.460     2304.460     2312.240     2312.250
   260:     2622.500     2622.500     2622.500     2622.510     2622.510
   265:     2622.930     2622.930     2632.500     2632.510     2690.560
   270:     2691.060     2740.110     2740.160     2753.110     2759.290
   275:     2759.290     2759.290     2759.300     2759.300     2769.290
   280:     2769.300     3036.220     3036.630     3166.890     3221.920
   285:     3221.920     3221.920     3221.930     3221.930     3223.710
   290:     3223.710     3231.920     3231.930     3268.000     3268.400
   295:     3271.580     3276.410     3278.590     3304.100     3304.100
   300:     3304.100     3304.110     3304.110     3310.450     3310.450
   305:     3311.300     3311.300     3314.100     3314.110     3320.700
   310:     3320.700     3320.700     3320.710     3320.710     3321.560
   315:     3321.560     3327.980     3330.700     3330.710     3410.920
   320:     3410.920     3410.920     3410.930     3410.930     3411.750
   325:     3411.750     3415.660     3415.790     3420.920     3420.930
   330:     3422.720     3423.640     3424.240     3427.160     3540.880
   335:     3540.880     3540.880     3540.890     3540.890     3550.880
   340:     3550.890     3582.410     3582.410     3582.410     3582.420
   345:     3582.420     3585.140     3585.140     3585.710     3585.710
   350:     3592.410     3592.420     3600.390     4110.130     4110.130
   355:     4110.130     4110.140     4110.140     4120.130     4120.140
   360:     4134.240     4170.330     4170.330     4170.330     4170.340
   365:     4170.340     4180.330     4180.340     4229.170     4229.170
   370:     4229.170     4229.180     4229.180     4239.170     4239.180
   375:     4847.990     4847.990     4847.990     4848.000     4848.000
   380:     4848.480     4848.480     4857.990     4858.000     4872.650
   385:     4956.700     5343.090     5354.620     5511.520     5603.510
   390:     5603.510     5603.510     5603.520     5603.520     5613.510
   395:     5613.520     5614.450     5614.450     5614.450     5614.460
   400:     5614.460     5624.020     5624.020     5624.450     5624.460
   405:     5679.030     5802.300     5938.610     5938.610     5938.610
   410:     5938.620     5938.620     5948.610     5948.620     6025.530
   415:     6025.530     6025.530     6025.540     6025.540     6025.630
   420:     6025.630     6028.930     6028.930     6035.530     6035.540
   425:     6230.010     6448.910     6448.910     6448.910     6448.920
   430:     6448.920     6449.960     6449.960     6458.910     6458.920
   435:     6517.270     6629.300     6629.300     6629.300     6629.310
   440:     6629.310     6629.780     6629.780     6635.520     6635.520
   445:     6635.740     6635.740     6639.300     6639.310     6782.500
   450:     6782.500     6782.500     6782.510     6782.510     6792.500
   455:     6792.510     6912.160     6943.110     6968.230     7078.690
   460:     7078.690     7078.690     7078.700     7078.700     7088.690
   465:     7088.700     7098.770     7098.810     7098.830     7099.330
   470:     7100.490     7101.720     7102.370     7102.630     7105.540
   475:     7105.670     7107.290     7107.950     7108.340     7108.900
   480:     7109.970     7111.750     7111.860     7112.260     7112.480
   485:     7112.720     7112.850     7114.650     7115.350     7117.460
   490:     7117.770     7118.190     7119.010     7120.160     7120.560
   495:     7122.290     7125.160     7126.780     7127.220     7127.550
   500:     7129.390     7130.060     7130.160     7130.420     7137.700
   505:     7139.240     7139.450     7139.790     7139.820     7140.070
   510:     7140.120     7140.230     7283.700     7283.700     7283.700
   515:     7283.710     7283.710     7293.700     7293.710     7614.630
   520:     7614.670     7614.780     7614.880     7621.880     7623.790
   525:     7623.870     7630.120     7631.670     7641.330     7642.210
   530:     7642.380     7642.560     7642.820     7652.140     7687.270
   535:     7687.460     7765.290     7777.820     7777.950     7778.190
   540:     7778.270     7781.270     7785.570     7888.390     7888.390
   545:     7888.390     7888.400     7888.400     7898.390     7898.400
   550:     7929.230     7929.230     7929.230     7929.240     7929.240
   555:     7939.230     7939.240     7996.660     7996.660     7996.660
   560:     7996.670     7996.670     7998.370     7998.370     8006.660
   565:     8006.670     8111.370     8111.370     8111.370     8111.380
   570:     8111.380     8117.900     8117.900     8121.370     8121.380
   575:     8213.660     8213.660     8213.660     8213.670     8213.670
   580:     8213.910     8213.910     8223.660     8223.670     8285.380
   585:     8286.760     8390.430     8390.820     8462.390     8462.390
   590:     8462.390     8462.400     8462.400     8472.390     8472.400
   595:     8474.760     8474.760     8474.760     8474.770     8474.770
   600:     8476.250     8476.250     8484.760     8484.770     8498.420
   605:     8498.420     8498.420     8498.430     8498.430     8499.020
   610:     8499.020     8508.420     8508.430     8514.930     8514.930
   615:     8514.930     8514.940     8514.940     8524.930     8524.940
   620:     8585.380     8723.020     8723.020     8723.020     8723.030
   625:     8723.030     8733.020     8733.030     8766.440     8767.360
   630:     8767.460     8767.730     8767.930     8770.880     8770.980
   635:     8771.390     8771.560     8771.940     8772.170     8772.210
   640:     8772.470     8772.530     8772.890     8773.430     8773.530
   645:     8775.190     8775.280     8776.100     8776.430     8780.750
   650:     8782.260     8783.760     8789.830     8790.490     8791.470
   655:     8793.120     8793.700     8793.800     8794.360     8794.480
   660:     8794.550     8794.680     8795.330     8795.650     8796.660
   665:     8800.370     8800.490     8801.730     8801.830     8807.590
   670:     8808.040     8808.390     8808.810     8810.040     8810.100
   675:     8810.620     8811.010     8812.510     8813.220     8813.240
   680:     8814.210     8816.010     8816.250     8817.020     8817.130
   685:     8817.960     8821.120     8821.150     8822.910     8824.340
   690:     8824.680     8824.960     8825.660     8825.790     8826.020
   695:     8826.130     8826.280     8826.830     8827.800     8827.940
   700:     8828.580     8828.690     8831.480     8831.870     8832.970
   705:     8833.080     8833.360     8833.420     8834.500     8835.590
   710:     8835.740     8835.880     8836.380     8836.990     8837.260
   715:     8837.380     8837.660     8837.940     8838.090     8838.200
   720:     8838.580     8838.690     8839.560     8839.860     8840.790
   725:     8842.720     8842.850     8842.960     8843.270     8843.340
   730:     8843.480     8845.010     8845.720     8846.700     8846.770
   735:     8848.360     8848.930     8849.150     8849.410     8849.550
   740:     8850.000     8852.780     8853.460     8853.680     8853.740
   745:     8853.800     8853.820     8854.520     8856.090     8856.340
   750:     8970.620     8970.640     9095.540     9095.540     9095.540
   755:     9095.550     9095.550     9105.540     9105.550     9163.570
   760:     9167.100     9167.100     9167.100     9167.110     9167.110
   765:     9177.100     9177.110     9371.420     9618.230     9824.490
   770:     9868.580     9868.580     9868.580     9868.590     9868.590
   775:     9878.580     9878.590     9886.750     9886.750     9886.750
   780:     9886.760     9886.760     9896.750     9896.760     9913.820
   785:     9913.880     9950.800    10106.090    10106.090    10106.090
   790:    10106.100    10106.100    10106.340    10106.340    10116.090
   795:    10116.100    10320.690    10325.850    10325.850    10325.850
   800:    10325.860    10325.860    10335.850    10335.860    10362.210
   805:    10362.360    10363.250    10363.420    10365.770    10366.090
   810:    10367.070    10367.100    10367.150    10368.330    10368.910
   815:    10369.100    10369.300    10369.520    10370.150    10370.740
   820:    10370.900    10371.010    10371.300    10371.370    10371.410
   825:    10375.070    10376.130    10376.210    10376.250    10376.360
   830:    10376.960    10376.990    10377.060    10377.710    10377.930
   835:    10378.000    10378.120    10378.190    10378.270    10378.350
   840:    10378.500    10378.600    10378.850    10379.400    10379.540
   845:    10388.180    10388.650    10391.970    10392.190    10392.660
   850:    10425.520    10425.520    10425.520    10425.530    10425.530
   855:    10431.680    10431.680    10435.520    10435.530    10447.540
   860:    10448.900    10448.900    10448.900    10448.910    10448.910
   865:    10449.340    10449.340    10451.330    10451.330    10453.680
   870:    10453.680    10454.760    10454.760    10455.520    10455.520
   875:    10456.350    10456.350    10456.690    10456.690    10458.900
   880:    10458.910    10563.960    10563.960    10563.960    10563.970
   885:    10563.970    10573.960    10573.970    10680.460    10680.460
   890:    10680.460    10680.470    10680.470    10690.460    10690.470
   895:    10726.460    10726.680    10726.720    10727.090    10727.140
   900:    10728.140    10728.380    10728.420    10730.410    10730.410
   905:    10730.410    10730.420    10730.420    10733.680    10733.770
   910:    10733.980    10734.120    10734.160    10734.410    10734.750
   915:    10736.050    10737.230    10737.290    10737.340    10737.730
   920:    10738.140    10738.770    10738.930    10739.070    10739.250
   925:    10739.690    10739.780    10739.840    10739.910    10740.410
   930:    10740.420    10740.530    10740.680    10740.810    10740.990
   935:    10741.050    10741.730    10742.310    10744.140    10744.450
   940:    10744.480    10745.060    10745.170    10746.180    10746.310
   945:    10748.420    10750.410    10750.460    10750.590    10750.960
   950:    10750.990    10751.120    10751.800    10752.870    10755.560
   955:    10755.610    10755.730    10755.760    10755.930    10756.710
   960:    10757.110    10758.430    10758.730    10759.020    10759.200
   965:    10760.690    10760.710    10776.840    10800.000
