File: C:\MED-PC IV\DATA\!2025-03-04_12h26m.Subject 65



Start Date: 03/04/25
End Date: 03/04/25
Subject: 65
Experiment: OralFentSA
Group: One
Box: 1
Start Time: 12:26:09
End Time: 15:27:07
MSN: Golden_Liq_SelfAdmin_EXT
F:       0.000
G:    2430.000
H:   10800.010
I:       0.000
J:       0.000
K:       0.000
L:       0.000
M:       0.000
N:       0.000
O:       0.000
P:       0.000
Q:       0.000
R:       0.000
S:       0.000
U:       0.000
V:       0.000
W:       0.000
X:       0.000
Y:       0.000
Z:       0.000
A:
     0:        0.000        0.000      180.000        4.000        0.000
     5:        5.000        0.000        5.000        0.000        0.000
    10:        1.000        0.000       10.000 100000000.00       23.000
    15:       17.000      640.000        0.000        0.000        0.000
    20:        0.000
B:
     0:        0.000        0.000        0.000        0.000        0.000
     5:        0.000        0.000        0.000        0.000        0.000
    10:        0.000        0.000     1000.000 10000000000.        0.000
    15:        0.000        0.000        0.000        0.000        0.000
    20:        0.000
C:
     0:        0.000       19.000        0.000       28.000     2270.000
     5:    10524.540       25.460       14.000      715.830       51.131
    10:       28.000       28.000        0.000        0.000        0.000
    15:        0.000        0.000        0.000        0.000        0.000
    20:        0.000
D:
     0:       99.860       73.650       17.970        1.960        7.710
     5:       26.220       68.840      188.350       27.480        1.930
    10:       65.310       53.370       57.720       25.460
E:
     0:       19.000       11.000       26.000       27.000        6.000
     5:        6.000        6.000        6.000        6.000        6.000
    10:        6.000        6.000        6.000        6.000        6.000
    15:        6.000        6.000        6.000        6.000        6.000
    20:        6.000        6.000        6.000        6.000        6.000
    25:        6.000        6.000        6.000        6.000        6.000
    30:        6.000        6.000        6.000        6.000        6.000
    35:        6.000        6.000        6.000        6.000        6.000
    40:        6.000        6.000        6.000        6.000        6.000
    45:        6.000        6.000        6.000        6.000        6.000
    50:        6.000        6.000        6.000        6.000        6.000
    55:        6.000        6.000        6.000        6.000        6.000
    60:        6.000        6.000        6.000        6.000        6.000
    65:        6.000        6.000        6.000        6.000        6.000
    70:        6.000        6.000        6.000        6.000        6.000
    75:        6.000        6.000        6.000        6.000        6.000
    80:        6.000        6.000        6.000        6.000        6.000
    85:        6.000        6.000        6.000        6.000        6.000
    90:        6.000        6.000        6.000        6.000        6.000
    95:        6.000        6.000        6.000        6.000        6.000
   100:        6.000        6.000        6.000        6.000        6.000
   105:        6.000        6.000        6.000        6.000        6.000
   110:        6.000        6.000        6.000        6.000        6.000
   115:        6.000        6.000        6.000        6.000        6.000
   120:        6.000        6.000        6.000        6.000        6.000
   125:        6.000        6.000        6.000        6.000        6.000
   130:        6.000        6.000        6.000        6.000        6.000
   135:        6.000        6.000        6.000        6.000        6.000
   140:        6.000        6.000        6.000        6.000        6.000
   145:        6.000        6.000        6.000        6.000        6.000
   150:        6.000        6.000        6.000        6.000        6.000
   155:        6.000        6.000        6.000        6.000        6.000
   160:        6.000        6.000        6.000        6.000        6.000
   165:        6.000        6.000        6.000        6.000        6.000
   170:        6.000        6.000        6.000        6.000        6.000
   175:        6.000        6.000        6.000        6.000        6.000
   180:        6.000        6.000        6.000        6.000        6.000
   185:        6.000        6.000        6.000        6.000        6.000
   190:        6.000        6.000        6.000        6.000        6.000
   195:        6.000        6.000        6.000        6.000        6.000
   200:        6.000        6.000        6.000        6.000        6.000
   205:        6.000        6.000       23.000        6.000        6.000
   210:        6.000        6.000        6.000        6.000        6.000
   215:        6.000        6.000        6.000        6.000        6.000
   220:        6.000        6.000        6.000        6.000        6.000
   225:        6.000        6.000        6.000        6.000        6.000
   230:        6.000        6.000        6.000        6.000        6.000
   235:        6.000        6.000        6.000        6.000        6.000
   240:        6.000        6.000        6.000        6.000        6.000
   245:        6.000        6.000        6.000        6.000        6.000
   250:        6.000        6.000        6.000        6.000        6.000
   255:        6.000        6.000        6.000        6.000        6.000
   260:        6.000        6.000        6.000        6.000        6.000
   265:        6.000        6.000        6.000        6.000        6.000
   270:        6.000        6.000        6.000        6.000        6.000
   275:        6.000        6.000        6.000        6.000        6.000
   280:        6.000        6.000        6.000        6.000        6.000
   285:        6.000        6.000        6.000        6.000        6.000
   290:        6.000        6.000        6.000        6.000        6.000
   295:        6.000        6.000        6.000        6.000        6.000
   300:        6.000        6.000        6.000        6.000        6.000
   305:        6.000        6.000        6.000        6.000        6.000
   310:        6.000        6.000        6.000        6.000        6.000
   315:        6.000        6.000        6.000        6.000        6.000
   320:        6.000        6.000        6.000        6.000        6.000
   325:        6.000        6.000        6.000        6.000        6.000
   330:        6.000        6.000        6.000        6.000        6.000
   335:        6.000        6.000        6.000        6.000        6.000
   340:        6.000        6.000        6.000        6.000        6.000
   345:        6.000        6.000        6.000        6.000        6.000
   350:        6.000        6.000        6.000        6.000        6.000
   355:        6.000        6.000        6.000        6.000        6.000
   360:        6.000        6.000        6.000        6.000        6.000
   365:        6.000        6.000        6.000        6.000        6.000
   370:        6.000        6.000        6.000        6.000        6.000
   375:        6.000        6.000        6.000        6.000        6.000
   380:        6.000        6.000        6.000       23.000        6.000
   385:        6.000        6.000        6.000        2.000        4.000
   390:       22.000       24.000       19.000       11.000        6.000
   395:        6.000        6.000        6.000        6.000        6.000
   400:        6.000        6.000        6.000        6.000        6.000
   405:        6.000        6.000        6.000        6.000        6.000
   410:        6.000        6.000        6.000        6.000        6.000
   415:        6.000        6.000        6.000        6.000        6.000
   420:        6.000        6.000        6.000        6.000        6.000
   425:        6.000        6.000        6.000        6.000        6.000
   430:        6.000        6.000        6.000        6.000        6.000
   435:        6.000        6.000        6.000        6.000        6.000
   440:        6.000        6.000        6.000        6.000        6.000
   445:        6.000        6.000        6.000        6.000        6.000
   450:        6.000        6.000        6.000        6.000        6.000
   455:        6.000        6.000        6.000        6.000        6.000
   460:        6.000        6.000        6.000        6.000        6.000
   465:        6.000        6.000        6.000        6.000        6.000
   470:        6.000        6.000        6.000        6.000        6.000
   475:        6.000        6.000        6.000        6.000        6.000
   480:        6.000        6.000        6.000        6.000        6.000
   485:        6.000        6.000        6.000        6.000        6.000
   490:        6.000        6.000        6.000        6.000        6.000
   495:        6.000        6.000        6.000        6.000        6.000
   500:        6.000        6.000        6.000        6.000        6.000
   505:        6.000        6.000        6.000        6.000        6.000
   510:        6.000        6.000        6.000        6.000        6.000
   515:        6.000        6.000        6.000        6.000        6.000
   520:        6.000        6.000        6.000        6.000        6.000
   525:        6.000        6.000        6.000        6.000        6.000
   530:        6.000        6.000        6.000        6.000        6.000
   535:        6.000        6.000        6.000        6.000        6.000
   540:        6.000        6.000        6.000        6.000        6.000
   545:        6.000        6.000        6.000        6.000        6.000
   550:        6.000        6.000        6.000        6.000        6.000
   555:        6.000        6.000        6.000        6.000        6.000
   560:        6.000        6.000        6.000        6.000        6.000
   565:        6.000        6.000        6.000        6.000        6.000
   570:        6.000        6.000        6.000        6.000        6.000
   575:        6.000        6.000        6.000        6.000        6.000
   580:        6.000        6.000        6.000        6.000        6.000
   585:        6.000        6.000        6.000        6.000        6.000
   590:        6.000        6.000        6.000        6.000        6.000
   595:        6.000        6.000        6.000        6.000        6.000
   600:        6.000        6.000        6.000        6.000        6.000
   605:        6.000        6.000        6.000        6.000        6.000
   610:        6.000        6.000        6.000        6.000        6.000
   615:        6.000        6.000        6.000        6.000        6.000
   620:        6.000        6.000        6.000        6.000        6.000
   625:        6.000        6.000        6.000        6.000        6.000
   630:        6.000        6.000        6.000        6.000        6.000
   635:        6.000        6.000        6.000        6.000        6.000
   640:        6.000        6.000        6.000        6.000        6.000
   645:        6.000        6.000        2.000        4.000       22.000
   650:       24.000       19.000       11.000        2.000        4.000
   655:       22.000       24.000       19.000       11.000        6.000
   660:        6.000        6.000        6.000        6.000        6.000
   665:        6.000        6.000        6.000        6.000        6.000
   670:        6.000        6.000        6.000        6.000        6.000
   675:        6.000        6.000        6.000        6.000        6.000
   680:        6.000        6.000        6.000        6.000        6.000
   685:        6.000        6.000        6.000        6.000        6.000
   690:        6.000        6.000        6.000        6.000        6.000
   695:        6.000        6.000        6.000        6.000        6.000
   700:        6.000        6.000        6.000        6.000        6.000
   705:        6.000        6.000        6.000        6.000        6.000
   710:        6.000        6.000        6.000        6.000        6.000
   715:        6.000        6.000        6.000        6.000        6.000
   720:        6.000        6.000        6.000        6.000        6.000
   725:        6.000        6.000        6.000        6.000        6.000
   730:        6.000        6.000        6.000        6.000        6.000
   735:        6.000        6.000        6.000        6.000        6.000
   740:        6.000        6.000        6.000        6.000        6.000
   745:        6.000        6.000        6.000        6.000        6.000
   750:        6.000        6.000        6.000        6.000        6.000
   755:        6.000        6.000        6.000        6.000        6.000
   760:        6.000        6.000        6.000        6.000        6.000
   765:        6.000        6.000        6.000        6.000        6.000
   770:        6.000        6.000        6.000        6.000        6.000
   775:        6.000        6.000        6.000        6.000        6.000
   780:        6.000        6.000        6.000        6.000        6.000
   785:        6.000        6.000        6.000        6.000        6.000
   790:        6.000        2.000        4.000       22.000       24.000
   795:       21.000       22.000       21.000       22.000       19.000
   800:       11.000        6.000        6.000        6.000        6.000
   805:        6.000        6.000        6.000        6.000        6.000
   810:        6.000        6.000        6.000        6.000        6.000
   815:        6.000        6.000        6.000        6.000        6.000
   820:        6.000        6.000        6.000        6.000        6.000
   825:        6.000        6.000        6.000        6.000        6.000
   830:        6.000        6.000        6.000        6.000        6.000
   835:        6.000        6.000        6.000        6.000        6.000
   840:        6.000        6.000        6.000        6.000        6.000
   845:        6.000        6.000        6.000        6.000        6.000
   850:        6.000        6.000        6.000        6.000        6.000
   855:        6.000        6.000        6.000        6.000        6.000
   860:        6.000        6.000        6.000        6.000        6.000
   865:        6.000        6.000        6.000        6.000        6.000
   870:        6.000        6.000        6.000        6.000        6.000
   875:        6.000        6.000        6.000        6.000        6.000
   880:        6.000        6.000        6.000        6.000        6.000
   885:        6.000        6.000        6.000        6.000        6.000
   890:        6.000        6.000        6.000        6.000        6.000
   895:        6.000        6.000        6.000        6.000        6.000
   900:        6.000        6.000        6.000        6.000        6.000
   905:        6.000        6.000        6.000        6.000        6.000
   910:        6.000        6.000        6.000        6.000        6.000
   915:        6.000        6.000        6.000        6.000        6.000
   920:        6.000        6.000        6.000        6.000        6.000
   925:        6.000        6.000        6.000        6.000        6.000
   930:        6.000        6.000        6.000        6.000        6.000
   935:        6.000        6.000        6.000        6.000        6.000
   940:        6.000        6.000        6.000        6.000        6.000
   945:        6.000        6.000        6.000        6.000        6.000
   950:        6.000        6.000        6.000        6.000        6.000
   955:        6.000        6.000        6.000        6.000        6.000
   960:        6.000        6.000        6.000        6.000        6.000
   965:        6.000        6.000        6.000        6.000        6.000
   970:        6.000        6.000        6.000        6.000        6.000
   975:        6.000        6.000        6.000        6.000        6.000
   980:        6.000        6.000        6.000        6.000        6.000
   985:        6.000        6.000        6.000        6.000        6.000
   990:        6.000        6.000        6.000        6.000        6.000
   995:        6.000        6.000        6.000        6.000        6.000
  1000:        6.000        6.000        6.000        6.000        6.000
  1005:        6.000        6.000        6.000        6.000        6.000
  1010:        6.000        6.000        6.000        6.000        6.000
  1015:        6.000        6.000        6.000        6.000        6.000
  1020:        6.000        6.000        6.000        6.000        6.000
  1025:        6.000        6.000        6.000        6.000        6.000
  1030:        6.000        6.000        6.000        6.000        6.000
  1035:        6.000        6.000        6.000        6.000        6.000
  1040:        6.000        6.000        6.000        6.000        6.000
  1045:        6.000        6.000        6.000        6.000        6.000
  1050:        6.000        6.000        6.000        6.000        6.000
  1055:        6.000        6.000        6.000        6.000        6.000
  1060:        6.000        6.000        6.000        6.000        6.000
  1065:        6.000        6.000        6.000        6.000        6.000
  1070:        6.000        6.000        6.000        6.000        6.000
  1075:        6.000        6.000        6.000        6.000        6.000
  1080:        6.000        6.000        6.000        6.000        6.000
  1085:        6.000        6.000        6.000        6.000        6.000
  1090:        6.000        6.000        6.000        6.000        6.000
  1095:        6.000        6.000        6.000        6.000        6.000
  1100:        6.000        6.000        6.000        6.000        6.000
  1105:        6.000        6.000        6.000        6.000        6.000
  1110:        6.000        6.000        6.000        6.000        6.000
  1115:        6.000        6.000        6.000        6.000        6.000
  1120:        6.000        6.000        6.000        6.000        6.000
  1125:        6.000        6.000        6.000        6.000        6.000
  1130:        6.000        6.000        6.000        6.000        6.000
  1135:        6.000        6.000        6.000        6.000        6.000
  1140:        6.000        6.000        6.000        6.000        6.000
  1145:        6.000        6.000        6.000        6.000        6.000
  1150:        6.000        6.000        6.000        6.000        6.000
  1155:        6.000        6.000        6.000        6.000        6.000
  1160:        6.000        6.000        6.000        6.000        6.000
  1165:        6.000        6.000        6.000        6.000        6.000
  1170:        6.000        6.000        6.000        6.000        6.000
  1175:        6.000        6.000        6.000        6.000        6.000
  1180:        6.000        6.000        6.000        6.000        6.000
  1185:        6.000        6.000        6.000        6.000        6.000
  1190:        6.000        6.000        6.000        6.000        6.000
  1195:        6.000        6.000        6.000        6.000        6.000
  1200:        6.000        6.000        6.000        6.000        6.000
  1205:        6.000        6.000        6.000        6.000        6.000
  1210:        6.000        6.000        6.000        6.000        6.000
  1215:        6.000        6.000        6.000        6.000        6.000
  1220:        6.000        6.000        6.000        6.000        6.000
  1225:        6.000        6.000        6.000        6.000        6.000
  1230:        6.000        6.000        6.000        6.000        6.000
  1235:        6.000        6.000        6.000        6.000        6.000
  1240:        6.000        6.000        6.000        6.000        6.000
  1245:        6.000        6.000        6.000        6.000        6.000
  1250:        6.000        6.000        6.000        6.000        6.000
  1255:        6.000        6.000        6.000        6.000        6.000
  1260:        6.000        6.000        6.000        6.000        6.000
  1265:        6.000        6.000        6.000        6.000        6.000
  1270:        6.000        6.000        6.000        6.000        6.000
  1275:        6.000        6.000        6.000        6.000        6.000
  1280:        6.000        6.000        6.000        6.000        6.000
  1285:        6.000        6.000        6.000        6.000        6.000
  1290:        6.000        6.000        6.000        6.000        6.000
  1295:        6.000        6.000        6.000        6.000        2.000
  1300:        4.000       22.000       24.000       21.000       22.000
  1305:       19.000       11.000        2.000        4.000       22.000
  1310:       24.000        6.000       21.000       22.000       21.000
  1315:       22.000       21.000       22.000       19.000       11.000
  1320:        2.000        4.000       22.000       24.000       19.000
  1325:       11.000        2.000        4.000       22.000       24.000
  1330:        6.000        6.000        6.000       19.000       11.000
  1335:        6.000        6.000        6.000        6.000        6.000
  1340:        6.000        6.000        6.000        6.000        6.000
  1345:        6.000        6.000        6.000        6.000        6.000
  1350:        6.000        6.000        6.000        6.000        6.000
  1355:        6.000        6.000        6.000        6.000        6.000
  1360:        6.000        6.000        6.000        6.000        6.000
  1365:        6.000        6.000        6.000        6.000        6.000
  1370:        6.000        6.000        6.000        6.000        6.000
  1375:        6.000        6.000        6.000        6.000        6.000
  1380:        6.000        6.000        6.000        6.000        6.000
  1385:        6.000        6.000        6.000        6.000        6.000
  1390:        6.000        6.000        6.000        6.000        6.000
  1395:        6.000        6.000        6.000        6.000        6.000
  1400:        6.000        6.000        6.000        6.000        6.000
  1405:        6.000        6.000        6.000        6.000        6.000
  1410:        6.000        6.000        6.000        6.000        6.000
  1415:        6.000        6.000        6.000        6.000        6.000
  1420:        6.000        6.000        6.000        6.000        6.000
  1425:        6.000        6.000        6.000        6.000        6.000
  1430:        6.000        6.000        6.000        6.000        6.000
  1435:        6.000        6.000        6.000        6.000        6.000
  1440:        6.000        6.000        6.000        6.000        6.000
  1445:        6.000        6.000        6.000        6.000        6.000
  1450:        6.000        6.000        6.000        6.000        6.000
  1455:        6.000        6.000        6.000        6.000        6.000
  1460:        6.000        6.000        6.000        6.000        6.000
  1465:        6.000        6.000        6.000        6.000        6.000
  1470:        6.000        6.000        6.000        6.000        6.000
  1475:        6.000        6.000        6.000        6.000        6.000
  1480:        6.000        6.000        6.000        6.000        6.000
  1485:        6.000        6.000        6.000        6.000        6.000
  1490:        6.000        6.000        6.000        6.000        6.000
  1495:        6.000        6.000        6.000        6.000        6.000
  1500:        6.000        6.000        6.000        6.000        6.000
  1505:        6.000        6.000        6.000        6.000        6.000
  1510:        6.000        6.000        6.000        6.000        6.000
  1515:        6.000        6.000        6.000        6.000        6.000
  1520:        6.000        6.000        6.000        6.000        6.000
  1525:        6.000        6.000        6.000        6.000        6.000
  1530:        6.000        6.000        6.000        6.000        6.000
  1535:        6.000        6.000        6.000        6.000        6.000
  1540:        6.000        6.000        6.000        6.000        6.000
  1545:        6.000        6.000        6.000        6.000        6.000
  1550:        6.000        6.000        6.000        6.000        6.000
  1555:        6.000        6.000        6.000        6.000        6.000
  1560:        6.000        6.000        6.000        6.000        6.000
  1565:        6.000        6.000        6.000        6.000        6.000
  1570:        6.000        6.000        6.000        6.000        6.000
  1575:        6.000        6.000        6.000        6.000        6.000
  1580:        6.000        6.000        6.000        6.000        6.000
  1585:        6.000        6.000        6.000        6.000        6.000
  1590:        6.000        6.000        6.000        6.000        6.000
  1595:        6.000        6.000        6.000        6.000        6.000
  1600:        6.000        6.000        6.000        6.000        2.000
  1605:        4.000       22.000       24.000       21.000       22.000
  1610:       19.000       11.000        6.000        6.000        6.000
  1615:        6.000        6.000        6.000        6.000        6.000
  1620:        6.000        6.000        6.000        6.000        6.000
  1625:        6.000        6.000        6.000        6.000        6.000
  1630:        6.000        6.000        6.000        6.000        6.000
  1635:        6.000        6.000        6.000        6.000        6.000
  1640:        6.000        6.000        2.000        4.000       22.000
  1645:       24.000       19.000       11.000        6.000        6.000
  1650:        6.000        6.000        6.000        6.000        6.000
  1655:        6.000        6.000        6.000        6.000        6.000
  1660:        6.000        6.000        6.000        6.000        6.000
  1665:        6.000        6.000        6.000        6.000        6.000
  1670:        6.000        6.000        6.000        6.000        6.000
  1675:        6.000        6.000        6.000        6.000        6.000
  1680:        6.000        6.000        6.000        6.000        6.000
  1685:        6.000        6.000        6.000        6.000        6.000
  1690:        6.000        6.000        6.000        6.000        6.000
  1695:        6.000        6.000        6.000        6.000        6.000
  1700:        6.000        6.000        6.000        6.000        6.000
  1705:        6.000        6.000        6.000        6.000        6.000
  1710:        6.000        6.000        6.000        6.000        6.000
  1715:        6.000        6.000        6.000        6.000        6.000
  1720:        6.000        6.000        6.000        6.000        6.000
  1725:        6.000        6.000        6.000        6.000        6.000
  1730:        6.000        6.000        6.000        6.000        6.000
  1735:        6.000        6.000        6.000        6.000        6.000
  1740:        6.000        6.000        6.000        6.000        6.000
  1745:        6.000        6.000        6.000        6.000        6.000
  1750:        6.000        6.000        6.000        6.000        6.000
  1755:        6.000        6.000        6.000        6.000        6.000
  1760:        6.000        6.000        6.000        6.000        6.000
  1765:        6.000        6.000        6.000        6.000        6.000
  1770:        6.000        6.000        6.000        6.000        6.000
  1775:        6.000        6.000        6.000        6.000        6.000
  1780:        6.000        6.000        6.000        6.000        6.000
  1785:        6.000        6.000        6.000        6.000        6.000
  1790:        6.000        6.000        6.000        6.000        6.000
  1795:        6.000        6.000        6.000        6.000        6.000
  1800:        6.000        6.000        6.000        6.000        6.000
  1805:        6.000        6.000        6.000        6.000        6.000
  1810:        6.000        2.000        4.000       22.000       24.000
  1815:       21.000       22.000       21.000       22.000       19.000
  1820:       11.000        2.000        4.000       22.000       24.000
  1825:       19.000       11.000        6.000        6.000        6.000
  1830:        6.000        6.000        6.000        6.000        6.000
  1835:        6.000        6.000        6.000        6.000        6.000
  1840:        6.000        6.000        6.000        6.000        6.000
  1845:        6.000        6.000        6.000        6.000        6.000
  1850:        6.000        6.000        6.000        6.000        6.000
  1855:        6.000        6.000        6.000        6.000        6.000
  1860:        6.000        6.000        6.000        6.000        6.000
  1865:        6.000        6.000        6.000        6.000        6.000
  1870:        6.000        6.000        6.000        6.000        6.000
  1875:        6.000        6.000        6.000        6.000        6.000
  1880:        6.000        6.000        6.000        6.000        6.000
  1885:        6.000        6.000        6.000        6.000        6.000
  1890:        6.000        6.000        6.000        6.000        6.000
  1895:        6.000        6.000        6.000        6.000        6.000
  1900:        6.000        6.000        6.000        6.000        6.000
  1905:        6.000        6.000        6.000        6.000        6.000
  1910:        6.000        6.000        6.000        6.000        6.000
  1915:        6.000        6.000        6.000        6.000        6.000
  1920:        6.000        6.000        6.000        6.000        6.000
  1925:        6.000        6.000        6.000        6.000        6.000
  1930:        6.000        6.000        6.000       23.000        6.000
  1935:        6.000       23.000       23.000        6.000        2.000
  1940:        4.000       22.000       24.000       19.000       11.000
  1945:        6.000        2.000        4.000       22.000       24.000
  1950:        6.000        6.000        6.000        6.000        6.000
  1955:        6.000        6.000        6.000        6.000        6.000
  1960:        6.000       19.000       11.000        6.000        6.000
  1965:        6.000        6.000        6.000        6.000        6.000
  1970:       23.000       23.000       23.000       23.000       23.000
  1975:       23.000       23.000       23.000       23.000       23.000
  1980:       23.000       23.000       23.000       23.000       23.000
  1985:       23.000       23.000       23.000        6.000        6.000
  1990:        6.000        6.000        6.000        6.000        6.000
  1995:        6.000        6.000        6.000        6.000        6.000
  2000:        6.000        6.000        6.000        6.000        6.000
  2005:        6.000        6.000        6.000        6.000        6.000
  2010:        6.000        6.000        6.000        6.000        6.000
  2015:        6.000        6.000        6.000        6.000        6.000
  2020:        6.000        6.000        6.000        6.000        6.000
  2025:        6.000        6.000        6.000        6.000        6.000
  2030:        6.000        6.000       23.000       23.000       23.000
  2035:       23.000        6.000        6.000        6.000        6.000
  2040:        6.000        6.000        6.000        6.000        6.000
  2045:        6.000        6.000        6.000        6.000        6.000
  2050:        6.000        6.000        6.000        6.000        6.000
  2055:        6.000        6.000        6.000        6.000        6.000
  2060:        6.000        6.000        6.000        6.000        6.000
  2065:        6.000        6.000        6.000        6.000        6.000
  2070:        6.000        6.000        6.000        6.000        6.000
  2075:        6.000        6.000        6.000        6.000        6.000
  2080:        6.000        6.000        6.000        6.000        6.000
  2085:        6.000        6.000        6.000        6.000        6.000
  2090:        6.000        6.000        6.000        6.000        2.000
  2095:        4.000       22.000       24.000       19.000       11.000
  2100:        6.000        6.000        6.000        6.000        6.000
  2105:        6.000        6.000        6.000        6.000        6.000
  2110:        6.000        6.000        6.000        6.000        6.000
  2115:        6.000        2.000        4.000       22.000       24.000
  2120:       19.000       11.000        6.000        6.000        6.000
  2125:        6.000        6.000        6.000        6.000        6.000
  2130:        6.000        6.000        6.000        6.000        6.000
  2135:        6.000        6.000        6.000        6.000        6.000
  2140:        6.000        6.000        6.000        6.000        6.000
  2145:        6.000        6.000        6.000        6.000        6.000
  2150:        6.000        6.000        6.000        6.000        6.000
  2155:        6.000        6.000        6.000        6.000        6.000
  2160:        6.000        6.000        6.000        6.000        6.000
  2165:        6.000        6.000        6.000        6.000        6.000
  2170:        6.000        6.000        6.000        6.000        6.000
  2175:        6.000        6.000        6.000        6.000        6.000
  2180:        6.000        6.000        6.000        6.000        6.000
  2185:        6.000        6.000        6.000        6.000        6.000
  2190:        6.000        6.000        6.000        6.000        6.000
  2195:        6.000        6.000        6.000        6.000        6.000
  2200:        6.000        6.000        6.000        6.000        6.000
  2205:        6.000        6.000        6.000        6.000        6.000
  2210:        6.000        6.000        6.000        6.000        6.000
  2215:        6.000        6.000        6.000        6.000        6.000
  2220:        6.000        6.000        6.000        6.000        6.000
  2225:        6.000        6.000        6.000        6.000        6.000
  2230:        6.000        6.000        6.000        6.000        6.000
  2235:        6.000        6.000        6.000        6.000        6.000
  2240:        2.000        4.000       22.000       24.000       21.000
  2245:       22.000       19.000       11.000        6.000        6.000
  2250:        6.000        6.000        6.000        6.000        6.000
  2255:        6.000        6.000        6.000        6.000        6.000
  2260:        6.000        6.000        6.000        6.000        6.000
  2265:        6.000        6.000        6.000        6.000        6.000
  2270:        6.000        6.000        6.000        6.000        6.000
  2275:        6.000        6.000        6.000        6.000        6.000
  2280:        6.000        6.000        6.000        6.000        6.000
  2285:        6.000        6.000        6.000        6.000        6.000
  2290:        6.000        6.000        6.000        6.000        6.000
  2295:        6.000        6.000        6.000        6.000        6.000
  2300:        6.000        6.000        6.000        6.000        6.000
  2305:        6.000        6.000        6.000        6.000        6.000
  2310:        6.000        6.000        6.000        6.000        6.000
  2315:        6.000        6.000        6.000        6.000        6.000
  2320:        6.000        6.000        6.000        6.000        6.000
  2325:        6.000        6.000        6.000        6.000        6.000
  2330:        6.000        6.000        6.000        6.000        6.000
  2335:        6.000        6.000        6.000        6.000        6.000
  2340:        6.000        6.000        6.000        6.000        6.000
  2345:        6.000        6.000        6.000        6.000        6.000
  2350:        6.000        6.000        6.000        6.000        6.000
  2355:        6.000        6.000        6.000       23.000        6.000
  2360:        6.000        6.000        6.000        6.000        6.000
  2365:        6.000        6.000        6.000        6.000        6.000
  2370:        6.000        6.000        6.000        6.000        6.000
  2375:        6.000        6.000        6.000        6.000        6.000
  2380:        6.000        6.000        6.000        6.000        6.000
  2385:        6.000        6.000        6.000        6.000        6.000
  2390:        6.000        6.000        6.000        6.000        6.000
  2395:        6.000        6.000        6.000        6.000        6.000
  2400:        6.000        6.000        6.000        6.000        6.000
  2405:        6.000        6.000        6.000        6.000        6.000
  2410:        6.000        6.000        6.000        6.000        2.000
  2415:        4.000       22.000       24.000       19.000       11.000
  2420:        6.000        6.000        6.000        6.000        6.000
  2425:        6.000        6.000        6.000        6.000        6.000
  2430:      100.000
T:
     0:        0.000        0.000        0.000        0.000       29.830
     5:       30.550      102.910      102.990      160.360      160.820
    10:      161.100      262.520      264.770      265.710      267.920
    15:      371.830      371.960      372.580      373.760      375.210
    20:      376.910      377.090      377.430      390.390      390.700
    25:      390.940      391.500      392.300      392.340      392.400
    30:      393.070      393.930      394.490      395.150      396.590
    35:      483.010      484.890      490.550      502.420      508.210
    40:      509.560      512.000      512.550      567.990      568.350
    45:      568.640      568.960      569.360      569.620      664.340
    50:      664.370      664.500      665.830      665.920      666.420
    55:      669.710      670.740      672.150      672.720      703.000
    60:      703.900      705.510      735.000      799.460      854.580
    65:      855.270     1051.410     1051.880     1056.830     1059.030
    70:     1060.900     1062.420     1064.490     1064.650     1064.690
    75:     1065.160     1065.840     1084.880     1084.910     1091.890
    80:     1092.980     1093.000     1093.110     1101.680     1101.860
    85:     1102.260     1102.760     1106.010     1107.090     1111.190
    90:     1112.100     1113.060     1113.090     1122.000     1122.460
    95:     1123.120     1123.220     1123.340     1123.490     1123.900
   100:     1125.790     1126.170     1126.660     1130.300     1130.600
   105:     1130.800     1130.880     1131.050     1199.170     1199.220
   110:     1199.360     1199.600     1200.540     1202.110     1202.160
   115:     1202.180     1202.690     1294.040     1348.770     1351.010
   120:     1354.390     1355.560     1356.680     1361.070     1361.670
   125:     1361.710     1361.930     1363.620     1368.250     1369.820
   130:     1371.480     1371.660     1372.310     1372.910     1374.100
   135:     1376.470     1376.680     1380.830     1381.250     1383.780
   140:     1383.960     1384.220     1385.030     1385.480     1391.800
   145:     1396.020     1396.180     1397.270     1397.450     1397.530
   150:     1397.980     1398.210     1398.270     1399.900     1400.120
   155:     1401.250     1407.800     1409.940     1410.070     1410.140
   160:     1411.270     1411.410     1411.440     1412.380     1413.110
   165:     1436.390     1436.880     1436.950     1439.810     1439.820
   170:     1441.390     1441.430     1441.470     1441.800     1442.040
   175:     1443.240     1443.910     1446.180     1446.670     1446.890
   180:     1446.950     1448.050     1448.120     1448.180     1451.080
   185:     1451.360     1451.590     1452.670     1455.560     1455.810
   190:     1456.050     1539.710     1542.590     1543.070     1544.260
   195:     1544.410     1544.970     1547.440     1548.490     1548.650
   200:     1548.670     1548.700     1548.760     1548.930     1549.320
   205:     1558.730     1558.900     1581.640     1588.020     1588.330
   210:     1588.970     1597.190     1598.550     1598.960     1602.390
   215:     1602.480     1602.540     1602.690     1615.330     1616.000
   220:     1617.170     1644.130     1645.260     1650.290     1658.420
   225:     1659.590     1660.370     1663.360     1664.260     1665.780
   230:     1671.490     1671.610     1672.880     1677.900     1678.520
   235:     1679.020     1679.070     1681.710     1683.390     1686.710
   240:     1690.170     1691.440     1698.340     1698.840     1700.610
   245:     1712.070     1713.570     1713.650     1715.570     1717.600
   250:     1717.750     1717.830     1717.900     1720.020     1723.720
   255:     1724.020     1731.030     1731.960     1736.470     1736.770
   260:     1738.870     1740.690     1741.810     1745.440     1745.610
   265:     1917.410     1919.150     1919.570     1923.090     1923.250
   270:     1923.260     1923.860     1925.160     1925.180     2017.790
   275:     2018.510     2043.440     2045.600     2046.600     2047.660
   280:     2047.730     2047.810     2050.840     2051.040     2051.080
   285:     2051.260     2051.310     2053.290     2054.600     2056.750
   290:     2057.150     2057.320     2057.340     2057.630     2058.560
   295:     2059.920     2063.360     2063.460     2064.500     2065.190
   300:     2066.910     2068.520     2068.860     2070.490     2070.710
   305:     2071.740     2071.840     2071.860     2073.320     2073.440
   310:     2073.510     2073.990     2074.400     2075.470     2075.540
   315:     2079.650     2082.630     2082.730     2084.370     2088.470
   320:     2090.410     2095.470     2097.110     2097.190     2097.360
   325:     2098.090     2099.070     2099.390     2099.570     2100.030
   330:     2100.500     2126.700     2129.240     2129.420     2134.350
   335:     2137.010     2137.660     2137.690     2138.190     2138.220
   340:     2140.080     2141.480     2144.470     2144.580     2144.940
   345:     2145.470     2146.220     2151.410     2153.440     2153.630
   350:     2154.950     2157.910     2157.950     2160.660     2160.870
   355:     2163.160     2163.860     2165.400     2166.870     2170.120
   360:     2171.190     2239.870     2241.350     2241.700     2583.730
   365:     2584.520     2584.630     2589.260     2589.300     2592.830
   370:     2592.910     2593.020     2593.040     2593.160     2601.810
   375:     2726.540     2734.720     2735.110     2735.120     2735.150
   380:     2836.930     2837.010     2884.790     2979.820     3015.550
   385:     3016.540     3107.250     3107.270     3113.310     3113.310
   390:     3113.310     3113.320     3123.310     3123.320     3213.180
   395:     3213.370     3215.330     3215.360     3217.490     3218.850
   400:     3220.560     3221.970     3222.100     3223.800     3224.210
   405:     3225.930     3226.770     3227.330     3228.920     3229.250
   410:     3230.310     3230.870     3230.990     3231.030     3232.370
   415:     3235.360     3235.860     3238.660     3240.750     3244.640
   420:     3245.020     3245.660     3246.610     3247.330     3248.290
   425:     3248.400     3249.450     3250.360     3250.390     3250.740
   430:     3250.900     3255.620     3258.060     3258.620     3259.080
   435:     3262.110     3262.590     3263.110     3264.220     3264.330
   440:     3264.920     3268.450     3270.770     3270.790     3275.970
   445:     3278.040     3278.990     3279.270     3279.500     3279.530
   450:     3280.270     3282.880     3283.360     3283.380     3286.690
   455:     3287.440     3288.220     3289.130     3289.490     3289.900
   460:     3289.960     3290.060     3290.370     3290.510     3290.670
   465:     3290.760     3290.810     3292.750     3293.150     3297.040
   470:     3297.540     3298.420     3299.460     3299.720     3299.820
   475:     3299.910     3323.670     3324.450     3325.040     3326.050
   480:     3326.660     3328.890     3328.950     3330.330     3330.490
   485:     3330.670     3332.680     3333.900     3334.110     3334.340
   490:     3334.710     3334.840     3335.190     3335.260     3335.510
   495:     3336.990     3337.490     3337.890     3338.910     3339.240
   500:     3339.640     3340.000     3343.570     3343.630     3343.920
   505:     3343.960     3344.780     3345.120     3345.150     3347.180
   510:     3347.200     3348.330     3349.990     3350.070     3351.720
   515:     3360.600     3362.430     3362.720     3362.730     3362.860
   520:     3363.270     3366.140     3366.360     3366.520     3368.730
   525:     3369.300     3372.190     3372.230     3373.830     3374.130
   530:     3374.360     3374.520     3375.140     3376.180     3377.570
   535:     3377.590     3377.610     3377.670     3380.290     3380.570
   540:     3382.360     3382.840     3382.940     3383.040     3383.080
   545:     3384.500     3384.860     3385.830     3386.160     3386.910
   550:     3387.000     3388.920     3391.350     3395.260     3397.590
   555:     3398.490     3398.570     3398.630     3399.250     3400.310
   560:     3401.620     3404.230     3405.020     3408.180     3408.220
   565:     3409.180     3411.030     3411.100     3411.120     3413.430
   570:     3414.680     3414.740     3415.130     3415.890     3416.320
   575:     3418.420     3421.620     3421.690     3422.020     3554.610
   580:     3555.710     3555.990     3556.690     3558.060     3558.790
   585:     3595.610     3674.140     3674.560     3676.300     3677.330
   590:     3677.350     3677.610     3679.790     3679.860     3680.250
   595:     3680.340     3681.110     3682.250     3682.640     3685.850
   600:     3685.870     3686.100     3687.040     3689.390     3689.490
   605:     3689.550     3689.710     3689.740     3689.970     3690.150
   610:     3690.530     3690.620     3692.980     3693.690     3693.980
   615:     3695.140     3695.210     3697.540     3698.860     3700.350
   620:     3702.110     3702.330     3702.400     3703.080     3703.360
   625:     3704.350     3704.720     3705.840     3706.270     3709.420
   630:     3709.490     3710.210     3710.610     3711.950     3712.600
   635:     3712.980     3713.000     3713.830     3714.120     3714.330
   640:     3714.680     3715.770     3742.040     3742.140     3742.470
   645:     3744.650     3893.890     3910.160     3910.160     3910.160
   650:     3910.170     3920.160     3920.170     3920.810     3920.810
   655:     3920.810     3920.820     3930.810     3930.820     3994.470
   660:     3995.240     3995.290     3997.250     3998.020     3999.120
   665:     3999.740     4000.310     4000.560     4000.940     4001.640
   670:     4002.200     4002.540     4003.600     4005.620     4006.570
   675:     4006.740     4007.040     4007.280     4008.020     4009.080
   680:     4009.120     4009.250     4009.450     4009.470     4009.570
   685:     4009.730     4025.930     4026.320     4026.700     4026.840
   690:     4027.140     4029.860     4033.880     4033.980     4034.370
   695:     4036.260     4036.970     4038.760     4040.360     4042.760
   700:     4043.070     4044.530     4044.540     4044.560     4044.610
   705:     4044.740     4045.400     4046.130     4048.650     4048.700
   710:     4048.730     4049.200     4049.680     4049.860     4050.270
   715:     4050.760     4050.870     4052.410     4053.980     4055.770
   720:     4055.800     4057.830     4057.860     4058.630     4059.560
   725:     4061.330     4061.410     4075.460     4075.470     4075.960
   730:     4076.090     4076.150     4078.690     4079.230     4080.510
   735:     4080.660     4080.680     4080.800     4080.920     4081.080
   740:     4081.140     4082.420     4086.490     4086.840     4087.030
   745:     4089.720     4090.140     4090.260     4090.630     4090.870
   750:     4091.120     4093.820     4095.220     4095.540     4095.750
   755:     4095.800     4101.180     4101.280     4101.330     4102.250
   760:     4103.670     4105.720     4106.170     4106.270     4107.720
   765:     4107.910     4107.970     4108.140     4108.990     4110.060
   770:     4112.560     4114.140     4114.240     4114.420     4114.770
   775:     4115.880     4117.120     4117.970     4121.220     4122.100
   780:     4122.310     4122.610     4122.850     4124.520     4133.790
   785:     4134.040     4134.500     4140.010     4141.830     4142.070
   790:     4144.220     4171.690     4171.690     4171.690     4171.700
   795:     4175.090     4175.090     4177.150     4177.150     4181.690
   800:     4181.700     4189.670     4189.820     4190.690     4190.730
   805:     4190.860     4194.780     4194.820     4201.750     4201.790
   810:     4202.890     4203.010     4204.060     4204.170     4204.660
   815:     4205.640     4205.670     4206.340     4206.470     4207.730
   820:     4210.220     4211.590     4212.430     4212.580     4212.740
   825:     4214.000     4214.060     4214.700     4215.680     4218.990
   830:     4219.420     4219.450     4219.480     4220.430     4223.700
   835:     4226.090     4227.040     4227.260     4230.910     4231.550
   840:     4234.100     4234.170     4234.190     4239.950     4240.320
   845:     4240.480     4240.760     4240.830     4240.880     4241.060
   850:     4241.460     4242.560     4243.680     4244.110     4244.990
   855:     4245.140     4245.310     4245.330     4246.200     4252.120
   860:     4252.180     4252.250     4252.300     4253.950     4254.690
   865:     4254.720     4254.760     4255.320     4255.450     4255.490
   870:     4258.180     4258.230     4260.760     4261.490     4262.000
   875:     4263.020     4263.090     4263.420     4263.480     4263.750
   880:     4264.100     4264.260     4264.420     4265.240     4265.570
   885:     4270.830     4271.260     4271.470     4274.020     4274.470
   890:     4276.280     4276.990     4280.220     4280.800     4280.920
   895:     4281.010     4284.360     4285.970     4286.170     4287.560
   900:     4287.740     4288.090     4288.220     4288.430     4307.450
   905:     4307.810     4307.970     4308.080     4309.910     4310.450
   910:     4313.350     4313.940     4314.640     4319.460     4321.820
   915:     4322.660     4323.350     4324.280     4326.810     4326.840
   920:     4326.900     4327.230     4327.450     4327.780     4328.580
   925:     4330.760     4331.410     4331.460     4334.250     4335.680
   930:     4337.490     4349.400     4350.700     4352.640     4353.220
   935:     4354.050     4358.670     4359.100     4359.460     4359.550
   940:     4361.390     4361.900     4362.160     4369.790     4370.990
   945:     4372.820     4372.970     4373.200     4374.850     4378.440
   950:     4378.880     4378.890     4379.190     4380.420     4382.940
   955:     4383.170     4385.980     4386.160     4386.200     4386.420
   960:     4386.440     4389.140     4389.550     4389.700     4389.760
   965:     4390.160     4390.230     4391.930     4392.840     4393.200
   970:     4393.870     4393.960     4393.980     4394.080     4394.400
   975:     4395.810     4412.230     4412.470     4413.760     4417.080
   980:     4417.440     4419.030     4422.240     4422.330     4426.500
   985:     4426.870     4427.700     4429.410     4432.340     4433.310
   990:     4434.320     4598.690     4600.830     4600.910     4601.070
   995:     4601.490     4601.980     4607.340     4609.810     4609.940
  1000:     4612.720     4614.390     4614.430     4614.490     4615.230
  1005:     4615.610     4615.660     4618.110     4620.510     4621.160
  1010:     4621.960     4622.070     4622.840     4622.980     4626.320
  1015:     4626.560     4640.060     4640.100     4642.160     4644.470
  1020:     4645.550     4645.620     4646.530     4646.990     4647.270
  1025:     4649.260     4649.860     4650.230     4650.260     4653.950
  1030:     4657.050     4657.260     4657.410     4657.620     4660.950
  1035:     4662.250     4663.920     4667.300     4667.440     4667.590
  1040:     4669.800     4669.920     4670.010     4670.420     4670.460
  1045:     4670.780     4671.140     4671.290     4671.360     4672.900
  1050:     4675.670     4676.410     4689.830     4690.130     4690.170
  1055:     4692.140     4692.800     4693.100     4693.140     4694.000
  1060:     4694.410     4694.500     4695.450     4696.630     4696.850
  1065:     4696.940     4696.970     4698.020     4698.220     4698.670
  1070:     4698.690     4698.810     4701.370     4701.410     4701.540
  1075:     4706.380     4710.370     4711.120     4713.240     4718.540
  1080:     4718.890     4719.480     4719.590     4720.470     4720.780
  1085:     4720.900     4721.240     4721.390     4722.750     4724.830
  1090:     4724.840     4724.910     4725.860     4744.280     4746.020
  1095:     4749.830     4750.890     4752.000     4752.170     4752.260
  1100:     4752.380     4752.390     4753.460     4754.160     4755.830
  1105:     4756.430     4760.350     4760.390     4760.480     4760.680
  1110:     4760.740     4760.840     4763.800     4764.240     4765.490
  1115:     4766.290     4771.550     4772.030     4772.360     4772.680
  1120:     4773.260     4773.640     4774.880     4775.270     4780.330
  1125:     4780.570     4780.620     4780.660     4780.790     4780.810
  1130:     4781.020     4783.550     4784.300     4787.530     4787.570
  1135:     4787.610     4788.530     4788.710     4791.660     4791.720
  1140:     4791.740     4792.430     4793.740     4794.410     4794.670
  1145:     4796.880     4797.310     4844.230     4844.350     4848.080
  1150:     4848.240     4848.280     4849.370     4851.980     4852.110
  1155:     4853.040     4853.570     4855.780     4856.810     4857.310
  1160:     4857.890     4860.790     4861.370     4861.640     4861.930
  1165:     4861.970     4867.170     4867.420     4867.510     4868.450
  1170:     4869.740     4870.840     4871.820     4871.960     4872.280
  1175:     4874.180     4874.290     4874.580     4874.870     4876.380
  1180:     4876.430     4876.910     4876.930     4879.180     4879.870
  1185:     4880.020     4880.160     4882.880     4883.440     4883.450
  1190:     4883.550     4883.620     4884.170     4884.350     4884.460
  1195:     4884.540     4885.040     4885.910     4886.380     4886.480
  1200:     4888.540     4888.640     4889.400     4889.500     4889.710
  1205:     4890.510     4895.800     4898.240     4902.680     4905.350
  1210:     4905.500     4905.510     4905.610     4905.640     4905.940
  1215:     4905.980     4906.120     4907.070     4911.440     4912.030
  1220:     4913.910     4914.050     4914.250     4915.640     4916.880
  1225:     4918.040     4918.060     4918.140     4919.010     4919.290
  1230:     4920.690     4921.370     4921.390     4921.510     4921.650
  1235:     4922.330     4923.080     4923.350     4923.640     4924.010
  1240:     4924.040     4924.510     4924.840     4925.050     4929.290
  1245:     4929.460     4929.570     4929.960     4931.480     4932.900
  1250:     4933.490     4933.930     4934.110     4937.700     4938.030
  1255:     4939.860     4948.910     4948.930     4952.830     4952.880
  1260:     4954.330     4955.070     4955.720     4955.920     4958.030
  1265:     4959.080     4961.460     4962.510     4987.530     4989.120
  1270:     4989.190     4989.410     5014.810     5021.150     5021.330
  1275:     5021.380     5021.570     5024.150     5026.040     5027.290
  1280:     5028.170     5030.950     5030.990     5031.010     5031.060
  1285:     5031.400     5031.900     5033.530     5034.250     5035.410
  1290:     5037.000     5038.370     5039.470     5040.160     5040.400
  1295:     5040.460     5040.490     5042.810     5074.700     5077.860
  1300:     5077.860     5077.860     5077.870     5079.180     5079.180
  1305:     5087.860     5087.870     5114.230     5114.230     5114.230
  1310:     5114.240     5116.200     5119.070     5119.070     5121.420
  1315:     5121.420     5122.690     5122.690     5124.230     5124.240
  1320:     5126.410     5126.410     5126.410     5126.420     5136.410
  1325:     5136.420     5153.170     5153.170     5153.170     5153.180
  1330:     5160.890     5161.640     5161.710     5163.170     5163.180
  1335:     5164.930     5170.580     5172.770     5172.810     5172.950
  1340:     5173.200     5174.390     5174.430     5174.620     5174.640
  1345:     5175.160     5176.420     5176.990     5178.130     5179.400
  1350:     5179.480     5179.650     5179.800     5180.070     5180.100
  1355:     5180.340     5180.470     5182.460     5183.220     5183.260
  1360:     5185.690     5186.540     5188.090     5190.920     5191.190
  1365:     5201.120     5201.140     5202.410     5202.980     5205.600
  1370:     5205.780     5206.120     5209.000     5214.020     5215.630
  1375:     5217.780     5218.080     5218.170     5220.370     5220.870
  1380:     5221.130     5221.300     5221.320     5221.840     5222.400
  1385:     5222.460     5222.720     5223.350     5224.060     5224.540
  1390:     5225.020     5229.830     5230.370     5231.130     5231.250
  1395:     5231.410     5236.270     5240.070     5241.680     5243.590
  1400:     5246.640     5246.670     5246.720     5255.480     5255.760
  1405:     5256.070     5258.610     5259.310     5259.610     5261.670
  1410:     5261.760     5276.600     5277.880     5287.260     5287.380
  1415:     5288.360     5469.570     5475.030     5475.340     5477.020
  1420:     5477.120     5479.430     5479.820     5480.670     5481.470
  1425:     5481.580     5484.600     5487.230     5487.540     5487.860
  1430:     5489.420     5492.800     5492.970     5493.020     5494.970
  1435:     5497.450     5497.660     5498.180     5498.210     5498.290
  1440:     5498.480     5498.920     5499.010     5500.650     5501.380
  1445:     5501.700     5504.410     5504.660     5504.710     5504.760
  1450:     5517.840     5518.880     5519.260     5520.590     5520.850
  1455:     5522.860     5522.900     5523.510     5524.830     5525.330
  1460:     5527.100     5527.120     5530.330     5533.020     5533.310
  1465:     5533.740     5534.010     5537.440     5537.450     5540.260
  1470:     5541.670     5543.180     5547.960     5548.530     5548.690
  1475:     5549.590     5550.610     5561.080     5561.580     5562.260
  1480:     5562.280     5562.410     5562.430     5563.070     5563.500
  1485:     5563.560     5563.590     5566.560     5566.610     5566.690
  1490:     5567.050     5568.240     5568.610     5568.900     5569.030
  1495:     5580.980     5581.000     5581.050     5583.620     5583.680
  1500:     5585.350     5589.520     5589.570     5589.620     5589.780
  1505:     5591.460     5591.470     5592.650     5625.640     5625.970
  1510:     5627.340     5627.500     5627.580     5627.760     5627.910
  1515:     5629.450     5666.630     5667.120     5667.150     5669.150
  1520:     5669.410     5669.490     5671.140     5673.990     5677.080
  1525:     5677.390     5680.070     5680.560     5681.840     5689.400
  1530:     5689.990     5691.300     5691.410     5692.310     5692.380
  1535:     5692.450     5692.540     5692.610     5694.250     5694.860
  1540:     5696.150     5696.310     5697.800     5699.470     5699.530
  1545:     5702.950     5707.570     5707.780     5707.810     5707.830
  1550:     5707.950     5711.670     5712.410     5713.090     5715.440
  1555:     5717.940     5718.830     5719.480     5720.440     5722.800
  1560:     5728.350     5733.300     5733.480     5737.290     5738.450
  1565:     5739.100     5740.240     5740.790     5740.870     5741.220
  1570:     5741.810     5743.570     5762.380     5762.910     5763.060
  1575:     5776.000     5776.710     5776.720     5776.820     5780.300
  1580:     5780.580     5780.630     5780.650     5780.830     5780.950
  1585:     5782.770     5786.410     5790.320     5791.370     5791.540
  1590:     5793.440     5793.480     5800.800     5801.060     5801.100
  1595:     5801.310     5801.320     5802.270     5819.530     5820.550
  1600:     5821.090     5821.220     5923.960     5924.830     5927.820
  1605:     5927.820     5927.820     5927.830     5928.910     5928.910
  1610:     5937.820     5937.830     5954.050     5954.060     5955.480
  1615:     5955.590     5960.110     5963.130     5963.170     5963.810
  1620:     5964.950     5965.390     5965.560     5966.360     5966.500
  1625:     5968.070     5968.110     5969.010     5970.960     5971.840
  1630:     5972.790     5972.810     5976.030     5976.060     5976.480
  1635:     5976.640     5977.160     5977.260     5977.540     5978.160
  1640:     5982.460     6055.760     6059.830     6059.830     6059.830
  1645:     6059.840     6069.830     6069.840     6128.680     6129.160
  1650:     6129.210     6129.560     6131.480     6131.710     6140.910
  1655:     6141.430     6147.330     6152.050     6152.060     6155.370
  1660:     6221.140     6242.940     6243.380     6245.110     6246.210
  1665:     6246.700     6246.910     6246.980     6247.840     6248.010
  1670:     6249.210     6249.880     6249.900     6250.010     6251.130
  1675:     6253.200     6255.100     6256.960     6260.370     6260.500
  1680:     6260.710     6260.720     6261.980     6265.290     6265.760
  1685:     6267.700     6269.060     6270.430     6270.790     6270.970
  1690:     6271.520     6273.520     6275.280     6275.350     6275.470
  1695:     6275.480     6276.830     6277.690     6289.240     6289.430
  1700:     6289.610     6289.650     6290.610     6290.780     6291.320
  1705:     6293.460     6293.770     6294.590     6296.360     6297.990
  1710:     6298.220     6299.570     6300.900     6302.510     6302.780
  1715:     6305.030     6305.240     6306.250     6306.320     6320.110
  1720:     6320.130     6320.520     6322.260     6322.480     6323.230
  1725:     6325.130     6325.960     6326.450     6326.540     6328.150
  1730:     6330.650     6331.970     6332.330     6333.480     6335.140
  1735:     6336.010     6337.880     6339.330     6339.490     6339.500
  1740:     6340.750     6342.630     6343.610     6343.820     6343.890
  1745:     6347.050     6347.080     6347.100     6347.210     6348.140
  1750:     6367.580     6369.120     6372.180     6374.050     6374.420
  1755:     6376.950     6377.010     6379.930     6380.020     6380.080
  1760:     6380.670     6380.920     6381.550     6383.920     6385.850
  1765:     6386.410     6390.960     6391.410     6391.760     6392.470
  1770:     6394.390     6394.530     6394.560     6394.590     6396.800
  1775:     6399.360     6401.000     6401.290     6401.390     6401.440
  1780:     6403.510     6405.290     6405.830     6407.250     6411.200
  1785:     6411.250     6411.430     6412.810     6416.780     6417.220
  1790:     6417.550     6420.120     6420.480     6420.510     6420.950
  1795:     6421.010     6421.330     6422.290     6422.430     6422.530
  1800:     6423.760     6423.800     6424.140     6429.330     6434.810
  1805:     6439.150     6440.790     6440.820     6441.890     6443.830
  1810:     6444.140     6449.570     6449.570     6449.570     6449.580
  1815:     6450.840     6450.840     6452.330     6452.330     6459.570
  1820:     6459.580     6483.250     6483.250     6483.250     6483.260
  1825:     6493.250     6493.260     6671.610     6671.780     6672.520
  1830:     6682.130     6682.740     6685.960     6686.350     6687.880
  1835:     6690.140     6692.590     6692.650     6692.700     6692.880
  1840:     6693.580     6693.780     6693.810     6695.030     6699.530
  1845:     6699.590     6699.670     6700.460     6700.720     6700.890
  1850:     6701.070     6702.990     6703.740     6704.800     6705.200
  1855:     6708.830     6710.260     6714.430     6775.880     6777.980
  1860:     6781.100     6781.400     6782.390     6783.250     6786.410
  1865:     6787.540     6787.670     6789.330     6796.600     6796.980
  1870:     6797.390     6800.430     6803.900     6858.190     6858.220
  1875:     6860.780     6860.790     6860.900     6860.930     6860.990
  1880:     6861.190     6861.460     6861.490     6862.140     6862.210
  1885:     6863.260     6864.450     6864.510     6865.640     6866.790
  1890:     6867.620     6867.890     6867.930     6869.570     6870.140
  1895:     6875.700     6894.300     6894.480     6896.610     6897.340
  1900:     6930.970     6934.620     6934.750     6935.840     6938.920
  1905:     6940.160     6945.190     6947.960     6951.330     6957.380
  1910:     6957.450     6957.490     6959.440     6959.680     6969.860
  1915:     6970.240     6970.570     6973.640     6975.600     6977.360
  1920:     6980.130     6986.330     6992.120     6996.090     6997.520
  1925:     6997.780     7000.350     7014.090     7015.760     7164.410
  1930:     7177.950     7181.160     7207.940     7246.350     7255.960
  1935:     7261.750     7375.370     7379.310     7384.100     7389.480
  1940:     7389.480     7389.480     7389.490     7399.480     7399.490
  1945:     7416.970     7421.410     7421.410     7421.410     7421.420
  1950:     7423.350     7423.860     7423.880     7424.080     7425.860
  1955:     7426.310     7426.850     7428.320     7428.470     7428.510
  1960:     7428.680     7431.410     7431.420     7433.830     7434.110
  1965:     7436.150     7438.810     7439.950     7440.270     7440.340
  1970:     7470.860     7471.540     7473.580     7477.190     7485.920
  1975:     7488.760     7489.230     7489.310     7492.310     7494.380
  1980:     7495.180     7496.040     7496.120     7497.420     7497.640
  1985:     7498.460     7501.950     7504.860     7509.300     7509.450
  1990:     7509.680     7509.730     7509.850     7520.970     7522.150
  1995:     7522.160     7522.790     7522.980     7523.660     7525.940
  2000:     7526.430     7526.480     7526.620     7526.680     7526.810
  2005:     7526.940     7527.870     7527.930     7527.970     7528.470
  2010:     7531.820     7532.540     7533.470     7533.940     7535.220
  2015:     7538.200     7540.260     7540.400     7541.470     7541.510
  2020:     7542.310     7543.140     7545.130     7546.710     7547.760
  2025:     7549.040     7552.720     7552.740     7553.260     7553.860
  2030:     7554.210     7555.450     7576.610     7578.660     7582.550
  2035:     7583.220     7592.690     7592.860     7593.610     7594.980
  2040:     7596.230     7596.290     7596.950     7598.980     7605.470
  2045:     7605.870     7606.170     7607.310     7607.890     7608.340
  2050:     7610.110     7613.580     7614.210     7615.070     7615.380
  2055:     7615.690     7615.860     7616.510     7616.540     7616.560
  2060:     7616.650     7617.130     7617.260     7617.470     7617.650
  2065:     7617.800     7618.290     7619.580     7619.820     7620.280
  2070:     7748.500     7797.490     7797.750     7797.800     7805.580
  2075:     7829.480     7829.490     7835.620     7835.900     7837.070
  2080:     7837.460     7837.610     7838.810     7891.120     7891.160
  2085:     7947.610     7948.260     7971.990     7972.020     7972.050
  2090:     7973.260     8068.740     8069.120     8070.960     8079.050
  2095:     8079.050     8079.050     8079.060     8089.050     8089.060
  2100:     8144.370     8144.410     8146.260     8146.760     8198.360
  2105:     8198.780     8199.090     8200.430     8246.630     8247.360
  2110:     8248.010     8248.020     8248.760     8254.650     8254.670
  2115:     8255.460     8382.720     8382.720     8382.720     8382.730
  2120:     8392.720     8392.730     8436.100     8436.190     8436.550
  2125:     8437.560     8439.970     8440.020     8441.130     8441.660
  2130:     8447.490     8447.610     8448.440     8448.950     8452.280
  2135:     8453.030     8456.480     8457.110     8457.610     8458.990
  2140:     8459.020     8459.040     8459.160     8459.720     8459.860
  2145:     8461.840     8461.860     8463.500     8484.130     8484.340
  2150:     8484.350     8484.590     8484.660     8484.910     8486.610
  2155:     8487.990     8488.130     8488.630     8492.030     8492.110
  2160:     8492.500     8494.110     8494.220     8494.460     8495.830
  2165:     8495.960     8499.020     8500.560     8502.020     8502.110
  2170:     8502.200     8502.580     8502.750     8665.490     8667.440
  2175:     8729.360     8729.380     8730.520     8731.990     8732.230
  2180:     8732.950     8733.130     8733.550     8784.070     8785.700
  2185:     8785.990     8786.030     8791.280     8806.370     8806.730
  2190:     8807.660     8807.770     8812.820     8812.920     8813.790
  2195:     8816.340     8818.340     8818.420     8819.470     8819.540
  2200:     8819.880     8820.900     8821.390     8821.520     8821.570
  2205:     8822.460     8822.910     8825.170     8825.250     8827.610
  2210:     8827.690     8827.820     8827.840     8828.940     8829.340
  2215:     8832.640     8834.720     8837.370     8839.620     8841.600
  2220:     8841.720     8841.930     8844.120     8845.210     8845.480
  2225:     8848.100     8902.350     8903.100     8903.110     8903.530
  2230:     8903.750     8906.730     8907.040     8909.260     8909.980
  2235:     8910.310     8910.410     8910.460     8910.800     8914.110
  2240:     9090.630     9090.630     9090.630     9090.640     9092.730
  2245:     9092.730     9100.630     9100.640     9148.360     9148.490
  2250:     9285.480     9289.470     9423.330     9423.410     9423.660
  2255:     9441.820     9442.160     9443.520     9502.030     9502.050
  2260:     9502.230     9502.940     9504.520     9505.980     9506.020
  2265:     9506.970     9507.350     9507.400     9508.000     9509.540
  2270:     9509.620     9550.810     9551.510     9554.800     9556.520
  2275:     9556.700     9558.340     9559.120     9560.250     9561.180
  2280:     9561.380     9561.490     9562.510     9563.040     9563.390
  2285:     9563.940     9564.110     9564.210     9565.420     9565.690
  2290:     9566.780     9567.850     9568.100     9569.290     9570.470
  2295:     9570.850     9571.350     9571.420     9571.520     9571.670
  2300:     9571.840     9572.060     9575.010     9687.030     9687.050
  2305:     9687.330     9687.610     9687.700     9687.810     9687.820
  2310:     9687.920     9688.010     9688.220     9688.500     9688.920
  2315:     9689.140     9689.340     9689.450     9689.550     9690.300
  2320:     9702.150     9702.580     9702.630     9708.800     9709.100
  2325:     9764.670     9764.980     9766.100     9807.970     9808.360
  2330:     9808.380     9812.490     9814.410     9814.610     9814.640
  2335:     9825.020     9825.030     9953.710     9954.020     9956.640
  2340:     9958.030    10062.940    10104.010    10104.060    10104.260
  2345:    10104.290    10104.440    10104.650    10125.880    10126.120
  2350:    10126.180    10126.850    10128.230    10130.350    10130.630
  2355:    10157.400    10157.710    10158.500    10179.600    10271.090
  2360:    10279.030    10282.700    10284.280    10284.580    10284.680
  2365:    10290.380    10292.540    10292.600    10292.630    10292.810
  2370:    10292.930    10294.330    10295.860    10296.180    10296.240
  2375:    10298.370    10300.090    10300.400    10300.540    10301.960
  2380:    10302.040    10303.350    10304.650    10304.700    10307.060
  2385:    10308.280    10309.210    10311.210    10311.230    10311.300
  2390:    10311.320    10311.720    10311.740    10313.510    10313.580
  2395:    10314.460    10315.050    10315.520    10316.890    10317.030
  2400:    10317.090    10319.110    10320.360    10321.290    10322.080
  2405:    10322.260    10322.490    10344.480    10344.500    10344.560
  2410:    10344.590    10346.210    10455.280    10455.580    10524.530
  2415:    10524.530    10524.530    10524.540    10534.530    10534.540
  2420:    10550.000    10550.090    10550.120    10665.430    10666.240
  2425:    10669.900    10669.950    10670.540    10681.270    10681.740
  2430:    10800.010
