File: C:\MED-PC\Data\2025-04-10_09h50m_Subject 78.txt


Start Date: 04/10/25
End Date: 04/10/25
Subject: 78
Experiment: OralFentSA
Group: One
Box: 6
Start Time: 09:50:18
End Time: 12:50:44
MSN: Golden_Liq_SelfAdmin_EXT
F:       0.000
G:     543.000
H:   10800.000
I:       0.000
J:       0.000
K:       0.000
L:       0.000
M:       0.000
N:       0.000
O:       0.000
P:       0.000
Q:       0.000
R:       0.000
S:       0.000
U:       0.000
V:       0.000
W:       0.000
X:       0.000
Y:       0.000
Z:       0.000
A:
     0:        0.000        0.000      180.000        4.000        0.000
     5:        5.000        0.000        5.000        0.000        0.000
    10:        1.000        0.000       10.000   100000.000       20.000
    15:       29.000      600.000        0.000        0.000        0.000
    20:        0.000
B:
     0:        0.000        0.000        0.000        0.000        0.000
     5:        0.000        0.000        0.000        0.000        0.000
    10:        0.000        0.000     1000.000 10000000.000        0.000
    15:        0.000        0.000        0.000        0.000        0.000
    20:        0.000
C:
     0:        0.000       29.000       20.000       50.000      279.000
     5:    10086.560        2.590       19.000      998.940       52.576
    10:       50.000       20.000        0.000        0.000        0.000
    15:        0.000        0.000        0.000        0.000        0.000
    20:        0.000
D:
     0:      192.260       44.720       37.730       14.300        3.610
     5:       13.340       15.620        8.260       89.800      167.770
    10:       47.870        5.120       12.220      194.970       16.380
    15:        8.360      122.670        1.350        2.590
E:
     0:       19.000       11.000       26.000       27.000        6.000
     5:        6.000        6.000        6.000        6.000        6.000
    10:        6.000        6.000        6.000        6.000        6.000
    15:        6.000        6.000        6.000        6.000        6.000
    20:        6.000        6.000        6.000        6.000        6.000
    25:        6.000        6.000        6.000        6.000        6.000
    30:        6.000        6.000        1.000        6.000        6.000
    35:        6.000        2.000        4.000       22.000       24.000
    40:       12.000       21.000       22.000       19.000       11.000
    45:        2.000        4.000       22.000       24.000       12.000
    50:       19.000       11.000        6.000        6.000        6.000
    55:        6.000        6.000        6.000        6.000        6.000
    60:        6.000        6.000        6.000        6.000        6.000
    65:        1.000        6.000        6.000        6.000        6.000
    70:        6.000        1.000        1.000        2.000        4.000
    75:       22.000       24.000       12.000       21.000       22.000
    80:       19.000       11.000        6.000        6.000        6.000
    85:        6.000        6.000        6.000        6.000        6.000
    90:        6.000        6.000        6.000        6.000        6.000
    95:        6.000        6.000        6.000        6.000        6.000
   100:        6.000        6.000        6.000        6.000        6.000
   105:        6.000        6.000        6.000        6.000        6.000
   110:        6.000        6.000        6.000        6.000        6.000
   115:        6.000        6.000        6.000        6.000        6.000
   120:        6.000        2.000        4.000       22.000       24.000
   125:       12.000       21.000       22.000       21.000       22.000
   130:       19.000       11.000        2.000        4.000       22.000
   135:       24.000       12.000       21.000       22.000       21.000
   140:       22.000       19.000       11.000        6.000        6.000
   145:        6.000        2.000        4.000       22.000       24.000
   150:       12.000       19.000       11.000        6.000        6.000
   155:        1.000        6.000        6.000        6.000        6.000
   160:        6.000        6.000        6.000        6.000        6.000
   165:        6.000        6.000        6.000        6.000        6.000
   170:        6.000        6.000        6.000        2.000        4.000
   175:       22.000       24.000       12.000       21.000       22.000
   180:        6.000        6.000       19.000       11.000        6.000
   185:        1.000        1.000        1.000        1.000        2.000
   190:        4.000       22.000       24.000       12.000       21.000
   195:       22.000       19.000       11.000        6.000        6.000
   200:        6.000        6.000        6.000        6.000        6.000
   205:        2.000        4.000       22.000       24.000       12.000
   210:       19.000       11.000        6.000        2.000        4.000
   215:       22.000       24.000       12.000       21.000       22.000
   220:       19.000       11.000        2.000        4.000       22.000
   225:       24.000       12.000        6.000        6.000       19.000
   230:       11.000        2.000        4.000       22.000       24.000
   235:       12.000       19.000       11.000        2.000        4.000
   240:       22.000       24.000       12.000       19.000       11.000
   245:        2.000        4.000       22.000       24.000       12.000
   250:       21.000       22.000       19.000       11.000        2.000
   255:        4.000       22.000       24.000       12.000       19.000
   260:       11.000        1.000        6.000        6.000        6.000
   265:        6.000        6.000        2.000        4.000       22.000
   270:       24.000       12.000       21.000       22.000       21.000
   275:       22.000       19.000       11.000        6.000        6.000
   280:        6.000        1.000        1.000        2.000        4.000
   285:       22.000       24.000       12.000       21.000       22.000
   290:       21.000       22.000       19.000       11.000        2.000
   295:        4.000       22.000       24.000       12.000       21.000
   300:       22.000       19.000       11.000        2.000        4.000
   305:       22.000       24.000       12.000       19.000       11.000
   310:        2.000        4.000       22.000       24.000       12.000
   315:       21.000       22.000       21.000       22.000       21.000
   320:       22.000       19.000       11.000        6.000        6.000
   325:        6.000        6.000        6.000        6.000        6.000
   330:        6.000        6.000        6.000        6.000        6.000
   335:        6.000        6.000        6.000        6.000        6.000
   340:        6.000        6.000        6.000        6.000        6.000
   345:        6.000        6.000        6.000        6.000        6.000
   350:        6.000        6.000        6.000        6.000        6.000
   355:        6.000        6.000        6.000        6.000        6.000
   360:        6.000        6.000        6.000        6.000        6.000
   365:        6.000        6.000        6.000        1.000        1.000
   370:        1.000        2.000        4.000       22.000       24.000
   375:       12.000       21.000       22.000       21.000       22.000
   380:        6.000        6.000       19.000       11.000        6.000
   385:        6.000        6.000        6.000        6.000        6.000
   390:        6.000        6.000        6.000        1.000        1.000
   395:        2.000        4.000       22.000       24.000       12.000
   400:       19.000       11.000        6.000        6.000        2.000
   405:        4.000       22.000       24.000       12.000       21.000
   410:       22.000       19.000       11.000        6.000        2.000
   415:        4.000       22.000       24.000       12.000       19.000
   420:       11.000        6.000        6.000        6.000        6.000
   425:        6.000        6.000        6.000        6.000        6.000
   430:        6.000        6.000        6.000        6.000        6.000
   435:        6.000        6.000        6.000        6.000        6.000
   440:        6.000        1.000        2.000        4.000       22.000
   445:       24.000       12.000        6.000        6.000        6.000
   450:       19.000       11.000        6.000        6.000        6.000
   455:        6.000        6.000        6.000        6.000        6.000
   460:        2.000        4.000       22.000       24.000       12.000
   465:       19.000       11.000        6.000        1.000        6.000
   470:        6.000        6.000        6.000        6.000        6.000
   475:        6.000        6.000        6.000        6.000        6.000
   480:        2.000        4.000       22.000       24.000       12.000
   485:        6.000       19.000       11.000        6.000        6.000
   490:        6.000        6.000        6.000        6.000        6.000
   495:        6.000        6.000        6.000        6.000        6.000
   500:        6.000        6.000        6.000        6.000        6.000
   505:        6.000        6.000        6.000        6.000        6.000
   510:        6.000        6.000        2.000        4.000       22.000
   515:       24.000       12.000       21.000       22.000        6.000
   520:       19.000       11.000        6.000        6.000        6.000
   525:        6.000        6.000        6.000        6.000        6.000
   530:        6.000        6.000        6.000        6.000        6.000
   535:        6.000        6.000        6.000        6.000        6.000
   540:        6.000        6.000        1.000      100.000
T:
     0:        0.000        0.000        0.000        0.000       28.720
     5:       28.840       48.820       81.710       81.960       82.250
    10:       82.570       82.700      170.630      171.910      172.570
    15:      173.140      174.600      175.470      177.970      178.530
    20:      181.130      181.600      182.220      182.720      185.490
    25:      185.730      234.970      235.160      322.400      322.730
    30:      323.840      348.780      453.280      509.870      612.970
    35:      613.420      650.320      650.320      650.320      650.330
    40:      650.330      656.230      656.230      660.320      660.330
    45:      668.840      668.840      668.840      668.850      668.850
    50:      678.840      678.850      861.110      862.300      863.830
    55:      869.670      870.690      870.860      871.620      892.540
    60:      943.110      944.470     1109.850     1110.110     1462.420
    65:     1657.830     1662.620     1663.290     1755.730     1777.150
    70:     1777.600     1837.970     1838.370     1841.440     1841.440
    75:     1841.440     1841.450     1841.450     1842.740     1842.740
    80:     1851.440     1851.450     1886.170     1886.230     2332.060
    85:     2332.990     2414.410     2532.070     2532.250     2636.650
    90:     2663.340     2664.170     2664.740     2666.920     2668.150
    95:     2669.020     2671.630     2672.100     2672.230     2672.380
   100:     2672.870     2673.660     2673.950     2674.320     2675.330
   105:     2677.110     2677.960     2679.280     2680.070     2680.240
   110:     2680.620     2681.310     2684.030     2685.150     2688.250
   115:     2766.830     2767.060     2846.590     2847.520     2848.100
   120:     2849.030     2911.390     2911.390     2911.390     2911.400
   125:     2911.400     2913.970     2913.970     2915.100     2915.100
   130:     2921.390     2921.400     3390.180     3390.180     3390.180
   135:     3390.190     3390.190     3393.200     3393.200     3395.030
   140:     3395.030     3400.180     3400.190     3427.920     3428.300
   145:     3428.910     3436.790     3436.790     3436.790     3436.800
   150:     3436.800     3446.790     3446.800     3451.100     3452.400
   155:     4117.800     4123.400     4178.360     4180.350     4184.270
   160:     4184.610     4186.110     4191.990     4192.300     4197.300
   165:     4197.540     4197.580     4298.020     4557.120     4557.890
   170:     4558.510     4606.150     4607.110     4678.380     4678.380
   175:     4678.380     4678.390     4678.390     4678.990     4678.990
   180:     4682.000     4682.340     4688.380     4688.390     4862.320
   185:     4979.280     4980.220     4981.190     4982.090     5012.340
   190:     5012.340     5012.340     5012.350     5012.350     5014.010
   195:     5014.010     5022.340     5022.350     5025.690     5025.830
   200:     5026.220     5292.590     5292.710     5296.560     5296.610
   205:     5304.790     5304.790     5304.790     5304.800     5304.800
   210:     5314.790     5314.800     5320.420     5331.220     5331.220
   215:     5331.220     5331.230     5331.230     5337.420     5337.420
   220:     5341.220     5341.230     5343.000     5343.000     5343.000
   225:     5343.010     5343.010     5351.270     5351.330     5353.000
   230:     5353.010     5354.700     5354.700     5354.700     5354.710
   235:     5354.710     5364.700     5364.710     5365.940     5365.940
   240:     5365.940     5365.950     5365.950     5375.940     5375.950
   245:     5384.610     5384.610     5384.610     5384.620     5384.620
   250:     5391.650     5391.650     5394.610     5394.620     5397.010
   255:     5397.010     5397.010     5397.020     5397.020     5407.010
   260:     5407.020     5450.100     5486.820     5487.160     5915.320
   265:     5918.880     5941.560     5983.910     5983.910     5983.910
   270:     5983.920     5983.920     5984.930     5984.930     5986.680
   275:     5986.680     5993.910     5993.920     6151.690     6152.660
   280:     6571.370     6578.420     6593.850     6596.550     6596.550
   285:     6596.550     6596.560     6596.560     6597.790     6597.790
   290:     6598.740     6598.740     6606.550     6606.560     6617.720
   295:     6617.720     6617.720     6617.730     6617.730     6622.910
   300:     6622.910     6627.720     6627.730     6788.810     6788.810
   305:     6788.810     6788.820     6788.820     6798.810     6798.820
   310:     7199.370     7199.370     7199.370     7199.380     7199.380
   315:     7200.030     7200.030     7200.240     7200.240     7200.910
   320:     7200.910     7209.370     7209.380     7247.250     7248.620
   325:     7249.030     7251.780     7251.930     7253.020     7254.050
   330:     7254.330     7257.800     7258.530     7258.890     7259.220
   335:     7262.520     7263.420     7263.480     7266.720     7267.710
   340:     7269.160     7271.790     7272.580     7272.650     7272.950
   345:     7278.760     7279.240     7279.720     7280.640     7282.540
   350:     7282.770     7284.410     7284.580     7284.750     7284.900
   355:     7285.930     7288.000     7289.170     7293.260     7293.950
   360:     7296.460     7296.780     7296.930     7297.560     7298.510
   365:     7302.850     7303.550     7304.360     7363.690     7365.290
   370:     7377.520     7406.420     7406.420     7406.420     7406.430
   375:     7406.430     7407.740     7407.740     7408.410     7408.410
   380:     7411.550     7411.840     7416.420     7416.430     7419.010
   385:     7419.930     7420.030     7439.270     7439.440     7440.080
   390:     7440.300     7830.300     7831.210     7862.240     7874.700
   395:     7877.780     7877.780     7877.780     7877.790     7877.790
   400:     7887.780     7887.790     7890.010     7890.370     7891.540
   405:     7891.540     7891.540     7891.550     7891.550     7893.570
   410:     7893.570     7901.540     7901.550     8086.520     8276.470
   415:     8276.470     8276.470     8276.480     8276.480     8286.470
   420:     8286.480     8292.860     8294.210     8302.800     8303.830
   425:     8304.650     8304.860     8304.950     8305.110     8305.490
   430:     8306.080     8307.670     8308.630     8309.460     8312.450
   435:     8312.710     8313.190     8313.250     8314.230     8317.440
   440:     8318.200     8404.980     8423.710     8423.710     8423.710
   445:     8423.720     8423.720     8432.080     8432.850     8433.180
   450:     8433.710     8433.720     8561.410     8561.640     8564.050
   455:     8564.750     8571.270     8572.030     8572.840     8575.960
   460:     8843.800     8843.800     8843.800     8843.810     8843.810
   465:     8853.800     8853.810     8966.480     9012.500     9180.930
   470:     9183.950     9223.590     9416.900     9490.970     9605.790
   475:     9621.020     9842.020     9896.450     9958.240     9958.660
   480:     9998.700     9998.700     9998.700     9998.710     9998.710
   485:    10000.060    10008.700    10008.710    10056.550    10056.640
   490:    10057.070    10057.520    10059.860    10060.590    10062.420
   495:    10062.630    10062.660    10062.740    10064.220    10064.730
   500:    10065.070    10066.480    10067.330    10069.930    10070.580
   505:    10070.810    10072.950    10074.480    10074.840    10075.370
   510:    10078.770    10079.030    10086.550    10086.550    10086.550
   515:    10086.560    10086.560    10087.230    10087.230    10089.150
   520:    10096.550    10096.560    10211.270    10212.070    10213.790
   525:    10214.410    10215.020    10218.080    10219.010    10219.640
   530:    10222.460    10222.920    10224.120    10226.880    10227.620
   535:    10227.660    10227.730    10227.770    10228.110    10476.950
   540:    10477.560    10478.340    10694.160    10800.000
