File: C:\MED-PC\Data\2025-04-11_09h50m_Subject 84.txt


Start Date: 04/11/25
End Date: 04/11/25
Subject: 84
Experiment: OralFentSA
Group: One
Box: 12
Start Time: 09:50:52
End Time: 12:51:12
MSN: Golden_Liq_SelfAdmin_EXT
F:       0.000
G:     762.000
H:   10800.000
I:       0.000
J:       0.000
K:       0.000
L:       0.000
M:       0.000
N:       0.000
O:       0.000
P:       0.000
Q:       0.000
R:       0.000
S:       0.000
U:       0.000
V:       0.000
W:       0.000
X:       0.000
Y:       0.000
Z:       0.000
A:
     0:        0.000        0.000      180.000        4.000        0.000
     5:        5.000        0.000        5.000        0.000        0.000
    10:        1.000        0.000       10.000   100000.000       26.000
    15:       30.000      600.000        0.000        0.000        0.000
    20:        0.000
B:
     0:        0.000        0.000        0.000        0.000        0.000
     5:        0.000        0.000        0.000        0.000        0.000
    10:        0.000        0.000     1000.000 10000000.000        0.000
    15:        0.000        0.000        0.000        0.000        0.000
    20:        0.000
C:
     0:        0.000       47.000       21.000       71.000      365.000
     5:    10760.560       11.900       28.000     2068.380       73.871
    10:       71.000       21.000        0.000        0.000        0.000
    15:        0.000        0.000        0.000        0.000        0.000
    20:        0.000
D:
     0:       57.700       22.250       68.900       13.670       20.850
     5:       28.810       12.780      113.630       43.560       64.300
    10:      109.810       17.530        3.900        8.400      109.520
    15:       72.380       89.780      234.420      174.580       57.410
    20:       56.920      264.400       18.850       67.560      220.390
    25:       92.770       11.410       11.900
E:
     0:       19.000       11.000       26.000       27.000        6.000
     5:        2.000        4.000       22.000       24.000       12.000
    10:       19.000       11.000        6.000        6.000        6.000
    15:        6.000        1.000        2.000        4.000       22.000
    20:       24.000       12.000       19.000       11.000        1.000
    25:        6.000        6.000        6.000        6.000        6.000
    30:        2.000        4.000       22.000       24.000       12.000
    35:       19.000       11.000        6.000        2.000        4.000
    40:       22.000       24.000       12.000       19.000       11.000
    45:        6.000        6.000        6.000        6.000        6.000
    50:        6.000        6.000        6.000        6.000        6.000
    55:        6.000        6.000        6.000        6.000        6.000
    60:        6.000        6.000        6.000        6.000        6.000
    65:        6.000        6.000        6.000        6.000        6.000
    70:        6.000        6.000        6.000        6.000        6.000
    75:        6.000        6.000        6.000        6.000        6.000
    80:        6.000        6.000        6.000        6.000        6.000
    85:        6.000        6.000        6.000        6.000        6.000
    90:        6.000        6.000        6.000        6.000        6.000
    95:        1.000        6.000        6.000        6.000        6.000
   100:        6.000        2.000        4.000       22.000       24.000
   105:       12.000       19.000       11.000        2.000        4.000
   110:       22.000       24.000       12.000       21.000       22.000
   115:       21.000       22.000       19.000       11.000        6.000
   120:        6.000        6.000        6.000        2.000        4.000
   125:       22.000       24.000       12.000       21.000       22.000
   130:       19.000       11.000        6.000        6.000        6.000
   135:        6.000        2.000        4.000       22.000       24.000
   140:       12.000       21.000       22.000       21.000       22.000
   145:       21.000       22.000       21.000       22.000       19.000
   150:       11.000        6.000        6.000        6.000        6.000
   155:        1.000        1.000        2.000        4.000       22.000
   160:       24.000       12.000       21.000       22.000       19.000
   165:       11.000        1.000        6.000        1.000        6.000
   170:        6.000        6.000        6.000        6.000        6.000
   175:        6.000        6.000        6.000        6.000        2.000
   180:        4.000       22.000       24.000       12.000       19.000
   185:       11.000        6.000        6.000        6.000        6.000
   190:        6.000        6.000        6.000        6.000        6.000
   195:        2.000        4.000       22.000       24.000       12.000
   200:       19.000       11.000        6.000        6.000        2.000
   205:        4.000       22.000       24.000       12.000       21.000
   210:       22.000       21.000       22.000       21.000       22.000
   215:       19.000       11.000        2.000        4.000       22.000
   220:       24.000       12.000       19.000       11.000        2.000
   225:        4.000       22.000       24.000       12.000       19.000
   230:       11.000        2.000        4.000       22.000       24.000
   235:       12.000       19.000       11.000        1.000        1.000
   240:        6.000        6.000        6.000        6.000        6.000
   245:        6.000        6.000        6.000        6.000        6.000
   250:        6.000        6.000        6.000        6.000        6.000
   255:        6.000        6.000        6.000        6.000        6.000
   260:        6.000        6.000        6.000        6.000        6.000
   265:        6.000        6.000        6.000        2.000        4.000
   270:       22.000       24.000       12.000       19.000       11.000
   275:        6.000        6.000        6.000        6.000        6.000
   280:        6.000        6.000        6.000        6.000        6.000
   285:        6.000        6.000        6.000        6.000        6.000
   290:        6.000        6.000        6.000        6.000        6.000
   295:        6.000        6.000        6.000        6.000        6.000
   300:        6.000        6.000        6.000        1.000        1.000
   305:        2.000        4.000       22.000       24.000       12.000
   310:       21.000       22.000       19.000       11.000        2.000
   315:        4.000       22.000       24.000       12.000       21.000
   320:       22.000       21.000       22.000        6.000       19.000
   325:       11.000        6.000        6.000        6.000        6.000
   330:        6.000        6.000        6.000        6.000        6.000
   335:        6.000        6.000        6.000        6.000        6.000
   340:        6.000        2.000        4.000       22.000       24.000
   345:       12.000        6.000       19.000       11.000        6.000
   350:        2.000        4.000       22.000       24.000       12.000
   355:       19.000       11.000        6.000        6.000        1.000
   360:        2.000        4.000       22.000       24.000       12.000
   365:       19.000       11.000        6.000        2.000        4.000
   370:       22.000       24.000       12.000       19.000       11.000
   375:        2.000        4.000       22.000       24.000       12.000
   380:       21.000       22.000       21.000       22.000       19.000
   385:       11.000        2.000        4.000       22.000       24.000
   390:       12.000       19.000       11.000        2.000        4.000
   395:       22.000       24.000       12.000       21.000       22.000
   400:       19.000       11.000        1.000        2.000        4.000
   405:       22.000       24.000       12.000       19.000       11.000
   410:        6.000        2.000        4.000       22.000       24.000
   415:       12.000       19.000       11.000        6.000        2.000
   420:        4.000       22.000       24.000       12.000       19.000
   425:       11.000        1.000        2.000        4.000       22.000
   430:       24.000       12.000       19.000       11.000        2.000
   435:        4.000       22.000       24.000       12.000       19.000
   440:       11.000        6.000        6.000        6.000        1.000
   445:        6.000        6.000        6.000        6.000        6.000
   450:        6.000        6.000        6.000        6.000        6.000
   455:        1.000        6.000        2.000        4.000       22.000
   460:       24.000       12.000       21.000       22.000       19.000
   465:       11.000        6.000        6.000        6.000        6.000
   470:        6.000        6.000        6.000        6.000        6.000
   475:        6.000        6.000        6.000        1.000        6.000
   480:        6.000        2.000        4.000       22.000       24.000
   485:       12.000       19.000       11.000        2.000        4.000
   490:       22.000       24.000       12.000       21.000       22.000
   495:       19.000       11.000        2.000        4.000       22.000
   500:       24.000       12.000       21.000       22.000       21.000
   505:       22.000       21.000       22.000       21.000       22.000
   510:       19.000       11.000        1.000        6.000        6.000
   515:        6.000        6.000        6.000        6.000        6.000
   520:        6.000        6.000        6.000        6.000        6.000
   525:        6.000        6.000        1.000        2.000        4.000
   530:       22.000       24.000       12.000       19.000       11.000
   535:        6.000        6.000        6.000        6.000        6.000
   540:        6.000        6.000        6.000        6.000        6.000
   545:        6.000        6.000        6.000        6.000        2.000
   550:        4.000       22.000       24.000       12.000       19.000
   555:       11.000        2.000        4.000       22.000       24.000
   560:       12.000       21.000       22.000       19.000       11.000
   565:        6.000        6.000        6.000        6.000        6.000
   570:        2.000        4.000       22.000       24.000       12.000
   575:       19.000       11.000        2.000        4.000       22.000
   580:       24.000       12.000       19.000       11.000        6.000
   585:        6.000        6.000        6.000        6.000        6.000
   590:        6.000        6.000        6.000        6.000        6.000
   595:        6.000        6.000        6.000        1.000        2.000
   600:        4.000       22.000       24.000       12.000       19.000
   605:       11.000        6.000        6.000        6.000        6.000
   610:        2.000        4.000       22.000       24.000       12.000
   615:       19.000       11.000        2.000        4.000       22.000
   620:       24.000       12.000       19.000       11.000        6.000
   625:        6.000        6.000        6.000        6.000        6.000
   630:        6.000        6.000        6.000        6.000        6.000
   635:        6.000        6.000        6.000        6.000        2.000
   640:        4.000       22.000       24.000       12.000       19.000
   645:       11.000        2.000        4.000       22.000       24.000
   650:       12.000       19.000       11.000        6.000        6.000
   655:        6.000        6.000        1.000        6.000        6.000
   660:        6.000        6.000        2.000        4.000       22.000
   665:       24.000       12.000       21.000       22.000       19.000
   670:       11.000        6.000        6.000        6.000        6.000
   675:        6.000        6.000        6.000        6.000        6.000
   680:        6.000        6.000        6.000        6.000        6.000
   685:        6.000        6.000        6.000        6.000        6.000
   690:        6.000        6.000        6.000        6.000        6.000
   695:        6.000        6.000        6.000        6.000        6.000
   700:        6.000        6.000        6.000        6.000        6.000
   705:        6.000        6.000        6.000        6.000        6.000
   710:        6.000        6.000        6.000        6.000        6.000
   715:        6.000        6.000        6.000        6.000        6.000
   720:        6.000        6.000        6.000        6.000        6.000
   725:        6.000        6.000        6.000        6.000        6.000
   730:        6.000        6.000        6.000        6.000        6.000
   735:        6.000        6.000        6.000        6.000        6.000
   740:        6.000        6.000        6.000        6.000        6.000
   745:        6.000        6.000        6.000        6.000        6.000
   750:        6.000        6.000        6.000        6.000        6.000
   755:        2.000        4.000       22.000       24.000       12.000
   760:       19.000       11.000      100.000
T:
     0:        0.000        0.000        0.000        0.000        7.010
     5:       58.820       58.820       58.820       58.830       58.830
    10:       68.820       68.830      116.530      123.440      152.630
    15:      152.720      199.620      218.890      218.890      218.890
    20:      218.900      218.900      228.890      228.900      239.200
    25:      241.150      345.320      345.500      345.600      346.090
    30:      464.760      464.760      464.760      464.770      464.770
    35:      474.760      474.770      533.670      594.970      594.970
    40:      594.970      594.980      594.980      604.970      604.980
    45:      608.650      612.330      613.540      614.030      614.190
    50:      614.860      615.450      616.920      618.450      618.590
    55:      623.640      624.220      624.340      628.910      629.170
    60:      629.580      631.460      631.500      632.630      633.070
    65:      636.860      637.020      669.310      720.880      723.380
    70:      723.510      724.040      724.090      724.180      724.380
    75:      724.910      724.930      725.030      725.200      725.360
    80:      729.310      730.850      730.930      731.020      731.120
    85:      731.370      731.450      731.520      731.920      732.650
    90:      736.340      738.840      738.870      739.400      739.830
    95:      760.250      836.370      840.250      840.340      845.960
   100:      846.120      863.930      863.930      863.930      863.940
   105:      863.940      873.930      873.940      893.880      893.880
   110:      893.880      893.890      893.890      898.430      898.430
   115:      900.570      900.570      903.880      903.890      914.740
   120:     1022.270     1024.830     1025.000     1054.530     1054.530
   125:     1054.530     1054.540     1054.540     1055.900     1055.900
   130:     1064.530     1064.540     1083.350     1083.740     1086.430
   135:     1088.130     1114.910     1114.910     1114.910     1114.920
   140:     1114.920     1117.050     1117.050     1118.860     1118.860
   145:     1120.880     1120.880     1124.690     1124.690     1124.910
   150:     1124.920     1127.700     1127.810     1127.840     1132.550
   155:     1256.090     1257.230     1375.100     1375.100     1375.100
   160:     1375.110     1375.110     1376.050     1376.050     1385.100
   165:     1385.110     1429.160     1488.740     1587.740     1629.010
   170:     1638.730     1640.080     1641.060     1642.440     1642.980
   175:     1643.030     1644.120     1645.570     1806.520     1824.460
   180:     1824.460     1824.460     1824.470     1824.470     1834.460
   185:     1834.470     1868.030     1945.860     2187.140     2189.340
   190:     2189.410     2189.510     2189.870     2192.590     2192.690
   195:     2241.050     2241.050     2241.050     2241.060     2241.060
   200:     2251.050     2251.060     2305.360     2305.390     2361.850
   205:     2361.850     2361.850     2361.860     2361.860     2362.800
   210:     2362.800     2367.680     2367.680     2371.680     2371.680
   215:     2371.850     2371.860     2372.320     2372.320     2372.320
   220:     2372.330     2372.330     2382.320     2382.330     2399.790
   225:     2399.790     2399.790     2399.800     2399.800     2409.790
   230:     2409.800     2422.030     2422.030     2422.030     2422.040
   235:     2422.040     2432.030     2432.040     2463.120     2464.770
   240:     2531.850     2536.480     2538.200     2538.240     2538.440
   245:     2538.610     2538.720     2538.860     2539.010     2539.290
   250:     2542.160     2543.720     2544.180     2546.070     2546.320
   255:     2546.490     2546.640     2548.970     2549.880     2550.020
   260:     2550.290     2550.770     2550.800     2551.040     2551.120
   265:     2551.380     2556.210     2557.190     2611.700     2611.700
   270:     2611.700     2611.710     2611.710     2621.700     2621.710
   275:     2629.240     2637.360     2637.430     2637.480     2637.520
   280:     2637.570     2641.400     2644.050     2644.130     2644.250
   285:     2644.400     2644.460     2650.910     2650.940     2652.440
   290:     2653.010     2653.990     2656.910     2657.720     2658.860
   295:     2660.630     2660.650     2660.920     2702.360     2709.130
   300:     2891.830     2892.470     2895.570     2924.930     2926.700
   305:     2971.820     2971.820     2971.820     2971.830     2971.830
   310:     2980.560     2980.560     2981.820     2981.830     2991.750
   315:     2991.750     2991.750     2991.760     2991.760     2992.010
   320:     2992.010     2992.730     2992.730     2995.660     3001.750
   325:     3001.760     3065.700     3065.880     3066.390     3066.440
   330:     3066.530     3066.710     3070.460     3070.500     3070.550
   335:     3070.690     3071.140     3071.390     3073.390     3074.720
   340:     3083.930     3116.460     3116.460     3116.460     3116.470
   345:     3116.470     3124.870     3126.460     3126.470     3143.980
   350:     3170.840     3170.840     3170.840     3170.850     3170.850
   355:     3180.840     3180.850     3280.370     3283.690     3326.360
   360:     3376.850     3376.850     3376.850     3376.860     3376.860
   365:     3386.850     3386.860     3449.240     3655.070     3655.070
   370:     3655.070     3655.080     3655.080     3665.070     3665.080
   375:     3680.770     3680.770     3680.770     3680.780     3680.780
   380:     3684.680     3684.680     3689.560     3689.560     3690.770
   385:     3690.780     3738.660     3738.660     3738.660     3738.670
   390:     3738.670     3748.660     3748.670     3769.410     3769.410
   395:     3769.410     3769.420     3769.420     3773.720     3773.720
   400:     3779.410     3779.420     3869.630     3914.080     3914.080
   405:     3914.080     3914.090     3914.090     3924.080     3924.090
   410:     4003.870     4069.110     4069.110     4069.110     4069.120
   415:     4069.120     4079.110     4079.120     4303.540     4399.890
   420:     4399.890     4399.890     4399.900     4399.900     4409.890
   425:     4409.900     4537.940     4612.990     4612.990     4612.990
   430:     4613.000     4613.000     4622.990     4623.000     4879.250
   435:     4879.250     4879.250     4879.260     4879.260     4889.250
   440:     4889.260     5053.840     5155.050     5155.540     5167.660
   445:     5740.260     5749.350     5750.910     5754.150     5754.380
   450:     5754.460     5754.480     5754.530     5754.560     5767.580
   455:     5841.270     6082.600     6199.860     6199.860     6199.860
   460:     6199.870     6199.870     6204.110     6204.110     6209.860
   465:     6209.870     6257.280     6257.330     6257.400     6258.010
   470:     6487.900     6488.270     6488.330     6488.410     6488.500
   475:     6488.570     6489.030     6496.680     6559.740     6999.830
   480:     7011.640     7020.160     7020.160     7020.160     7020.170
   485:     7020.170     7030.160     7030.170     7157.860     7157.860
   490:     7157.860     7157.870     7157.870     7159.030     7159.030
   495:     7167.860     7167.870     7264.290     7264.290     7264.290
   500:     7264.300     7264.300     7265.620     7265.620     7267.570
   505:     7267.570     7269.180     7269.180     7269.820     7269.820
   510:     7274.290     7274.300     7284.650     7321.220     7324.810
   515:     7327.040     7328.970     7329.400     7330.820     7331.680
   520:     7339.820     7340.620     7341.890     7342.900     7343.140
   525:     7344.800     7600.640     7707.880     7714.820     7714.820
   530:     7714.820     7714.830     7714.830     7724.820     7724.830
   535:     7979.230     8146.170     8146.430     8146.790     8151.520
   540:     8154.850     8155.390     8155.480     8155.510     8155.880
   545:     8155.910     8155.970     8156.770     8156.820     8224.680
   550:     8224.680     8224.680     8224.690     8224.690     8234.680
   555:     8234.690     8241.990     8241.990     8241.990     8242.000
   560:     8242.000     8250.320     8250.320     8251.990     8252.000
   565:     8260.850     8261.510     8261.550     8262.050     8313.700
   570:     8642.270     8642.270     8642.270     8642.280     8642.280
   575:     8652.270     8652.280     8703.690     8703.690     8703.690
   580:     8703.700     8703.700     8713.690     8713.700     8771.260
   585:     8771.860     8777.460     8777.650     8777.700     8777.730
   590:     8779.900     8787.630     8788.360     8788.540     8788.590
   595:     8789.030     8789.110     8789.170     9255.530     9311.330
   600:     9311.330     9311.330     9311.340     9311.340     9321.330
   605:     9321.340     9531.730     9532.710     9584.970     9585.560
   610:     9607.260     9607.260     9607.260     9607.270     9607.270
   615:     9617.260     9617.270     9684.550     9684.550     9684.550
   620:     9684.560     9684.560     9694.550     9694.560     9777.330
   625:     9777.700     9778.330     9778.880     9779.130     9780.890
   630:     9781.160     9781.240     9783.330     9783.420     9783.440
   635:     9798.270     9798.430     9800.020     9800.370     9839.050
   640:     9839.050     9839.050     9839.060     9839.060     9849.050
   645:     9849.060     9986.240     9986.240     9986.240     9986.250
   650:     9986.250     9996.240     9996.250     9997.660     9998.140
   655:     9998.320    10000.080    10047.960    10251.010    10251.070
   660:    10251.330    10251.420    10265.320    10265.320    10265.320
   665:    10265.330    10265.330    10265.860    10265.860    10275.320
   670:    10275.330    10277.230    10277.650    10277.700    10277.860
   675:    10280.080    10280.190    10281.090    10281.370    10282.070
   680:    10282.110    10282.980    10283.040    10284.920    10284.980
   685:    10285.100    10285.240    10286.750    10288.190    10290.930
   690:    10291.480    10341.440    10343.760    10403.220    10403.500
   695:    10403.580    10404.020    10404.200    10404.260    10415.290
   700:    10415.660    10418.520    10418.730    10418.790    10418.850
   705:    10418.890    10419.010    10422.020    10422.300    10422.330
   710:    10422.780    10423.020    10424.140    10424.410    10425.010
   715:    10425.110    10425.170    10425.220    10425.300    10425.360
   720:    10425.580    10426.950    10427.780    10427.880    10428.010
   725:    10428.700    10430.880    10432.560    10432.580    10433.110
   730:    10433.150    10435.860    10436.900    10437.320    10437.550
   735:    10437.620    10438.700    10439.550    10441.210    10441.250
   740:    10441.450    10442.770    10443.090    10444.210    10444.990
   745:    10446.230    10446.510    10449.990    10454.020    10454.080
   750:    10493.000    10493.510    10495.670    10495.840    10496.210
   755:    10760.550    10760.550    10760.550    10760.560    10760.560
   760:    10770.550    10770.560    10800.000
