File: C:\MED-PC\Data\2025-04-02_09h49m_Subject 80.txt


Start Date: 04/02/25
End Date: 04/02/25
Subject: 80
Experiment: OralFentSA
Group: One
Box: 8
Start Time: 09:49:09
End Time: 12:49:31
MSN: Golden_Liq_SelfAdmin_EXT
F:       0.000
G:    1439.000
H:   10800.000
I:       0.000
J:       0.000
K:       0.000
L:       0.000
M:       0.000
N:       0.000
O:       0.000
P:       0.000
Q:       0.000
R:       0.000
S:       0.000
U:       0.000
V:       0.000
W:       0.000
X:       0.000
Y:       0.000
Z:       0.000
A:
     0:        0.000        0.000      180.000        4.000        0.000
     5:        5.000        0.000        5.000        0.000        0.000
    10:        1.000        0.000       10.000   100000.000       25.000
    15:       23.000      600.000        0.000        0.000        0.000
    20:        0.000
B:
     0:        0.000        0.000        0.000        0.000        0.000
     5:        0.000        0.000        0.000        0.000        0.000
    10:        0.000        0.000     1000.000 10000000.000        0.000
    15:        0.000        0.000        0.000        0.000        0.000
    20:        0.000
C:
     0:        0.000      119.000       48.000      202.000      393.000
     5:    10742.850       98.400       60.000     2504.710       41.745
    10:      202.000       48.000        0.000        0.000        0.000
    15:        0.000        0.000        0.000        0.000        0.000
    20:        0.000
D:
     0:        7.080       22.450       63.270       14.730        5.180
     5:       63.360       30.610       46.610       10.620      120.600
    10:       84.500        3.920       49.640       33.830       22.010
    15:      240.240        2.890        3.620       10.660       21.820
    20:       60.780       14.580       32.900       13.790       63.030
    25:      135.860       18.450      140.660       97.640       14.870
    30:       31.570       34.370      113.860       65.180       13.020
    35:        5.040       17.420       16.920       63.240        4.210
    40:       28.490       37.850        1.940       10.070       10.690
    45:       22.430        1.840       31.550       67.450      127.240
    50:        9.610       17.520       56.640       18.930       40.670
    55:        6.710       27.090       38.190       36.370       98.400
E:
     0:       19.000       11.000       26.000       27.000        2.000
     5:        4.000       22.000       24.000       12.000        6.000
    10:        6.000        6.000       19.000       11.000        6.000
    15:        6.000        6.000        6.000        6.000        2.000
    20:        4.000       22.000       24.000       12.000       19.000
    25:       11.000        6.000        6.000        6.000        6.000
    30:        6.000        6.000        6.000        2.000        4.000
    35:       22.000       24.000       12.000       19.000       11.000
    40:        1.000        1.000        6.000        6.000        6.000
    45:        6.000        2.000        4.000       22.000       24.000
    50:       12.000       19.000       11.000        2.000        4.000
    55:       22.000       24.000       12.000       19.000       11.000
    60:        2.000        4.000       22.000       24.000       12.000
    65:       19.000       11.000        6.000        6.000        1.000
    70:        2.000        4.000       22.000       24.000       12.000
    75:       21.000       22.000       19.000       11.000        2.000
    80:        4.000       22.000       24.000       12.000       21.000
    85:       22.000       19.000       11.000        2.000        4.000
    90:       22.000       24.000       12.000       19.000       11.000
    95:        2.000        4.000       22.000       24.000       12.000
   100:        6.000       19.000       11.000        1.000        1.000
   105:        2.000        4.000       22.000       24.000       12.000
   110:       21.000       22.000       21.000       22.000       21.000
   115:       22.000       19.000       11.000        6.000        6.000
   120:        6.000        6.000        6.000        6.000        6.000
   125:        6.000        6.000        6.000        6.000        6.000
   130:        6.000        6.000        6.000        6.000        6.000
   135:        6.000        6.000        6.000        6.000        6.000
   140:        6.000        6.000        6.000        6.000        6.000
   145:        6.000        6.000        6.000        6.000        6.000
   150:        6.000        1.000        6.000        6.000        6.000
   155:        6.000        1.000        2.000        4.000       22.000
   160:       24.000       12.000       19.000       11.000        6.000
   165:        6.000        2.000        4.000       22.000       24.000
   170:       12.000       20.000       19.000       11.000        2.000
   175:        4.000       22.000       24.000       12.000       21.000
   180:       22.000       19.000       11.000        6.000        6.000
   185:        1.000        2.000        4.000       22.000       24.000
   190:       12.000       21.000       22.000       20.000       19.000
   195:       11.000        6.000        6.000        1.000        6.000
   200:        2.000        4.000       22.000       24.000       12.000
   205:       21.000       22.000       19.000       11.000        6.000
   210:        6.000        6.000        6.000        6.000        2.000
   215:        4.000       22.000       24.000       12.000       19.000
   220:       11.000        2.000        4.000       22.000       24.000
   225:       12.000       20.000       19.000       11.000        2.000
   230:        4.000       22.000       24.000       12.000       20.000
   235:       19.000       11.000        2.000        4.000       22.000
   240:       24.000       12.000       19.000       11.000        2.000
   245:        4.000       22.000       24.000       12.000       19.000
   250:       11.000        2.000        4.000       22.000       24.000
   255:       12.000       21.000       22.000       21.000       22.000
   260:       21.000       22.000       19.000       11.000        1.000
   265:        6.000        6.000        2.000        4.000       22.000
   270:       24.000       12.000       19.000       11.000        2.000
   275:        4.000       22.000       24.000       12.000        6.000
   280:       19.000       11.000        6.000        2.000        4.000
   285:       22.000       24.000       12.000       21.000       22.000
   290:       19.000       11.000        6.000        1.000        2.000
   295:        4.000       22.000       24.000       12.000       21.000
   300:       22.000       19.000       11.000        6.000        2.000
   305:        4.000       22.000       24.000       12.000       19.000
   310:       11.000        6.000        1.000        2.000        4.000
   315:       22.000       24.000       12.000       19.000       11.000
   320:        6.000        6.000        6.000        6.000        6.000
   325:        6.000        6.000        6.000        6.000        6.000
   330:        6.000        6.000        6.000        6.000        6.000
   335:        6.000        6.000        6.000        6.000        6.000
   340:        6.000        6.000        6.000        6.000        6.000
   345:        6.000        6.000        6.000        6.000        6.000
   350:        6.000        6.000        6.000        6.000        6.000
   355:        6.000        6.000        2.000        4.000       22.000
   360:       24.000       12.000        6.000       19.000       11.000
   365:        6.000        2.000        4.000       22.000       24.000
   370:       12.000       19.000       11.000        2.000        4.000
   375:       22.000       24.000       12.000        6.000        6.000
   380:       21.000       22.000       19.000       11.000        1.000
   385:        6.000        2.000        4.000       22.000       24.000
   390:       12.000       20.000       19.000       11.000        6.000
   395:        2.000        4.000       22.000       24.000       12.000
   400:       19.000       11.000        2.000        4.000       22.000
   405:       24.000       12.000       21.000       22.000       19.000
   410:       11.000        6.000        6.000        6.000        6.000
   415:        6.000        6.000        6.000        6.000        6.000
   420:        2.000        4.000       22.000       24.000       12.000
   425:       19.000       11.000        1.000        2.000        4.000
   430:       22.000       24.000       12.000       21.000       22.000
   435:       21.000       22.000       21.000       22.000       21.000
   440:       22.000       19.000       11.000        6.000        6.000
   445:        6.000        2.000        4.000       22.000       24.000
   450:       12.000       21.000       22.000       21.000       22.000
   455:       21.000       22.000       21.000       22.000       19.000
   460:       11.000        2.000        4.000       22.000       24.000
   465:       12.000       21.000       22.000       19.000       11.000
   470:        6.000        6.000        6.000        6.000        2.000
   475:        4.000       22.000       24.000       12.000       19.000
   480:       11.000        6.000        6.000        6.000        6.000
   485:        6.000        2.000        4.000       22.000       24.000
   490:       12.000       21.000       22.000       19.000       11.000
   495:        2.000        4.000       22.000       24.000       12.000
   500:       21.000       22.000       21.000       22.000       19.000
   505:       11.000        6.000        2.000        4.000       22.000
   510:       24.000       12.000       21.000       22.000       19.000
   515:       11.000        6.000        1.000        1.000        6.000
   520:        2.000        4.000       22.000       24.000       12.000
   525:       19.000       11.000        6.000        6.000        6.000
   530:        2.000        4.000       22.000       24.000       12.000
   535:       19.000       11.000        2.000        4.000       22.000
   540:       24.000       12.000       21.000       22.000       21.000
   545:       22.000       19.000       11.000        2.000        4.000
   550:       22.000       24.000       12.000       21.000       22.000
   555:       19.000       11.000        2.000        4.000       22.000
   560:       24.000       12.000       21.000       22.000       19.000
   565:       11.000        6.000        1.000        6.000        6.000
   570:        2.000        4.000       22.000       24.000       12.000
   575:       21.000       22.000       19.000       11.000        1.000
   580:        6.000        1.000        6.000        6.000        6.000
   585:        6.000        2.000        4.000       22.000       24.000
   590:       12.000       21.000       22.000       21.000       22.000
   595:       19.000       11.000        2.000        4.000       22.000
   600:       24.000       12.000       19.000       11.000        6.000
   605:        2.000        4.000       22.000       24.000       12.000
   610:       19.000       11.000        6.000        2.000        4.000
   615:       22.000       24.000       12.000       19.000       11.000
   620:        6.000        6.000        6.000        6.000        6.000
   625:        6.000        6.000        6.000        6.000        6.000
   630:        6.000        6.000        6.000        6.000        6.000
   635:        6.000        6.000        2.000        4.000       22.000
   640:       24.000       12.000       19.000       11.000        2.000
   645:        4.000       22.000       24.000       12.000       19.000
   650:       11.000        2.000        4.000       22.000       24.000
   655:       12.000       19.000       11.000        2.000        4.000
   660:       22.000       24.000       12.000       21.000       22.000
   665:       19.000       11.000        2.000        4.000       22.000
   670:       24.000       12.000       21.000       22.000       19.000
   675:       11.000        6.000        6.000        6.000        6.000
   680:        6.000        6.000        2.000        4.000       22.000
   685:       24.000       12.000       21.000       22.000       19.000
   690:       11.000        2.000        4.000       22.000       24.000
   695:       12.000       20.000       19.000       11.000        2.000
   700:        4.000       22.000       24.000       12.000       21.000
   705:       22.000       19.000       11.000        2.000        4.000
   710:       22.000       24.000       12.000       19.000       11.000
   715:        2.000        4.000       22.000       24.000       12.000
   720:       19.000       11.000        2.000        4.000       22.000
   725:       24.000       12.000       21.000       22.000       19.000
   730:       11.000        1.000        1.000        2.000        4.000
   735:       22.000       24.000       12.000       19.000       11.000
   740:        1.000        6.000        6.000        6.000        6.000
   745:        2.000        4.000       22.000       24.000       12.000
   750:       21.000       22.000       19.000       11.000        2.000
   755:        4.000       22.000       24.000       12.000       21.000
   760:       22.000       19.000       11.000        2.000        4.000
   765:       22.000       24.000       12.000       19.000       11.000
   770:        2.000        4.000       22.000       24.000       12.000
   775:       21.000       22.000       19.000       11.000        1.000
   780:        2.000        4.000       22.000       24.000       12.000
   785:       19.000       11.000        6.000        6.000        6.000
   790:        6.000        6.000        6.000        6.000        6.000
   795:        6.000        6.000        6.000        6.000        6.000
   800:        6.000        6.000        6.000        6.000        6.000
   805:        6.000        6.000        6.000        2.000        4.000
   810:       22.000       24.000       12.000       21.000       22.000
   815:       19.000       11.000        6.000        6.000        6.000
   820:        2.000        4.000       22.000       24.000       12.000
   825:       20.000       19.000       11.000        2.000        4.000
   830:       22.000       24.000       12.000       21.000       22.000
   835:        6.000        6.000       19.000       11.000        2.000
   840:        4.000       22.000       24.000       12.000       21.000
   845:       22.000       19.000       11.000        2.000        4.000
   850:       22.000       24.000       12.000       19.000       11.000
   855:        6.000        6.000        2.000        4.000       22.000
   860:       24.000       12.000       19.000       11.000        2.000
   865:        4.000       22.000       24.000       12.000       21.000
   870:       22.000       19.000       11.000        6.000        6.000
   875:        6.000        6.000        6.000        6.000        1.000
   880:        1.000        6.000        6.000        6.000        2.000
   885:        4.000       22.000       24.000       12.000       19.000
   890:       11.000        6.000        6.000        6.000        6.000
   895:        6.000        2.000        4.000       22.000       24.000
   900:       12.000       21.000       22.000        6.000       19.000
   905:       11.000        6.000        6.000        6.000        6.000
   910:        6.000        6.000        6.000        6.000        6.000
   915:        6.000        6.000        2.000        4.000       22.000
   920:       24.000       12.000       21.000       22.000       19.000
   925:       11.000        6.000        2.000        4.000       22.000
   930:       24.000       12.000       21.000       22.000       19.000
   935:       11.000        2.000        4.000       22.000       24.000
   940:       12.000       21.000       22.000       21.000       22.000
   945:       19.000       11.000        2.000        4.000       22.000
   950:       24.000       12.000       21.000       22.000       21.000
   955:       22.000       19.000       11.000        2.000        4.000
   960:       22.000       24.000       12.000       21.000       22.000
   965:       21.000       22.000       19.000       11.000        6.000
   970:        6.000        6.000        6.000        2.000        4.000
   975:       22.000       24.000       12.000        6.000        6.000
   980:        6.000        6.000        6.000        6.000        6.000
   985:        6.000        6.000        6.000        6.000        6.000
   990:       19.000       11.000        6.000        6.000        1.000
   995:        6.000        2.000        4.000       22.000       24.000
  1000:       12.000       21.000       22.000       21.000       22.000
  1005:       21.000       22.000       21.000       22.000       21.000
  1010:       22.000       19.000       11.000        6.000        2.000
  1015:        4.000       22.000       24.000       12.000       21.000
  1020:       22.000       21.000       22.000       19.000       11.000
  1025:        1.000        2.000        4.000       22.000       24.000
  1030:       12.000       19.000       11.000        6.000        6.000
  1035:        6.000        2.000        4.000       22.000       24.000
  1040:       12.000       21.000       22.000       19.000       11.000
  1045:        2.000        4.000       22.000       24.000       12.000
  1050:       19.000       11.000        6.000        6.000        6.000
  1055:        6.000        6.000        6.000        6.000        6.000
  1060:        6.000        6.000        6.000        2.000        4.000
  1065:       22.000       24.000       12.000        6.000        6.000
  1070:       20.000       19.000       11.000        6.000        6.000
  1075:        6.000        6.000        6.000        6.000        6.000
  1080:        6.000        6.000        6.000        6.000        6.000
  1085:        6.000        6.000        6.000        6.000        6.000
  1090:        6.000        6.000        6.000        6.000        6.000
  1095:        6.000        6.000        6.000        6.000        6.000
  1100:        6.000        6.000        6.000        6.000        6.000
  1105:        6.000        6.000        6.000        6.000        6.000
  1110:        6.000        6.000        6.000        6.000        6.000
  1115:        6.000        6.000        6.000        6.000        6.000
  1120:        6.000        6.000        6.000        6.000        6.000
  1125:        6.000        6.000        6.000        6.000        6.000
  1130:        6.000        2.000        4.000       22.000       24.000
  1135:       12.000       21.000       22.000       21.000       22.000
  1140:       19.000       11.000        6.000        1.000        6.000
  1145:        6.000        6.000        6.000        6.000        6.000
  1150:        2.000        4.000       22.000       24.000       12.000
  1155:       19.000       11.000        2.000        4.000       22.000
  1160:       24.000       12.000       21.000       22.000       21.000
  1165:       22.000       19.000       11.000        2.000        4.000
  1170:       22.000       24.000       12.000       21.000       22.000
  1175:       19.000       11.000        6.000        1.000        1.000
  1180:        1.000        6.000        6.000        6.000        6.000
  1185:        6.000        6.000        6.000        6.000        6.000
  1190:        6.000        6.000        6.000        6.000        6.000
  1195:        6.000        6.000        6.000        6.000        2.000
  1200:        4.000       22.000       24.000       12.000       21.000
  1205:       22.000       19.000       11.000        1.000        2.000
  1210:        4.000       22.000       24.000       12.000       19.000
  1215:       11.000        1.000        6.000        2.000        4.000
  1220:       22.000       24.000       12.000       21.000       22.000
  1225:       19.000       11.000        2.000        4.000       22.000
  1230:       24.000       12.000       19.000       11.000        2.000
  1235:        4.000       22.000       24.000       12.000       19.000
  1240:       11.000        1.000        1.000        2.000        4.000
  1245:       22.000       24.000       12.000        6.000       19.000
  1250:       11.000        2.000        4.000       22.000       24.000
  1255:       12.000       21.000       22.000       19.000       11.000
  1260:        2.000        4.000       22.000       24.000       12.000
  1265:       19.000       11.000        6.000        6.000        6.000
  1270:        2.000        4.000       22.000       24.000       12.000
  1275:       21.000       22.000       21.000       22.000       19.000
  1280:       11.000        6.000        6.000        6.000        6.000
  1285:        6.000        6.000        6.000        1.000        1.000
  1290:        2.000        4.000       22.000       24.000       12.000
  1295:       21.000       22.000       19.000       11.000        6.000
  1300:        6.000        6.000        2.000        4.000       22.000
  1305:       24.000       12.000       19.000       11.000        2.000
  1310:        4.000       22.000       24.000       12.000       19.000
  1315:       11.000        2.000        4.000       22.000       24.000
  1320:       12.000       21.000       22.000       21.000       22.000
  1325:       19.000       11.000        2.000        4.000       22.000
  1330:       24.000       12.000       19.000       11.000        2.000
  1335:        4.000       22.000       24.000       12.000       20.000
  1340:       19.000       11.000        6.000        6.000        2.000
  1345:        4.000       22.000       24.000       12.000       19.000
  1350:       11.000        2.000        4.000       22.000       24.000
  1355:       12.000       19.000       11.000        2.000        4.000
  1360:       22.000       24.000       12.000       21.000       22.000
  1365:        6.000        6.000        6.000        6.000        6.000
  1370:       19.000       11.000        1.000        2.000        4.000
  1375:       22.000       24.000       12.000       21.000       22.000
  1380:       19.000       11.000        6.000        2.000        4.000
  1385:       22.000       24.000       12.000       21.000       22.000
  1390:       19.000       11.000        6.000        6.000        2.000
  1395:        4.000       22.000       24.000       12.000       19.000
  1400:       11.000        2.000        4.000       22.000       24.000
  1405:       12.000       21.000       22.000       19.000       11.000
  1410:        6.000        6.000        6.000        6.000        6.000
  1415:        6.000        2.000        4.000       22.000       24.000
  1420:       12.000       21.000       22.000       21.000       22.000
  1425:       19.000       11.000        6.000        6.000        2.000
  1430:        4.000       22.000       24.000       12.000       21.000
  1435:       22.000       19.000       11.000        1.000      100.000
T:
     0:        0.000        0.000        0.000        0.000       37.180
     5:       37.180       37.180       37.190       37.190       44.270
    10:       44.360       44.820       47.180       47.190       48.100
    15:       53.050       53.630       53.820       59.540       96.320
    20:       96.320       96.320       96.330       96.330      106.320
    25:      106.330      118.780      119.180      119.400      120.210
    30:      120.240      120.860      121.260      124.700      124.700
    35:      124.700      124.710      124.710      134.700      134.710
    40:      181.590      183.660      187.980      195.480      196.360
    45:      197.250      220.150      220.150      220.150      220.160
    50:      220.160      230.150      230.160      245.580      245.580
    55:      245.580      245.590      245.590      255.580      255.590
    60:      282.400      282.400      282.400      282.410      282.410
    65:      292.400      292.410      297.140      305.210      337.910
    70:      366.120      366.120      366.120      366.130      366.130
    75:      368.840      368.840      376.120      376.130      428.400
    80:      428.400      428.400      428.410      428.410      431.550
    85:      431.550      438.400      438.410      453.890      453.890
    90:      453.890      453.900      453.900      463.890      463.900
    95:      487.290      487.290      487.290      487.300      487.300
   100:      492.480      497.290      497.300      516.880      525.670
   105:      548.940      548.940      548.940      548.950      548.950
   110:      550.430      550.430      550.800      550.800      551.510
   115:      551.510      558.940      558.950      612.310      614.600
   120:      615.740      618.250      619.160      619.200      619.780
   125:      620.200      620.320      622.010      622.260      623.480
   130:      623.940      624.070      626.120      627.780      628.140
   135:      629.390      632.490      633.840      635.160      638.930
   140:      640.450      640.520      640.600      640.870      641.980
   145:      643.160      643.860      644.650      645.950      672.530
   150:      683.070      698.780      730.900      751.250      751.770
   155:      751.910      791.170      818.150      818.150      818.150
   160:      818.160      818.160      828.150      828.160      848.770
   165:      849.090      877.670      877.670      877.670      877.680
   170:      877.680      879.380      887.670      887.680      946.670
   175:      946.670      946.670      946.680      946.680      949.900
   180:      949.900      956.670      956.680      993.290      993.370
   185:      997.070     1070.250     1070.250     1070.250     1070.260
   190:     1070.260     1072.270     1072.270     1075.090     1080.250
   195:     1080.260     1080.880     1081.130     1106.000     1119.820
   200:     1161.830     1161.830     1161.830     1161.840     1161.840
   205:     1164.130     1164.130     1171.830     1171.840     1282.440
   210:     1282.650     1285.040     1285.220     1286.190     1287.940
   215:     1287.940     1287.940     1287.950     1287.950     1297.940
   220:     1297.950     1314.330     1314.330     1314.330     1314.340
   225:     1314.340     1318.740     1324.330     1324.340     1334.220
   230:     1334.220     1334.220     1334.230     1334.230     1336.740
   235:     1344.220     1344.230     1389.590     1389.590     1389.590
   240:     1389.600     1389.600     1399.590     1399.600     1448.970
   245:     1448.970     1448.970     1448.980     1448.980     1458.970
   250:     1458.980     1461.330     1461.330     1461.330     1461.340
   255:     1461.340     1467.190     1467.190     1467.790     1467.790
   260:     1470.690     1470.690     1471.330     1471.340     1475.540
   265:     1545.840     1546.230     1593.730     1593.730     1593.730
   270:     1593.740     1593.740     1603.730     1603.740     1631.130
   275:     1631.130     1631.130     1631.140     1631.140     1635.060
   280:     1641.130     1641.140     1728.630     1751.890     1751.890
   285:     1751.890     1751.900     1751.900     1755.130     1755.130
   290:     1761.890     1761.900     1801.540     1816.760     1826.520
   295:     1826.520     1826.520     1826.530     1826.530     1827.910
   300:     1827.910     1836.520     1836.530     1860.360     1918.900
   305:     1918.900     1918.900     1918.910     1918.910     1928.900
   310:     1928.910     1940.920     1946.280     1961.390     1961.390
   315:     1961.390     1961.400     1961.400     1971.390     1971.400
   320:     2201.640     2202.020     2202.540     2203.980     2204.010
   325:     2204.090     2204.170     2204.440     2204.500     2205.110
   330:     2205.140     2206.780     2207.530     2207.820     2210.490
   335:     2212.840     2213.050     2213.540     2214.520     2214.780
   340:     2215.490     2238.200     2238.590     2238.920     2239.200
   345:     2239.330     2247.180     2247.340     2247.410     2247.720
   350:     2247.850     2248.200     2248.450     2248.610     2248.700
   355:     2248.800     2248.980     2256.970     2256.970     2256.970
   360:     2256.980     2256.980     2259.870     2266.970     2266.980
   365:     2365.430     2372.190     2372.190     2372.190     2372.200
   370:     2372.200     2382.190     2382.200     2431.420     2431.420
   375:     2431.420     2431.430     2431.430     2435.050     2435.660
   380:     2436.970     2436.970     2441.420     2441.430     2491.960
   385:     2514.570     2518.590     2518.590     2518.590     2518.600
   390:     2518.600     2522.320     2528.590     2528.600     2529.260
   395:     2530.880     2530.880     2530.880     2530.890     2530.890
   400:     2540.880     2540.890     2570.950     2570.950     2570.950
   405:     2570.960     2570.960     2572.040     2572.040     2580.950
   410:     2580.960     2592.780     2613.140     2621.590     2621.950
   415:     2703.640     2725.090     2726.020     2726.090     2727.050
   420:     2735.920     2735.920     2735.920     2735.930     2735.930
   425:     2745.920     2745.930     2773.790     2783.380     2783.380
   430:     2783.380     2783.390     2783.390     2784.640     2784.640
   435:     2788.980     2788.980     2791.240     2791.240     2792.740
   440:     2792.740     2793.380     2793.390     2844.170     2844.270
   445:     2844.380     2845.630     2845.630     2845.630     2845.640
   450:     2845.640     2847.250     2847.250     2851.540     2851.540
   455:     2853.070     2853.070     2855.610     2855.610     2855.630
   460:     2855.640     2938.200     2938.200     2938.200     2938.210
   465:     2938.210     2939.490     2939.490     2948.200     2948.210
   470:     2952.790     2953.050     2953.120     2954.940     2997.420
   475:     2997.420     2997.420     2997.430     2997.430     3007.420
   480:     3007.430     3030.330     3037.440     3037.750     3038.060
   485:     3038.120     3039.570     3039.570     3039.570     3039.580
   490:     3039.580     3049.110     3049.110     3049.570     3049.580
   495:     3051.080     3051.080     3051.080     3051.090     3051.090
   500:     3056.880     3056.880     3057.830     3057.830     3061.080
   505:     3061.090     3064.880     3069.330     3069.330     3069.330
   510:     3069.340     3069.340     3071.950     3071.950     3079.330
   515:     3079.340     3132.370     3180.110     3184.840     3206.670
   520:     3221.420     3221.420     3221.420     3221.430     3221.430
   525:     3231.420     3231.430     3357.290     3357.680     3358.260
   530:     3359.940     3359.940     3359.940     3359.950     3359.950
   535:     3369.940     3369.950     3370.270     3370.270     3370.270
   540:     3370.280     3370.280     3370.440     3370.440     3377.480
   545:     3377.480     3380.270     3380.280     3416.460     3416.460
   550:     3416.460     3416.470     3416.470     3417.500     3417.500
   555:     3426.460     3426.470     3466.750     3466.750     3466.750
   560:     3466.760     3466.760     3467.510     3467.510     3476.750
   565:     3476.760     3485.210     3492.060     3544.220     3544.310
   570:     3549.730     3549.730     3549.730     3549.740     3549.740
   575:     3553.400     3553.400     3559.730     3559.740     3595.880
   580:     3690.400     3705.830     3713.200     3714.650     3715.670
   585:     3717.370     3719.320     3719.320     3719.320     3719.330
   590:     3719.330     3720.400     3720.400     3721.190     3721.190
   595:     3729.320     3729.330     3765.650     3765.650     3765.650
   600:     3765.660     3765.660     3775.650     3775.660     3863.300
   605:     3888.790     3888.790     3888.790     3888.800     3888.800
   610:     3898.790     3898.800     3903.670     3925.040     3925.040
   615:     3925.040     3925.050     3925.050     3935.040     3935.050
   620:     3956.620     3957.560     3957.870     3958.720     3958.830
   625:     3958.910     3959.370     3959.540     3959.630     3960.030
   630:     3962.910     3963.200     3965.350     3983.140     3983.910
   635:     4114.160     4122.340     4144.380     4144.380     4144.380
   640:     4144.390     4144.390     4154.380     4154.390     4217.060
   645:     4217.060     4217.060     4217.070     4217.070     4227.060
   650:     4227.070     4268.170     4268.170     4268.170     4268.180
   655:     4268.180     4278.170     4278.180     4308.020     4308.020
   660:     4308.020     4308.030     4308.030     4310.190     4310.190
   665:     4318.020     4318.030     4339.870     4339.870     4339.870
   670:     4339.880     4339.880     4342.560     4342.560     4349.870
   675:     4349.880     4374.250     4424.910     4435.830     4435.880
   680:     4436.030     4436.900     4450.590     4450.590     4450.590
   685:     4450.600     4450.600     4453.460     4453.460     4460.590
   690:     4460.600     4464.330     4464.330     4464.330     4464.340
   695:     4464.340     4471.630     4474.330     4474.340     4516.370
   700:     4516.370     4516.370     4516.380     4516.380     4517.370
   705:     4517.370     4526.370     4526.380     4555.810     4555.810
   710:     4555.810     4555.820     4555.820     4565.810     4565.820
   715:     4599.410     4599.410     4599.410     4599.420     4599.420
   720:     4609.410     4609.420     4613.930     4613.930     4613.930
   725:     4613.940     4613.940     4614.860     4614.860     4623.930
   730:     4623.940     4677.200     4716.020     4734.420     4734.420
   735:     4734.420     4734.430     4734.430     4744.420     4744.430
   740:     4796.660     4848.290     4848.800     4850.170     4850.230
   745:     4853.230     4853.230     4853.230     4853.240     4853.240
   750:     4855.020     4855.020     4863.230     4863.240     4929.080
   755:     4929.080     4929.080     4929.090     4929.090     4933.910
   760:     4933.910     4939.080     4939.090     4944.190     4944.190
   765:     4944.190     4944.200     4944.200     4954.190     4954.200
   770:     4985.140     4985.140     4985.140     4985.150     4985.150
   775:     4985.500     4985.500     4995.140     4995.150     5048.190
   780:     5066.850     5066.850     5066.850     5066.860     5066.860
   785:     5076.850     5076.860     5132.040     5379.810     5379.960
   790:     5380.350     5380.650     5380.920     5381.120     5381.740
   795:     5381.800     5382.590     5383.870     5384.970     5395.740
   800:     5395.830     5396.790     5399.510     5404.710     5405.090
   805:     5423.550     5424.160     5424.320     5426.180     5426.180
   810:     5426.180     5426.190     5426.190     5427.620     5427.620
   815:     5436.180     5436.190     5439.210     5439.340     5439.860
   820:     5443.170     5443.170     5443.170     5443.180     5443.180
   825:     5449.890     5453.170     5453.180     5480.710     5480.710
   830:     5480.710     5480.720     5480.720     5484.370     5484.370
   835:     5485.760     5486.230     5490.710     5490.720     5552.090
   840:     5552.090     5552.090     5552.100     5552.100     5552.360
   845:     5552.360     5562.090     5562.100     5593.200     5593.200
   850:     5593.200     5593.210     5593.210     5603.200     5603.210
   855:     5610.630     5614.070     5672.810     5672.810     5672.810
   860:     5672.820     5672.820     5682.810     5682.820     5753.870
   865:     5753.870     5753.870     5753.880     5753.880     5759.090
   870:     5759.090     5763.870     5763.880     5770.800     5771.570
   875:     5771.620     5771.680     5825.620     5860.330     5941.830
   880:     5977.240     5986.590     5987.000     6006.400     6008.450
   885:     6008.450     6008.450     6008.460     6008.460     6018.450
   890:     6018.460     6071.700     6072.090     6074.220     6075.010
   895:     6076.050     6078.470     6078.470     6078.470     6078.480
   900:     6078.480     6080.920     6080.920     6082.690     6088.470
   905:     6088.480     6101.960     6145.640     6145.680     6145.970
   910:     6146.100     6147.710     6147.930     6148.000     6148.070
   915:     6148.110     6150.370     6244.730     6244.730     6244.730
   920:     6244.740     6244.740     6251.450     6251.450     6254.730
   925:     6254.740     6273.230     6288.920     6288.920     6288.920
   930:     6288.930     6288.930     6295.940     6295.940     6298.920
   935:     6298.930     6304.380     6304.380     6304.380     6304.390
   940:     6304.390     6306.230     6306.230     6306.870     6306.870
   945:     6314.380     6314.390     6329.880     6329.880     6329.880
   950:     6329.890     6329.890     6331.810     6331.810     6335.910
   955:     6335.910     6339.880     6339.890     6340.540     6340.540
   960:     6340.540     6340.550     6340.550     6342.100     6342.100
   965:     6345.220     6345.220     6350.540     6350.550     6378.400
   970:     6379.440     6379.840     6380.690     6384.140     6384.140
   975:     6384.140     6384.150     6384.150     6386.090     6386.420
   980:     6386.800     6386.920     6386.970     6387.640     6387.740
   985:     6388.040     6388.140     6388.380     6389.450     6389.770
   990:     6394.140     6394.150     6406.810     6408.000     6553.690
   995:     6571.200     6572.660     6572.660     6572.660     6572.670
  1000:     6572.670     6575.220     6575.220     6576.030     6576.030
  1005:     6577.140     6577.140     6578.270     6578.270     6579.940
  1010:     6579.940     6582.660     6582.670     6582.740     6584.870
  1015:     6584.870     6584.870     6584.880     6584.880     6586.300
  1020:     6586.300     6586.790     6586.790     6594.870     6594.880
  1025:     6615.240     6665.720     6665.720     6665.720     6665.730
  1030:     6665.730     6675.720     6675.730     6676.420     6677.130
  1035:     6678.220     6699.580     6699.580     6699.580     6699.590
  1040:     6699.590     6703.370     6703.370     6709.580     6709.590
  1045:     7145.810     7145.810     7145.810     7145.820     7145.820
  1050:     7155.810     7155.820     7168.250     7168.480     7168.730
  1055:     7171.700     7172.040     7172.720     7173.490     7174.070
  1060:     7174.410     7175.700     7194.480     7198.970     7198.970
  1065:     7198.970     7198.980     7198.980     7200.820     7201.270
  1070:     7204.920     7208.970     7208.980     7271.920     7272.670
  1075:     7317.660     7320.710     7322.900     7324.440     7324.570
  1080:     7325.810     7326.240     7326.370     7326.680     7327.860
  1085:     7329.400     7330.560     7330.700     7331.250     7331.550
  1090:     7332.420     7334.050     7334.540     7336.790     7346.870
  1095:     7346.950     7347.160     7347.240     7347.770     7347.820
  1100:     7347.930     7348.030     7348.110     7348.240     7349.760
  1105:     7351.990     7352.320     7352.440     7352.520     7352.660
  1110:     7352.740     7352.870     7353.090     7353.450     7353.730
  1115:     7353.840     7353.930     7354.020     7355.500     7356.550
  1120:     7356.690     7356.920     7356.960     7357.040     7357.490
  1125:     7357.560     7361.760     7375.810     7376.500     7376.950
  1130:     7387.750     7398.110     7398.110     7398.110     7398.120
  1135:     7398.120     7399.100     7399.100     7401.290     7401.290
  1140:     7408.110     7408.120     7429.670     7444.530     7449.980
  1145:     7454.600     7454.920     7455.170     7455.550     7455.830
  1150:     7464.730     7464.730     7464.730     7464.740     7464.740
  1155:     7474.730     7474.740     7490.900     7490.900     7490.900
  1160:     7490.910     7490.910     7495.230     7495.230     7496.360
  1165:     7496.360     7500.900     7500.910     7505.190     7505.190
  1170:     7505.190     7505.200     7505.200     7509.230     7509.230
  1175:     7515.190     7515.200     7572.650     7702.610     7714.280
  1180:     7717.390     7882.890     7884.870     7889.160     7890.790
  1185:     7891.250     7891.500     7892.830     7893.120     7894.430
  1190:     7896.330     7897.100     7907.210     7907.500     7909.140
  1195:     7910.680     7911.980     7912.320     7912.690     7915.650
  1200:     7915.650     7915.650     7915.660     7915.660     7918.660
  1205:     7918.660     7925.650     7925.660     7977.200     7995.860
  1210:     7995.860     7995.860     7995.870     7995.870     8005.860
  1215:     8005.870     8047.050     8123.110     8136.060     8136.060
  1220:     8136.060     8136.070     8136.070     8141.370     8141.370
  1225:     8146.060     8146.070     8168.620     8168.620     8168.620
  1230:     8168.630     8168.630     8178.620     8178.630     8186.950
  1235:     8186.950     8186.950     8186.960     8186.960     8196.950
  1240:     8196.960     8207.360     8213.130     8335.260     8335.260
  1245:     8335.260     8335.270     8335.270     8344.880     8345.260
  1250:     8345.270     8351.620     8351.620     8351.620     8351.630
  1255:     8351.630     8357.100     8357.100     8361.620     8361.630
  1260:     8409.110     8409.110     8409.110     8409.120     8409.120
  1265:     8419.110     8419.120     8426.640     8432.430     8466.640
  1270:     8471.820     8471.820     8471.820     8471.830     8471.830
  1275:     8472.450     8472.450     8475.380     8475.380     8481.820
  1280:     8481.830     8528.470     8528.550     8528.620     8528.690
  1285:     8535.390     8535.520     8535.670     9004.250     9020.200
  1290:     9055.310     9055.310     9055.310     9055.320     9055.320
  1295:     9063.220     9063.220     9065.310     9065.320     9074.250
  1300:     9075.770     9100.260     9174.020     9174.020     9174.020
  1305:     9174.030     9174.030     9184.020     9184.030     9193.770
  1310:     9193.770     9193.770     9193.780     9193.780     9203.770
  1315:     9203.780     9204.810     9204.810     9204.810     9204.820
  1320:     9204.820     9210.170     9210.170     9210.310     9210.310
  1325:     9214.810     9214.820     9221.870     9221.870     9221.870
  1330:     9221.880     9221.880     9231.870     9231.880     9289.600
  1335:     9289.600     9289.600     9289.610     9289.610     9298.890
  1340:     9299.600     9299.610     9330.280     9330.340     9403.850
  1345:     9403.850     9403.850     9403.860     9403.860     9413.850
  1350:     9413.860     9738.660     9738.660     9738.660     9738.670
  1355:     9738.670     9748.660     9748.670     9828.550     9828.550
  1360:     9828.550     9828.560     9828.560     9832.190     9832.190
  1365:     9835.270     9836.430     9836.520     9836.580     9836.780
  1370:     9838.550     9838.560     9857.830     9883.800     9883.800
  1375:     9883.800     9883.810     9883.810     9888.170     9888.170
  1380:     9893.800     9893.810     9910.900     9973.400     9973.400
  1385:     9973.400     9973.410     9973.410     9976.700     9976.700
  1390:     9983.400     9983.410    10011.600    10011.990    10059.970
  1395:    10059.970    10059.970    10059.980    10059.980    10069.970
  1400:    10069.980    10227.650    10227.650    10227.650    10227.660
  1405:    10227.660    10230.620    10230.620    10237.650    10237.660
  1410:    10264.030    10520.650    10520.910    10521.020    10521.060
  1415:    10521.170    10642.440    10642.440    10642.440    10642.450
  1420:    10642.450    10643.770    10643.770    10646.640    10646.640
  1425:    10652.440    10652.450    10740.850    10740.890    10742.840
  1430:    10742.840    10742.840    10742.850    10742.850    10744.520
  1435:    10744.520    10752.840    10752.850    10761.240    10800.000
