File: C:\MED-PC\Data\2025-04-03_09h07m_Subject 83.txt


Start Date: 04/03/25
End Date: 04/03/25
Subject: 83
Experiment: OralFentSA
Group: One
Box: 11
Start Time: 09:07:43
End Time: 12:07:58
MSN: Golden_Liq_SelfAdmin_EXT
F:       0.000
G:     255.000
H:   10800.000
I:       0.000
J:       0.000
K:       0.000
L:       0.000
M:       0.000
N:       0.000
O:       0.000
P:       0.000
Q:       0.000
R:       0.000
S:       0.000
U:       0.000
V:       0.000
W:       0.000
X:       0.000
Y:       0.000
Z:       0.000
A:
     0:        0.000        0.000      180.000        4.000        0.000
     5:        5.000        0.000        5.000        0.000        0.000
    10:        1.000        0.000       10.000   100000.000       25.000
    15:       24.000      600.000        0.000        0.000        0.000
    20:        0.000
B:
     0:        0.000        0.000        0.000        0.000        0.000
     5:        0.000        0.000        0.000        0.000        0.000
    10:        0.000        0.000     1000.000 10000000.000        0.000
    15:        0.000        0.000        0.000        0.000        0.000
    20:        0.000
C:
     0:        0.000       14.000        3.000       24.000      135.000
     5:     3067.560      371.150        8.000      518.060       64.758
    10:       24.000        3.000        0.000        0.000        0.000
    15:        0.000        0.000        0.000        0.000        0.000
    20:        0.000
D:
     0:       45.760        1.630       13.710       30.850       43.910
     5:        4.300        6.750      371.150
E:
     0:       19.000       11.000       26.000       27.000        6.000
     5:        6.000        1.000        6.000        2.000        4.000
    10:       22.000       24.000       12.000       21.000       22.000
    15:       19.000       11.000        6.000        6.000        6.000
    20:        6.000        6.000        6.000        6.000        6.000
    25:        6.000        6.000        6.000        6.000        6.000
    30:        6.000        6.000        6.000        6.000        2.000
    35:        4.000       22.000       24.000       12.000        6.000
    40:        6.000       19.000       11.000        6.000        6.000
    45:        6.000        6.000        6.000        6.000        6.000
    50:        6.000        6.000        6.000        2.000        4.000
    55:       22.000       24.000       12.000       19.000       11.000
    60:        6.000        6.000        6.000        6.000        6.000
    65:        6.000        2.000        4.000       22.000       24.000
    70:       12.000       21.000       22.000       21.000       22.000
    75:       19.000       11.000        2.000        4.000       22.000
    80:       24.000       12.000       21.000       22.000       21.000
    85:       22.000       21.000       22.000       21.000       22.000
    90:       21.000       22.000       19.000       11.000        2.000
    95:        4.000       22.000       24.000       12.000       21.000
   100:       22.000       21.000       22.000       19.000       11.000
   105:        2.000        4.000       22.000       24.000       12.000
   110:       21.000       22.000       19.000       11.000        6.000
   115:        6.000        6.000        6.000        6.000        6.000
   120:        6.000        6.000        6.000        6.000        2.000
   125:        4.000       22.000       24.000       12.000       19.000
   130:       11.000        2.000        4.000       22.000       24.000
   135:       12.000       19.000       11.000        6.000        6.000
   140:        6.000        6.000        6.000        6.000        6.000
   145:        6.000        6.000        6.000        6.000        2.000
   150:        4.000       22.000       24.000       12.000       19.000
   155:       11.000        2.000        4.000       22.000       24.000
   160:       12.000        6.000        6.000        6.000        6.000
   165:       19.000       11.000        6.000        6.000        2.000
   170:        4.000       22.000       24.000       12.000        6.000
   175:        6.000        6.000        6.000        6.000        6.000
   180:       19.000       11.000        6.000        6.000        6.000
   185:        6.000        6.000        6.000        6.000        6.000
   190:        6.000        6.000        6.000        6.000        6.000
   195:        6.000        6.000        6.000        6.000        6.000
   200:        6.000        6.000        6.000        6.000        6.000
   205:        6.000        6.000        6.000        6.000        6.000
   210:        6.000        6.000        6.000        6.000        6.000
   215:        6.000        6.000        6.000        6.000        6.000
   220:        6.000        6.000        6.000        6.000        6.000
   225:        6.000        6.000        6.000        6.000        6.000
   230:        6.000        6.000        6.000        6.000        6.000
   235:        6.000        6.000        6.000        6.000        6.000
   240:        6.000        6.000        6.000        6.000        2.000
   245:        4.000       22.000       24.000       12.000       19.000
   250:       11.000        1.000        1.000        6.000        6.000
   255:      100.000
T:
     0:        0.000        0.000        0.000        0.000       31.630
     5:       37.740       45.470      213.640      239.200      239.200
    10:      239.200      239.210      239.210      245.980      245.980
    15:      249.200      249.210      284.970      285.970      286.300
    20:      286.610      286.920      286.970      287.690      289.670
    25:      291.620      293.690      293.920      297.210      298.320
    30:      298.350      298.460      298.540      298.860      399.650
    35:      399.650      399.650      399.660      399.660      401.290
    40:      407.950      409.650      409.660      410.170      410.200
    45:      410.330      410.400      411.340      416.380      416.920
    50:      417.410      418.520      496.740      568.430      568.430
    55:      568.430      568.440      568.440      578.430      578.440
    60:      582.150      582.180      582.220      582.620      583.860
    65:      596.920      662.380      662.380      662.380      662.390
    70:      662.390      662.460      662.460      672.030      672.030
    75:      672.380      672.390      703.700      703.700      703.700
    80:      703.710      703.710      706.660      706.660      707.970
    85:      707.970      709.340      709.340      709.430      709.430
    90:      713.370      713.370      713.700      713.710      714.080
    95:      714.080      714.080      714.090      714.090      718.700
   100:      718.700      719.660      719.660      724.080      724.090
   105:      726.360      726.360      726.360      726.370      726.370
   110:      734.780      734.780      736.360      736.370      757.220
   115:      757.510      760.920      761.260      762.000      762.030
   120:      763.600      920.290      924.730      925.270      981.650
   125:      981.650      981.650      981.660      981.660      991.650
   130:      991.660     1100.240     1100.240     1100.240     1100.250
   135:     1100.250     1110.240     1110.250     1144.160     1144.460
   140:     1144.960     1146.340     1146.660     1147.810     1152.580
   145:     1152.900     1153.250     1153.380     1507.070     1525.150
   150:     1525.150     1525.150     1525.160     1525.160     1535.150
   155:     1535.160     1542.120     1542.120     1542.120     1542.130
   160:     1542.130     1546.430     1549.980     1550.650     1551.020
   165:     1552.120     1552.130     1562.460     1607.560     1694.870
   170:     1694.870     1694.870     1694.880     1694.880     1701.630
   175:     1701.680     1702.690     1702.970     1704.680     1704.840
   180:     1704.870     1704.880     1705.090     1706.740     1709.930
   185:     1710.060     1710.380     1745.800     1745.920     1746.400
   190:     1862.970     1863.170     1863.370     1865.550     1866.240
   195:     1868.940     1869.000     1869.440     1871.070     1873.000
   200:     1873.190     1873.450     1878.420     1878.560     1879.290
   205:     1879.440     1879.790     1879.950     1882.200     1883.310
   210:     1884.190     1885.000     1886.400     1894.030     1894.350
   215:     1896.410     1896.990     2078.160     2078.200     2152.530
   220:     2156.050     2156.090     2158.150     2160.970     2166.100
   225:     2197.350     2197.980     2207.180     2275.200     2275.430
   230:     2275.840     2281.070     2281.170     2281.260     2495.820
   235:     2575.480     2799.790     2799.980     2800.010     2800.060
   240:     2804.260     2811.120     2819.570     2819.760     3067.550
   245:     3067.550     3067.550     3067.560     3067.560     3077.550
   250:     3077.560     3122.080     3123.090     3438.710     3438.900
   255:    10800.000
