File: C:\MED-PC IV\DATA\!2025-03-12_12h31m.Subject 72



Start Date: 03/12/25
End Date: 03/12/25
Subject: 72
Experiment: OralFentSA
Group: One
Box: 8
Start Time: 12:31:03
End Time: 15:31:09
MSN: Golden_Liq_SelfAdmin_EXT
F:       0.000
G:    1948.000
H:   10800.010
I:       0.000
J:       0.000
K:       0.000
L:       0.000
M:       0.000
N:       0.000
O:       0.000
P:       0.000
Q:       0.000
R:       0.000
S:       0.000
U:       0.000
V:       0.000
W:       0.000
X:       0.000
Y:       0.000
Z:       0.000
A:
     0:        0.000        0.000      180.000        4.000        0.000
     5:        5.000        0.000        5.000        0.000        0.000
    10:        1.000        0.000       10.000 100000000.00       23.000
    15:       23.000      640.000        0.000        0.000        0.000
    20:        0.000
B:
     0:        0.000        0.000        0.000      400.000        0.000
     5:      500.000        0.000      500.000        0.000        0.000
    10:        0.000        0.000     1000.000 10000000000.        0.000
    15:        0.000        0.000        0.000        0.000        0.000
    20:        0.000
C:
     0:      109.000      110.000        0.000      165.000      292.000
     5:    10749.310       67.410       55.000     1851.140       33.657
    10:      165.000       14.000        0.000        0.000        0.000
    15:        0.000        0.000        0.000        0.000        0.000
    20:        0.000
D:
     0:       50.450       14.330        8.380       50.280       31.260
     5:       49.480       69.650       12.850       41.080       13.430
    10:      155.850       47.040       54.150        8.860       38.840
    15:       17.680       25.690        5.000       26.950        8.730
    20:       43.270       18.360       33.840        4.200       19.250
    25:      151.530      134.670       61.100        3.750       14.520
    30:        8.960        6.920       13.220       17.790        6.340
    35:       53.880        8.110        3.170       52.000        4.330
    40:       26.110       36.600       24.400       21.860        2.690
    45:       10.290       63.550       51.730       11.020        3.530
    50:       14.810       21.560       15.270       91.120       67.410
E:
     0:       19.000       11.000       26.000       27.000        2.000
     5:        4.000       22.000       24.000       12.000       13.000
    10:        8.000        5.000       17.000       18.000       14.000
    15:       10.000       19.000       11.000        2.000        4.000
    20:       22.000       24.000       12.000       13.000        8.000
    25:        5.000       17.000       18.000       14.000       10.000
    30:       19.000       11.000        6.000        6.000        6.000
    35:        6.000        6.000        6.000        6.000        6.000
    40:        6.000        6.000        6.000        6.000        6.000
    45:        6.000        6.000        6.000        6.000        6.000
    50:        6.000        6.000        6.000        2.000        4.000
    55:       22.000       24.000       12.000       13.000        8.000
    60:        5.000       17.000       21.000       22.000       18.000
    65:       21.000       22.000       14.000       10.000       19.000
    70:       11.000        6.000       23.000        6.000        6.000
    75:        6.000        6.000        6.000        6.000        6.000
    80:        6.000        6.000        6.000        6.000        6.000
    85:        6.000        6.000        6.000        6.000        6.000
    90:        6.000        6.000        6.000        6.000        6.000
    95:        6.000        6.000        6.000        6.000        6.000
   100:        6.000        6.000        6.000        6.000        6.000
   105:        6.000        6.000        6.000        6.000        6.000
   110:        6.000        6.000       23.000        2.000        4.000
   115:       22.000       24.000       12.000       13.000        8.000
   120:        5.000       17.000       21.000       22.000       18.000
   125:       14.000       10.000       19.000       11.000        2.000
   130:        4.000       22.000       24.000       12.000       13.000
   135:        8.000        5.000       17.000       18.000       14.000
   140:       10.000       19.000       11.000        2.000        4.000
   145:       22.000       24.000       12.000       13.000        8.000
   150:        5.000       17.000       18.000       14.000       10.000
   155:       21.000       22.000        6.000       19.000       11.000
   160:        6.000        6.000        6.000        2.000        4.000
   165:       22.000       24.000       12.000       13.000        8.000
   170:        5.000       17.000       21.000       22.000       21.000
   175:       22.000       18.000       14.000       10.000       19.000
   180:       11.000        6.000        6.000        6.000        6.000
   185:        6.000        2.000        4.000       22.000       24.000
   190:       12.000       13.000        8.000        5.000       17.000
   195:       18.000       14.000       10.000       19.000       11.000
   200:        6.000        2.000        4.000       22.000       24.000
   205:       12.000       13.000        8.000        5.000       17.000
   210:       18.000       14.000       10.000       19.000       11.000
   215:        6.000        6.000        6.000        6.000        6.000
   220:        6.000        2.000        4.000       22.000       24.000
   225:       12.000       13.000        8.000        5.000       17.000
   230:       18.000       14.000       10.000       19.000       11.000
   235:        6.000        6.000        6.000        6.000        6.000
   240:        6.000        6.000        6.000        6.000        6.000
   245:        2.000        4.000       22.000       24.000       12.000
   250:       13.000        8.000        5.000       17.000       18.000
   255:       14.000       10.000       19.000       11.000        2.000
   260:        4.000       22.000       24.000       12.000       13.000
   265:        8.000        5.000       17.000       18.000       14.000
   270:       10.000       19.000       11.000        2.000        4.000
   275:       22.000       24.000       12.000       13.000        8.000
   280:        5.000       17.000       21.000       22.000       21.000
   285:       22.000       18.000       14.000       10.000       21.000
   290:       22.000       19.000       11.000        2.000        4.000
   295:       22.000       24.000       12.000       13.000        8.000
   300:        5.000       17.000       18.000       14.000       10.000
   305:       19.000       11.000        2.000        4.000       22.000
   310:       24.000       12.000       13.000        8.000        5.000
   315:       17.000       18.000       14.000       10.000       19.000
   320:       11.000        2.000        4.000       22.000       24.000
   325:       12.000       13.000        8.000        5.000       17.000
   330:       18.000       14.000       10.000       19.000       11.000
   335:        6.000        6.000        6.000        6.000        6.000
   340:        6.000        6.000        6.000        2.000        4.000
   345:       22.000       24.000       12.000       13.000        8.000
   350:        5.000       17.000       18.000       14.000       10.000
   355:       19.000       11.000        2.000        4.000       22.000
   360:       24.000       12.000       13.000        8.000        5.000
   365:       17.000       21.000       22.000       18.000       14.000
   370:       10.000       21.000       22.000       19.000       11.000
   375:        2.000        4.000       22.000       24.000       12.000
   380:       13.000        8.000        5.000       17.000       18.000
   385:       14.000       10.000       19.000       11.000        6.000
   390:        6.000        6.000        6.000        6.000        6.000
   395:        6.000        6.000        6.000        6.000        6.000
   400:        6.000        6.000        6.000        6.000        6.000
   405:        6.000        6.000        2.000        4.000       22.000
   410:       24.000       12.000       13.000        8.000        5.000
   415:       17.000       18.000       14.000       10.000       19.000
   420:       11.000        6.000        6.000        6.000        6.000
   425:        6.000        6.000        2.000        4.000       22.000
   430:       24.000       12.000       13.000        8.000        5.000
   435:       17.000       18.000       14.000       10.000       19.000
   440:       11.000        6.000        6.000        6.000        2.000
   445:        4.000       22.000       24.000       12.000       13.000
   450:        8.000        5.000       17.000       21.000       22.000
   455:       18.000       14.000       10.000       19.000       11.000
   460:        6.000        2.000        4.000       22.000       24.000
   465:       12.000       13.000        8.000        5.000       17.000
   470:       18.000       14.000       10.000       19.000       11.000
   475:        2.000        4.000       22.000       24.000       12.000
   480:       13.000        8.000        5.000       17.000       18.000
   485:       14.000       10.000       19.000       11.000        2.000
   490:        4.000       22.000       24.000       12.000       13.000
   495:        8.000        5.000       17.000       18.000       14.000
   500:       10.000       19.000       11.000        6.000        6.000
   505:        2.000        4.000       22.000       24.000       12.000
   510:       13.000        8.000        5.000       17.000       21.000
   515:       22.000       18.000       14.000       10.000        6.000
   520:       19.000       11.000        6.000        2.000        4.000
   525:       22.000       24.000       12.000       13.000        8.000
   530:        5.000       17.000       21.000       22.000       18.000
   535:       14.000       10.000       19.000       11.000        2.000
   540:        4.000       22.000       24.000       12.000       13.000
   545:        8.000        5.000       17.000       21.000       22.000
   550:       18.000       14.000       10.000       19.000       11.000
   555:        6.000        6.000        6.000        6.000        6.000
   560:        6.000        2.000        4.000       22.000       24.000
   565:       12.000       13.000        8.000        5.000       17.000
   570:       18.000       21.000       22.000       14.000       10.000
   575:       21.000       22.000       19.000       11.000        2.000
   580:        4.000       22.000       24.000       12.000       13.000
   585:        8.000        5.000       17.000       18.000       14.000
   590:       10.000       21.000       22.000       19.000       11.000
   595:        2.000        4.000       22.000       24.000       12.000
   600:       13.000        8.000        5.000       17.000       18.000
   605:       14.000       10.000       19.000       11.000        2.000
   610:        4.000       22.000       24.000       12.000       13.000
   615:        8.000        5.000       17.000       18.000       14.000
   620:       10.000       19.000       11.000        6.000        6.000
   625:        6.000        6.000        6.000        2.000        4.000
   630:       22.000       24.000       12.000       13.000        8.000
   635:        5.000       17.000       21.000       22.000       18.000
   640:       14.000       10.000       19.000       11.000        6.000
   645:        2.000        4.000       22.000       24.000       12.000
   650:       13.000        8.000        5.000       17.000       21.000
   655:       22.000       21.000       22.000       18.000       14.000
   660:       10.000       21.000       22.000       19.000       11.000
   665:        2.000        4.000       22.000       24.000       12.000
   670:       13.000        8.000        5.000       17.000       21.000
   675:       22.000       21.000       22.000       18.000       14.000
   680:       10.000        6.000        6.000        6.000        6.000
   685:       19.000       11.000        6.000        2.000        4.000
   690:       22.000       24.000       12.000       13.000        8.000
   695:        5.000       17.000       18.000       14.000       10.000
   700:       19.000       11.000        2.000        4.000       22.000
   705:       24.000       12.000       13.000        8.000        5.000
   710:       17.000       18.000       14.000       10.000       21.000
   715:       22.000       19.000       11.000        6.000        6.000
   720:        6.000        2.000        4.000       22.000       24.000
   725:       12.000       13.000        8.000        5.000       17.000
   730:       18.000       14.000       10.000       19.000       11.000
   735:        2.000        4.000       22.000       24.000       12.000
   740:       13.000        8.000        5.000       17.000       18.000
   745:       14.000       10.000       19.000       11.000       23.000
   750:        2.000        4.000       22.000       24.000       12.000
   755:       13.000        8.000        5.000       17.000       18.000
   760:       21.000       22.000       14.000       10.000        6.000
   765:        6.000        6.000       19.000       11.000        2.000
   770:        4.000       22.000       24.000       12.000       13.000
   775:        8.000        5.000       17.000       21.000       22.000
   780:       21.000       22.000       18.000       14.000       10.000
   785:       19.000       11.000        6.000        6.000        2.000
   790:        4.000       22.000       24.000       12.000       13.000
   795:        8.000        5.000       17.000       18.000       14.000
   800:       10.000       19.000       11.000        6.000        2.000
   805:        4.000       22.000       24.000       12.000       13.000
   810:        8.000        5.000       17.000       18.000       14.000
   815:       10.000       21.000       22.000       19.000       11.000
   820:        2.000        4.000       22.000       24.000       12.000
   825:       13.000        8.000        5.000       17.000       18.000
   830:       14.000       10.000       19.000       11.000        6.000
   835:        6.000        6.000        6.000        6.000        6.000
   840:        6.000        6.000        6.000        2.000        4.000
   845:       22.000       24.000       12.000       13.000        8.000
   850:        5.000       17.000       21.000       22.000       18.000
   855:        6.000        6.000        6.000       14.000       10.000
   860:        6.000       19.000       11.000       23.000        2.000
   865:        4.000       22.000       24.000       12.000       13.000
   870:        8.000        5.000       17.000       18.000       21.000
   875:       22.000       14.000       10.000       19.000       11.000
   880:        6.000        2.000        4.000       22.000       24.000
   885:       12.000       13.000        8.000        5.000       17.000
   890:       18.000       21.000       22.000       14.000       10.000
   895:       21.000       22.000       19.000       11.000       23.000
   900:        6.000        6.000        2.000        4.000       22.000
   905:       24.000       12.000       13.000        8.000        5.000
   910:       17.000       18.000       14.000       10.000       19.000
   915:       11.000        2.000        4.000       22.000       24.000
   920:       12.000       13.000        8.000        5.000       17.000
   925:       21.000       22.000       21.000       22.000       21.000
   930:       22.000       18.000       14.000       10.000       21.000
   935:       22.000       19.000       11.000        6.000        6.000
   940:        6.000        2.000        4.000       22.000       24.000
   945:       12.000       13.000        8.000        5.000       17.000
   950:       18.000       14.000       10.000       19.000       11.000
   955:        6.000        6.000        6.000        6.000        6.000
   960:        2.000        4.000       22.000       24.000       12.000
   965:       13.000        8.000        5.000       17.000       18.000
   970:       14.000       10.000       19.000       11.000        2.000
   975:        4.000       22.000       24.000       12.000       13.000
   980:        8.000        5.000       17.000        6.000       18.000
   985:       14.000       10.000       19.000       11.000        2.000
   990:        4.000       22.000       24.000       12.000       13.000
   995:        8.000        5.000       17.000       21.000       22.000
  1000:       18.000       14.000       10.000       19.000       11.000
  1005:        2.000        4.000       22.000       24.000       12.000
  1010:       13.000        8.000        5.000       17.000       18.000
  1015:       14.000       10.000       19.000       11.000       23.000
  1020:        2.000        4.000       22.000       24.000       12.000
  1025:       13.000        8.000        5.000       17.000       18.000
  1030:       14.000       10.000       19.000       11.000        2.000
  1035:        4.000       22.000       24.000       12.000       13.000
  1040:        8.000        5.000       17.000       18.000       14.000
  1045:       10.000       19.000       11.000        6.000        6.000
  1050:        6.000        6.000        6.000        2.000        4.000
  1055:       22.000       24.000       12.000       13.000        8.000
  1060:        5.000       17.000       18.000       14.000       10.000
  1065:       19.000       11.000        2.000        4.000       22.000
  1070:       24.000       12.000       13.000        8.000        5.000
  1075:       17.000       18.000       14.000       10.000       21.000
  1080:       22.000       21.000       22.000        6.000       19.000
  1085:       11.000        6.000        2.000        4.000       22.000
  1090:       24.000       12.000       13.000        8.000        5.000
  1095:       17.000       18.000       14.000       10.000       19.000
  1100:       11.000        2.000        4.000       22.000       24.000
  1105:       12.000       13.000        8.000        5.000       17.000
  1110:       18.000       14.000       10.000       19.000       11.000
  1115:        2.000        4.000       22.000       24.000       12.000
  1120:       13.000        8.000        5.000       17.000       21.000
  1125:       22.000       18.000       14.000       10.000        6.000
  1130:        6.000        6.000       19.000       11.000        2.000
  1135:        4.000       22.000       24.000       12.000       13.000
  1140:        8.000        5.000       17.000       21.000       22.000
  1145:       18.000       14.000       10.000       19.000       11.000
  1150:        6.000        6.000        6.000        6.000        6.000
  1155:        6.000        6.000        2.000        4.000       22.000
  1160:       24.000       12.000       13.000        8.000        5.000
  1165:       17.000       18.000       14.000       10.000       19.000
  1170:       11.000        2.000        4.000       22.000       24.000
  1175:       12.000       13.000        8.000        5.000       17.000
  1180:       18.000       14.000       10.000       19.000       11.000
  1185:        2.000        4.000       22.000       24.000       12.000
  1190:       13.000        8.000        5.000       17.000       18.000
  1195:       14.000       10.000       19.000       11.000        2.000
  1200:        4.000       22.000       24.000       12.000       13.000
  1205:        8.000        5.000       17.000       18.000       14.000
  1210:       10.000       19.000       11.000        6.000        6.000
  1215:        6.000        6.000        6.000        2.000        4.000
  1220:       22.000       24.000       12.000       13.000        8.000
  1225:        5.000       17.000       18.000       14.000       10.000
  1230:        6.000        6.000        6.000        6.000       19.000
  1235:       11.000        2.000        4.000       22.000       24.000
  1240:       12.000       13.000        8.000        5.000       17.000
  1245:       18.000       14.000       10.000       19.000       11.000
  1250:        2.000        4.000       22.000       24.000       12.000
  1255:       13.000        8.000        5.000       17.000       18.000
  1260:       14.000       10.000       19.000       11.000        2.000
  1265:        4.000       22.000       24.000       12.000       13.000
  1270:        8.000        5.000       17.000       18.000       14.000
  1275:       10.000       19.000       11.000        6.000        6.000
  1280:        6.000        6.000        6.000        6.000        6.000
  1285:        6.000        6.000        6.000        6.000        2.000
  1290:        4.000       22.000       24.000       12.000       13.000
  1295:        8.000        5.000       17.000       21.000       22.000
  1300:       18.000       21.000       22.000       14.000       10.000
  1305:        6.000        6.000       19.000       11.000        2.000
  1310:        4.000       22.000       24.000       12.000       13.000
  1315:        8.000        5.000       17.000       18.000       14.000
  1320:       10.000       19.000       11.000        2.000        4.000
  1325:       22.000       24.000       12.000       13.000        8.000
  1330:        5.000       17.000        6.000        6.000        6.000
  1335:        6.000       18.000       14.000       10.000       19.000
  1340:       11.000        6.000        2.000        4.000       22.000
  1345:       24.000       12.000       13.000        8.000        5.000
  1350:       17.000       18.000       14.000       10.000       21.000
  1355:       22.000       21.000       22.000       21.000       22.000
  1360:       19.000       11.000        6.000        6.000       23.000
  1365:        2.000        4.000       22.000       24.000       12.000
  1370:       13.000        8.000        5.000       17.000       18.000
  1375:       21.000       22.000       14.000       10.000       21.000
  1380:       22.000       19.000       11.000        2.000        4.000
  1385:       22.000       24.000       12.000       13.000        8.000
  1390:        5.000       17.000       18.000        6.000       14.000
  1395:       10.000       21.000       22.000       21.000       22.000
  1400:       19.000       11.000        6.000        2.000        4.000
  1405:       22.000       24.000       12.000       13.000        8.000
  1410:        5.000       17.000       18.000       14.000       10.000
  1415:       19.000       11.000        6.000        6.000        2.000
  1420:        4.000       22.000       24.000       12.000       13.000
  1425:        8.000        5.000       17.000       18.000       14.000
  1430:       10.000       19.000       11.000        6.000        6.000
  1435:       23.000        2.000        4.000       22.000       24.000
  1440:       12.000       13.000        8.000        5.000       17.000
  1445:       18.000       14.000       10.000       21.000       22.000
  1450:       19.000       11.000        6.000        6.000        6.000
  1455:        6.000        6.000        2.000        4.000       22.000
  1460:       24.000       12.000       13.000        8.000        5.000
  1465:       17.000       18.000       14.000       10.000       19.000
  1470:       11.000       23.000        2.000        4.000       22.000
  1475:       24.000       12.000       13.000        8.000        5.000
  1480:       17.000       18.000       14.000       10.000       19.000
  1485:       11.000        2.000        4.000       22.000       24.000
  1490:       12.000       13.000        8.000        5.000       17.000
  1495:       21.000       22.000       18.000       14.000       10.000
  1500:       19.000       11.000        2.000        4.000       22.000
  1505:       24.000       12.000       13.000        8.000        5.000
  1510:       17.000       18.000       14.000       10.000       19.000
  1515:       11.000        6.000        6.000        6.000        6.000
  1520:        6.000        6.000        6.000        6.000        6.000
  1525:        6.000        6.000        2.000        4.000       22.000
  1530:       24.000       12.000       13.000        8.000        5.000
  1535:       17.000        6.000        6.000        6.000       18.000
  1540:       14.000       10.000       19.000       11.000        2.000
  1545:        4.000       22.000       24.000       12.000       13.000
  1550:        8.000        5.000       17.000       18.000       14.000
  1555:       10.000       19.000       11.000        6.000        6.000
  1560:        6.000        2.000        4.000       22.000       24.000
  1565:       12.000       13.000        8.000        5.000       17.000
  1570:       18.000       14.000       10.000       19.000       11.000
  1575:        6.000       23.000        2.000        4.000       22.000
  1580:       24.000       12.000       13.000        8.000        5.000
  1585:       17.000       18.000       14.000       10.000       19.000
  1590:       11.000        2.000        4.000       22.000       24.000
  1595:       12.000       13.000        8.000        5.000       17.000
  1600:       21.000       22.000       18.000       14.000       10.000
  1605:       19.000       11.000       23.000        6.000        6.000
  1610:        6.000        6.000        6.000        6.000        6.000
  1615:        6.000        6.000       23.000       23.000        6.000
  1620:        6.000        2.000        4.000       22.000       24.000
  1625:       12.000       13.000        8.000        5.000       17.000
  1630:       18.000       14.000       10.000       19.000       11.000
  1635:        2.000        4.000       22.000       24.000       12.000
  1640:       13.000        8.000        5.000       17.000       18.000
  1645:       14.000       10.000       19.000       11.000        6.000
  1650:        6.000        6.000        6.000        2.000        4.000
  1655:       22.000       24.000       12.000       13.000        8.000
  1660:        5.000       17.000       18.000       14.000       10.000
  1665:       19.000       11.000        2.000        4.000       22.000
  1670:       24.000       12.000       13.000        8.000        5.000
  1675:       17.000        6.000       18.000       14.000       10.000
  1680:        6.000        6.000       19.000       11.000        2.000
  1685:        4.000       22.000       24.000       12.000       13.000
  1690:        8.000        5.000       17.000       18.000       14.000
  1695:       10.000       19.000       11.000        2.000        4.000
  1700:       22.000       24.000       12.000       13.000        8.000
  1705:        5.000       17.000       18.000       14.000       10.000
  1710:       19.000       11.000        2.000        4.000       22.000
  1715:       24.000       12.000       13.000        8.000        5.000
  1720:       17.000       18.000       14.000       10.000       19.000
  1725:       11.000        6.000        6.000        2.000        4.000
  1730:       22.000       24.000       12.000       13.000        8.000
  1735:        5.000       17.000       18.000       14.000       10.000
  1740:       19.000       11.000        2.000        4.000       22.000
  1745:       24.000       12.000       13.000        8.000        5.000
  1750:       17.000       18.000       14.000       10.000       19.000
  1755:       11.000        2.000        4.000       22.000       24.000
  1760:       12.000       13.000        8.000        5.000       17.000
  1765:       18.000       14.000       10.000       19.000       11.000
  1770:        6.000        6.000        2.000        4.000       22.000
  1775:       24.000       12.000       13.000        8.000        5.000
  1780:       17.000       18.000       14.000       10.000       19.000
  1785:       11.000        2.000        4.000       22.000       24.000
  1790:       12.000       13.000        8.000        5.000       17.000
  1795:       18.000       14.000       10.000       19.000       11.000
  1800:        2.000        4.000       22.000       24.000       12.000
  1805:       13.000        8.000        5.000       17.000       21.000
  1810:       22.000       18.000       14.000       10.000       19.000
  1815:       11.000        2.000        4.000       22.000       24.000
  1820:       12.000       13.000        8.000        5.000       17.000
  1825:       18.000       14.000       10.000       19.000       11.000
  1830:        6.000        6.000        6.000        6.000        2.000
  1835:        4.000       22.000       24.000       12.000       13.000
  1840:        8.000        5.000       17.000       18.000       14.000
  1845:       10.000       19.000       11.000        2.000        4.000
  1850:       22.000       24.000       12.000       13.000        8.000
  1855:        5.000       17.000       18.000       14.000       10.000
  1860:       19.000       11.000        2.000        4.000       22.000
  1865:       24.000       12.000       13.000        8.000        5.000
  1870:       17.000       18.000       14.000       10.000       19.000
  1875:       11.000        2.000        4.000       22.000       24.000
  1880:       12.000       13.000        8.000        5.000       17.000
  1885:       18.000       14.000       10.000       19.000       11.000
  1890:       23.000        6.000        6.000        6.000        6.000
  1895:        6.000        6.000        6.000        2.000        4.000
  1900:       22.000       24.000       12.000       13.000        8.000
  1905:        5.000       17.000       18.000       14.000       10.000
  1910:       19.000       11.000        6.000        6.000        6.000
  1915:        6.000        6.000        6.000        2.000        4.000
  1920:       22.000       24.000       12.000       13.000        8.000
  1925:        5.000       17.000       18.000       14.000       10.000
  1930:       19.000       11.000        2.000        4.000       22.000
  1935:       24.000       12.000       13.000        8.000        5.000
  1940:       17.000       21.000       22.000       18.000       14.000
  1945:       10.000       19.000       11.000      100.000
T:
     0:        0.000        0.000        0.000        0.000        3.770
     5:        3.770        3.770        3.780        3.780        3.780
    10:        3.780        3.780        3.780        7.780        8.780
    15:        8.780       13.770       13.780       36.430       36.430
    20:       36.430       36.440       36.440       36.440       36.440
    25:       36.440       36.440       40.440       41.440       41.440
    30:       46.430       46.440       86.890       87.450      125.290
    35:      182.500      228.890      228.910      229.620      229.670
    40:      229.730      283.410      284.270      286.260      286.420
    45:      286.520      286.590      286.950      290.100      290.880
    50:      291.120      293.750      346.230      364.600      364.600
    55:      364.600      364.610      364.610      364.610      364.610
    60:      364.610      364.610      366.960      366.960      368.610
    65:      369.070      369.070      369.610      369.610      374.600
    70:      374.610      378.940      553.680      573.950      573.970
    75:      574.180      574.990      587.130      587.230      588.260
    80:      588.670      588.720      588.730      589.110      589.240
    85:      589.320      592.380      644.240      644.350      644.520
    90:      644.620      645.450      645.540      647.340      647.780
    95:      650.530      658.740      713.980      714.770      714.990
   100:      715.870      716.960      719.270      726.680      727.550
   105:      729.890      738.680      740.560      740.650      743.790
   110:      745.550      756.990      767.720      776.990      776.990
   115:      776.990      777.000      777.000      777.000      777.000
   120:      777.000      777.000      778.290      778.290      781.000
   125:      782.000      782.000      786.990      787.000      790.880
   130:      790.880      790.880      790.890      790.890      790.890
   135:      790.890      790.890      790.890      794.890      795.890
   140:      795.890      800.880      800.890      803.260      803.260
   145:      803.260      803.270      803.270      803.270      803.270
   150:      803.270      803.270      807.270      808.270      808.270
   155:      809.440      809.440      811.650      813.260      813.270
   160:      836.080      838.520      840.730      940.330      940.330
   165:      940.330      940.340      940.340      940.340      940.340
   170:      940.340      940.340      940.720      940.720      942.810
   175:      942.810      944.340      945.340      945.340      950.330
   180:      950.340      990.620      990.660      991.090      998.860
   185:      999.400     1237.390     1237.390     1237.390     1237.400
   190:     1237.400     1237.400     1237.400     1237.400     1237.400
   195:     1241.400     1242.400     1242.400     1247.390     1247.400
   200:     1268.660     1307.370     1307.370     1307.370     1307.380
   205:     1307.380     1307.380     1307.380     1307.380     1307.380
   210:     1311.380     1312.380     1312.380     1317.370     1317.380
   215:     1356.860     1358.590     1364.200     1364.380     1365.800
   220:     1370.410     1725.920     1725.920     1725.920     1725.930
   225:     1725.930     1725.930     1725.930     1725.930     1725.930
   230:     1729.930     1730.930     1730.930     1735.920     1735.930
   235:     1795.580     1796.510     1797.070     1797.570     1797.660
   240:     1797.740     1798.720     1799.820     1830.350     1830.730
   245:     1890.450     1890.450     1890.450     1890.460     1890.460
   250:     1890.460     1890.460     1890.460     1890.460     1894.460
   255:     1895.460     1895.460     1900.450     1900.460     1901.920
   260:     1901.920     1901.920     1901.930     1901.930     1901.930
   265:     1901.930     1901.930     1901.930     1905.930     1906.930
   270:     1906.930     1911.920     1911.930     2145.410     2145.410
   275:     2145.410     2145.420     2145.420     2145.420     2145.420
   280:     2145.420     2145.420     2145.980     2145.980     2147.290
   285:     2147.290     2149.420     2150.420     2150.420     2155.320
   290:     2155.320     2155.410     2155.420     2158.790     2158.790
   295:     2158.790     2158.800     2158.800     2158.800     2158.800
   300:     2158.800     2158.800     2162.800     2163.800     2163.800
   305:     2168.790     2168.800     2171.910     2171.910     2171.910
   310:     2171.920     2171.920     2171.920     2171.920     2171.920
   315:     2171.920     2175.920     2176.920     2176.920     2181.910
   320:     2181.920     2195.040     2195.040     2195.040     2195.050
   325:     2195.050     2195.050     2195.050     2195.050     2195.050
   330:     2199.050     2200.050     2200.050     2205.040     2205.050
   335:     2207.900     2207.930     2208.030     2212.250     2213.060
   340:     2252.520     2252.720     2253.400     2401.240     2401.240
   345:     2401.240     2401.250     2401.250     2401.250     2401.250
   350:     2401.250     2401.250     2405.250     2406.250     2406.250
   355:     2411.240     2411.250     2445.970     2445.970     2445.970
   360:     2445.980     2445.980     2445.980     2445.980     2445.980
   365:     2445.980     2448.190     2448.190     2449.980     2450.980
   370:     2450.980     2455.950     2455.950     2455.970     2455.980
   375:     2490.330     2490.330     2490.330     2490.340     2490.340
   380:     2490.340     2490.340     2490.340     2490.340     2494.340
   385:     2495.340     2495.340     2500.330     2500.340     2531.420
   390:     2531.810     2532.110     2532.190     2532.440     2537.890
   395:     2539.520     2540.010     2540.050     2540.130     2540.260
   400:     2544.060     2544.290     2551.450     2552.040     2552.480
   405:     2552.520     2554.470     2895.660     2895.660     2895.660
   410:     2895.670     2895.670     2895.670     2895.670     2895.670
   415:     2895.670     2899.670     2900.670     2900.670     2905.660
   420:     2905.670     2909.100     2915.520     3716.240     3717.820
   425:     3719.180     3720.900     4007.060     4007.060     4007.060
   430:     4007.070     4007.070     4007.070     4007.070     4007.070
   435:     4007.070     4011.070     4012.070     4012.070     4017.060
   440:     4017.070     4162.920     4163.940     4167.320     4186.460
   445:     4186.460     4186.460     4186.470     4186.470     4186.470
   450:     4186.470     4186.470     4186.470     4187.090     4187.090
   455:     4190.470     4191.470     4191.470     4196.460     4196.470
   460:     4233.510     4239.570     4239.570     4239.570     4239.580
   465:     4239.580     4239.580     4239.580     4239.580     4239.580
   470:     4243.580     4244.580     4244.580     4249.570     4249.580
   475:     4291.190     4291.190     4291.190     4291.200     4291.200
   480:     4291.200     4291.200     4291.200     4291.200     4295.200
   485:     4296.200     4296.200     4301.190     4301.200     4308.050
   490:     4308.050     4308.050     4308.060     4308.060     4308.060
   495:     4308.060     4308.060     4308.060     4312.060     4313.060
   500:     4313.060     4318.050     4318.060     4362.210     4364.790
   505:     4404.990     4404.990     4404.990     4405.000     4405.000
   510:     4405.000     4405.000     4405.000     4405.000     4407.590
   515:     4407.590     4409.000     4410.000     4410.000     4413.860
   520:     4414.990     4415.000     4415.980     4421.100     4421.100
   525:     4421.100     4421.110     4421.110     4421.110     4421.110
   530:     4421.110     4421.110     4423.870     4423.870     4425.110
   535:     4426.110     4426.110     4431.100     4431.110     4435.670
   540:     4435.670     4435.670     4435.680     4435.680     4435.680
   545:     4435.680     4435.680     4435.680     4435.870     4435.870
   550:     4439.680     4440.680     4440.680     4445.670     4445.680
   555:     4474.520     4475.420     4488.470     4492.440     4492.540
   560:     4494.100     4518.020     4518.020     4518.020     4518.030
   565:     4518.030     4518.030     4518.030     4518.030     4518.030
   570:     4522.030     4522.500     4522.500     4523.030     4523.030
   575:     4527.010     4527.010     4528.020     4528.030     4581.710
   580:     4581.710     4581.710     4581.720     4581.720     4581.720
   585:     4581.720     4581.720     4581.720     4585.720     4586.720
   590:     4586.720     4588.970     4588.970     4591.710     4591.720
   595:     4623.440     4623.440     4623.440     4623.450     4623.450
   600:     4623.450     4623.450     4623.450     4623.450     4627.450
   605:     4628.450     4628.450     4633.440     4633.450     4659.830
   610:     4659.830     4659.830     4659.840     4659.840     4659.840
   615:     4659.840     4659.840     4659.840     4663.840     4664.840
   620:     4664.840     4669.830     4669.840     4677.520     4677.630
   625:     4677.700     4678.990     4789.620     4894.430     4894.430
   630:     4894.430     4894.440     4894.440     4894.440     4894.440
   635:     4894.440     4894.440     4896.440     4896.440     4898.440
   640:     4899.440     4899.440     4904.430     4904.440     4920.130
   645:     4941.250     4941.250     4941.250     4941.260     4941.260
   650:     4941.260     4941.260     4941.260     4941.260     4942.380
   655:     4942.380     4944.260     4944.260     4945.260     4946.260
   660:     4946.260     4947.830     4947.830     4951.250     4951.260
   665:     4998.070     4998.070     4998.070     4998.080     4998.080
   670:     4998.080     4998.080     4998.080     4998.080     4999.390
   675:     4999.390     5001.150     5001.150     5002.080     5003.080
   680:     5003.080     5003.080     5003.260     5003.330     5005.720
   685:     5008.070     5008.080     5083.420     5118.340     5118.340
   690:     5118.340     5118.350     5118.350     5118.350     5118.350
   695:     5118.350     5118.350     5122.350     5123.350     5123.350
   700:     5128.340     5128.350     5130.080     5130.080     5130.080
   705:     5130.090     5130.090     5130.090     5130.090     5130.090
   710:     5130.090     5134.090     5135.090     5135.090     5137.640
   715:     5137.640     5140.080     5140.090     5157.040     5158.510
   720:     5161.580     5167.500     5167.500     5167.500     5167.510
   725:     5167.510     5167.510     5167.510     5167.510     5167.510
   730:     5171.510     5172.510     5172.510     5177.500     5177.510
   735:     5214.200     5214.200     5214.200     5214.210     5214.210
   740:     5214.210     5214.210     5214.210     5214.210     5218.210
   745:     5219.210     5219.210     5224.200     5224.210     5285.780
   750:     5329.850     5329.850     5329.850     5329.860     5329.860
   755:     5329.860     5329.860     5329.860     5329.860     5333.860
   760:     5333.870     5333.870     5334.860     5334.860     5338.590
   765:     5338.810     5339.230     5339.850     5339.860     5362.750
   770:     5362.750     5362.750     5362.760     5362.760     5362.760
   775:     5362.760     5362.760     5362.760     5364.780     5364.780
   780:     5366.000     5366.000     5366.760     5367.760     5367.760
   785:     5372.750     5372.760     5406.030     5406.120     5479.090
   790:     5479.090     5479.090     5479.100     5479.100     5479.100
   795:     5479.100     5479.100     5479.100     5483.100     5484.100
   800:     5484.100     5489.090     5489.100     5497.460     5548.160
   805:     5548.160     5548.160     5548.170     5548.170     5548.170
   810:     5548.170     5548.170     5548.170     5552.170     5553.170
   815:     5553.170     5553.960     5553.960     5558.160     5558.170
   820:     5596.960     5596.960     5596.960     5596.970     5596.970
   825:     5596.970     5596.970     5596.970     5596.970     5600.970
   830:     5601.970     5601.970     5606.960     5606.970     5630.810
   835:     5630.990     5631.090     5640.310     5640.760     5641.450
   840:     5660.260     5660.840     5660.930     5766.490     5766.490
   845:     5766.490     5766.500     5766.500     5766.500     5766.500
   850:     5766.500     5766.500     5768.490     5768.490     5770.500
   855:     5770.700     5770.760     5771.450     5771.500     5771.500
   860:     5772.330     5776.490     5776.500     5800.600     5913.770
   865:     5913.770     5913.770     5913.780     5913.780     5913.780
   870:     5913.780     5913.780     5913.780     5917.780     5918.560
   875:     5918.560     5918.780     5918.780     5923.770     5923.780
   880:     5933.030     5942.410     5942.410     5942.410     5942.420
   885:     5942.420     5942.420     5942.420     5942.420     5942.420
   890:     5946.420     5946.630     5946.630     5947.420     5947.420
   895:     5948.600     5948.600     5952.410     5952.420     6080.040
   900:     6093.950     6095.960     6115.910     6115.910     6115.910
   905:     6115.920     6115.920     6115.920     6115.920     6115.920
   910:     6115.920     6119.920     6120.920     6120.920     6125.910
   915:     6125.920     6199.800     6199.800     6199.800     6199.810
   920:     6199.810     6199.810     6199.810     6199.810     6199.810
   925:     6200.760     6200.760     6202.010     6202.010     6203.240
   930:     6203.240     6203.810     6204.810     6204.810     6205.740
   935:     6205.740     6209.800     6209.810     6334.480     6335.570
   940:     6335.610     6355.290     6355.290     6355.290     6355.300
   945:     6355.300     6355.300     6355.300     6355.300     6355.300
   950:     6359.300     6360.300     6360.300     6365.290     6365.300
   955:     6416.400     6419.420     6419.480     6419.600     6422.120
   960:     6471.070     6471.070     6471.070     6471.080     6471.080
   965:     6471.080     6471.080     6471.080     6471.080     6475.080
   970:     6476.080     6476.080     6481.070     6481.080     6603.530
   975:     6603.530     6603.530     6603.540     6603.540     6603.540
   980:     6603.540     6603.540     6603.540     6607.290     6607.540
   985:     6608.540     6608.540     6613.530     6613.540     6641.540
   990:     6641.540     6641.540     6641.550     6641.550     6641.550
   995:     6641.550     6641.550     6641.550     6641.830     6641.830
  1000:     6645.550     6646.550     6646.550     6651.540     6651.550
  1005:     6654.710     6654.710     6654.710     6654.720     6654.720
  1010:     6654.720     6654.720     6654.720     6654.720     6658.720
  1015:     6659.720     6659.720     6664.710     6664.720     6674.240
  1020:     6684.570     6684.570     6684.570     6684.580     6684.580
  1025:     6684.580     6684.580     6684.580     6684.580     6688.580
  1030:     6689.580     6689.580     6694.570     6694.580     6711.760
  1035:     6711.760     6711.760     6711.770     6711.770     6711.770
  1040:     6711.770     6711.770     6711.770     6715.770     6716.770
  1045:     6716.770     6721.760     6721.770     6726.290     6726.350
  1050:     6726.420     6727.470     6803.640     6841.330     6841.330
  1055:     6841.330     6841.340     6841.340     6841.340     6841.340
  1060:     6841.340     6841.340     6845.340     6846.340     6846.340
  1065:     6851.330     6851.340     6855.010     6855.010     6855.010
  1070:     6855.020     6855.020     6855.020     6855.020     6855.020
  1075:     6855.020     6859.020     6860.020     6860.020     6860.340
  1080:     6860.340     6860.930     6860.930     6863.980     6865.010
  1085:     6865.020     6866.780     6957.790     6957.790     6957.790
  1090:     6957.800     6957.800     6957.800     6957.800     6957.800
  1095:     6957.800     6961.800     6962.800     6962.800     6967.790
  1100:     6967.800     6980.060     6980.060     6980.060     6980.070
  1105:     6980.070     6980.070     6980.070     6980.070     6980.070
  1110:     6984.070     6985.070     6985.070     6990.060     6990.070
  1115:     7034.090     7034.090     7034.090     7034.100     7034.100
  1120:     7034.100     7034.100     7034.100     7034.100     7036.810
  1125:     7036.810     7038.100     7039.100     7039.100     7041.020
  1130:     7041.060     7044.060     7044.090     7044.100     7118.480
  1135:     7118.480     7118.480     7118.490     7118.490     7118.490
  1140:     7118.490     7118.490     7118.490     7122.240     7122.240
  1145:     7122.490     7123.490     7123.490     7128.480     7128.490
  1150:     7131.710     7190.760     7191.720     7249.050     7252.290
  1155:     7252.570     7253.740     7285.090     7285.090     7285.090
  1160:     7285.100     7285.100     7285.100     7285.100     7285.100
  1165:     7285.100     7289.100     7290.100     7290.100     7295.090
  1170:     7295.100     7310.770     7310.770     7310.770     7310.780
  1175:     7310.780     7310.780     7310.780     7310.780     7310.780
  1180:     7314.780     7315.780     7315.780     7320.770     7320.780
  1185:     7321.750     7321.750     7321.750     7321.760     7321.760
  1190:     7321.760     7321.760     7321.760     7321.760     7325.760
  1195:     7326.760     7326.760     7331.750     7331.760     7332.450
  1200:     7332.450     7332.450     7332.460     7332.460     7332.460
  1205:     7332.460     7332.460     7332.460     7336.460     7337.460
  1210:     7337.460     7342.450     7342.460     7350.250     7350.860
  1215:     7350.930     7351.000     7351.100     7389.860     7389.860
  1220:     7389.860     7389.870     7389.870     7389.870     7389.870
  1225:     7389.870     7389.870     7393.870     7394.870     7394.870
  1230:     7396.210     7396.370     7396.700     7397.260     7399.860
  1235:     7399.870     7412.300     7412.300     7412.300     7412.310
  1240:     7412.310     7412.310     7412.310     7412.310     7412.310
  1245:     7416.310     7417.310     7417.310     7422.300     7422.310
  1250:     7442.060     7442.060     7442.060     7442.070     7442.070
  1255:     7442.070     7442.070     7442.070     7442.070     7446.070
  1260:     7447.070     7447.070     7452.060     7452.070     7452.090
  1265:     7452.090     7452.090     7452.100     7452.100     7452.100
  1270:     7452.100     7452.100     7452.100     7456.100     7457.100
  1275:     7457.100     7462.090     7462.100     7505.980     7507.330
  1280:     7507.530     7507.650     7601.470     7601.710     7602.160
  1285:     7602.330     7602.960     7603.110     7603.260     7611.160
  1290:     7611.160     7611.160     7611.170     7611.170     7611.170
  1295:     7611.170     7611.170     7611.170     7614.330     7614.330
  1300:     7615.170     7615.820     7615.820     7616.170     7616.170
  1305:     7619.280     7619.690     7621.160     7621.170     7664.880
  1310:     7664.880     7664.880     7664.890     7664.890     7664.890
  1315:     7664.890     7664.890     7664.890     7668.890     7669.890
  1320:     7669.890     7674.880     7674.890     7724.640     7724.640
  1325:     7724.640     7724.650     7724.650     7724.650     7724.650
  1330:     7724.650     7724.650     7727.820     7727.870     7728.000
  1335:     7728.170     7728.650     7729.650     7729.650     7734.640
  1340:     7734.650     7772.270     7800.750     7800.750     7800.750
  1345:     7800.760     7800.760     7800.760     7800.760     7800.760
  1350:     7800.760     7804.760     7805.760     7805.760     7806.800
  1355:     7806.800     7807.800     7807.800     7807.950     7807.950
  1360:     7810.750     7810.760     7852.760     7853.270     7865.780
  1365:     7900.650     7900.650     7900.650     7900.660     7900.660
  1370:     7900.660     7900.660     7900.660     7900.660     7904.660
  1375:     7904.760     7904.760     7905.660     7905.660     7910.640
  1380:     7910.640     7910.650     7910.660     7911.730     7911.730
  1385:     7911.730     7911.740     7911.740     7911.740     7911.740
  1390:     7911.740     7911.740     7915.740     7916.070     7916.740
  1395:     7916.740     7918.460     7918.460     7919.940     7919.940
  1400:     7921.730     7921.740     7923.660     7999.120     7999.120
  1405:     7999.120     7999.130     7999.130     7999.130     7999.130
  1410:     7999.130     7999.130     8003.130     8004.130     8004.130
  1415:     8009.120     8009.130     8025.240     8029.870     8074.710
  1420:     8074.710     8074.710     8074.720     8074.720     8074.720
  1425:     8074.720     8074.720     8074.720     8078.720     8079.720
  1430:     8079.720     8084.710     8084.720     8111.320     8114.580
  1435:     8123.270     8219.600     8219.600     8219.600     8219.610
  1440:     8219.610     8219.610     8219.610     8219.610     8219.610
  1445:     8223.610     8224.610     8224.610     8226.800     8226.800
  1450:     8229.600     8229.610     8244.010     8271.490     8315.850
  1455:     8317.290     8318.690     8338.160     8338.160     8338.160
  1460:     8338.170     8338.170     8338.170     8338.170     8338.170
  1465:     8338.170     8342.170     8343.170     8343.170     8348.160
  1470:     8348.170     8354.070     8365.620     8365.620     8365.620
  1475:     8365.630     8365.630     8365.630     8365.630     8365.630
  1480:     8365.630     8369.630     8370.630     8370.630     8375.620
  1485:     8375.630     8478.880     8478.880     8478.880     8478.890
  1490:     8478.890     8478.890     8478.890     8478.890     8478.890
  1495:     8478.950     8478.950     8482.890     8483.890     8483.890
  1500:     8488.880     8488.890     8551.690     8551.690     8551.690
  1505:     8551.700     8551.700     8551.700     8551.700     8551.700
  1510:     8551.700     8555.700     8556.700     8556.700     8561.690
  1515:     8561.700     8573.560     8573.700     8574.290     8646.740
  1520:     8649.590     8650.540     8651.620     8652.390     8652.430
  1525:     8654.570     8654.960     8660.750     8660.750     8660.750
  1530:     8660.760     8660.760     8660.760     8660.760     8660.760
  1535:     8660.760     8663.450     8664.030     8664.100     8664.760
  1540:     8665.760     8665.760     8670.750     8670.760     8718.360
  1545:     8718.360     8718.360     8718.370     8718.370     8718.370
  1550:     8718.370     8718.370     8718.370     8722.370     8723.370
  1555:     8723.370     8728.360     8728.370     8728.660     8729.040
  1560:     8796.380     8808.770     8808.770     8808.770     8808.780
  1565:     8808.780     8808.780     8808.780     8808.780     8808.780
  1570:     8812.780     8813.780     8813.780     8818.770     8818.780
  1575:     8872.330     8899.240     8904.830     8904.830     8904.830
  1580:     8904.840     8904.840     8904.840     8904.840     8904.840
  1585:     8904.840     8908.840     8909.840     8909.840     8914.830
  1590:     8914.840     8916.700     8916.700     8916.700     8916.710
  1595:     8916.710     8916.710     8916.710     8916.710     8916.710
  1600:     8916.920     8916.920     8920.710     8921.710     8921.710
  1605:     8926.700     8926.710     8955.470     8968.440     8968.570
  1610:     8968.620     8969.560     8969.700     8970.580     8971.080
  1615:     9002.640     9002.750     9037.440     9058.690     9072.140
  1620:     9072.310     9091.700     9091.700     9091.700     9091.710
  1625:     9091.710     9091.710     9091.710     9091.710     9091.710
  1630:     9095.710     9096.710     9096.710     9101.700     9101.710
  1635:     9109.210     9109.210     9109.210     9109.220     9109.220
  1640:     9109.220     9109.220     9109.220     9109.220     9113.220
  1645:     9114.220     9114.220     9119.210     9119.220     9120.240
  1650:     9181.330     9218.120     9218.710     9244.170     9244.170
  1655:     9244.170     9244.180     9244.180     9244.180     9244.180
  1660:     9244.180     9244.180     9248.180     9249.180     9249.180
  1665:     9254.170     9254.180     9332.440     9332.440     9332.440
  1670:     9332.450     9332.450     9332.450     9332.450     9332.450
  1675:     9332.450     9335.980     9336.450     9337.450     9337.450
  1680:     9340.260     9341.020     9342.440     9342.450     9356.800
  1685:     9356.800     9356.800     9356.810     9356.810     9356.810
  1690:     9356.810     9356.810     9356.810     9360.810     9361.810
  1695:     9361.810     9366.800     9366.810     9397.010     9397.010
  1700:     9397.010     9397.020     9397.020     9397.020     9397.020
  1705:     9397.020     9397.020     9401.020     9402.020     9402.020
  1710:     9407.010     9407.020     9475.040     9475.040     9475.040
  1715:     9475.050     9475.050     9475.050     9475.050     9475.050
  1720:     9475.050     9479.050     9480.050     9480.050     9485.040
  1725:     9485.050     9489.860     9490.660     9498.750     9498.750
  1730:     9498.750     9498.760     9498.760     9498.760     9498.760
  1735:     9498.760     9498.760     9502.760     9503.760     9503.760
  1740:     9508.750     9508.760     9550.900     9550.900     9550.900
  1745:     9550.910     9550.910     9550.910     9550.910     9550.910
  1750:     9550.910     9554.910     9555.910     9555.910     9560.900
  1755:     9560.910     9649.540     9649.540     9649.540     9649.550
  1760:     9649.550     9649.550     9649.550     9649.550     9649.550
  1765:     9653.550     9654.550     9654.550     9659.540     9659.550
  1770:     9671.110     9734.880     9739.990     9739.990     9739.990
  1775:     9740.000     9740.000     9740.000     9740.000     9740.000
  1780:     9740.000     9744.000     9745.000     9745.000     9749.990
  1785:     9750.000     9789.630     9789.630     9789.630     9789.640
  1790:     9789.640     9789.640     9789.640     9789.640     9789.640
  1795:     9793.640     9794.640     9794.640     9799.630     9799.640
  1800:     9810.410     9810.410     9810.410     9810.420     9810.420
  1805:     9810.420     9810.420     9810.420     9810.420     9810.810
  1810:     9810.810     9814.420     9815.420     9815.420     9820.410
  1815:     9820.420     9829.240     9829.240     9829.240     9829.250
  1820:     9829.250     9829.250     9829.250     9829.250     9829.250
  1825:     9833.250     9834.250     9834.250     9839.240     9839.250
  1830:     9844.520     9845.150     9852.630     9852.670     9933.200
  1835:     9933.200     9933.200     9933.210     9933.210     9933.210
  1840:     9933.210     9933.210     9933.210     9937.210     9938.210
  1845:     9938.210     9943.200     9943.210    10002.480    10002.480
  1850:    10002.480    10002.490    10002.490    10002.490    10002.490
  1855:    10002.490    10002.490    10006.490    10007.490    10007.490
  1860:    10012.480    10012.490    10024.020    10024.020    10024.020
  1865:    10024.030    10024.030    10024.030    10024.030    10024.030
  1870:    10024.030    10028.030    10029.030    10029.030    10034.020
  1875:    10034.030    10040.760    10040.760    10040.760    10040.770
  1880:    10040.770    10040.770    10040.770    10040.770    10040.770
  1885:    10044.770    10045.770    10045.770    10050.760    10050.770
  1890:    10099.710    10131.890    10131.940    10296.370    10298.580
  1895:    10299.030    10299.200    10313.030    10432.960    10432.960
  1900:    10432.960    10432.970    10432.970    10432.970    10432.970
  1905:    10432.970    10432.970    10436.970    10437.970    10437.970
  1910:    10442.960    10442.970    10500.380    10500.650    10501.810
  1915:    10571.210    10633.070    10633.230    10699.130    10699.130
  1920:    10699.130    10699.140    10699.140    10699.140    10699.140
  1925:    10699.140    10699.140    10703.140    10704.140    10704.140
  1930:    10709.130    10709.140    10749.300    10749.300    10749.300
  1935:    10749.310    10749.310    10749.310    10749.310    10749.310
  1940:    10749.310    10751.690    10751.690    10753.310    10754.310
  1945:    10754.310    10759.300    10759.310    10800.010
