File: C:\MED-PC\Data\2025-03-12_12h37m_Subject 89.txt


Start Date: 03/12/25
End Date: 03/12/25
Subject: 89
Experiment: OralFentSA
Group: One
Box: 5
Start Time: 12:37:55
End Time: 15:38:18
MSN: 20241014_Golden_Liq_SelfAdmin
F:       0.000
G:     401.000
H:   10800.000
I:       0.000
J:       0.000
K:       0.000
L:       0.000
M:       0.000
N:       0.000
O:       0.000
P:       0.000
Q:       0.000
R:       0.000
S:       0.000
U:       0.000
V:       0.000
W:       0.000
X:       0.000
Y:       0.000
Z:       0.000
A:
     0:        0.000        0.000      180.000        4.000        0.000
     5:        5.000        0.000        5.000        0.000        0.000
    10:        1.000        0.000       10.000  3000000.000       19.000
    15:        8.000      640.000        0.000        0.000        0.000
    20:        0.000
B:
     0:        0.000        0.000        0.000      400.000        0.000
     5:      500.000        0.000      500.000        0.000        0.000
    10:        0.000        0.000     1000.000 300000000.000        0.000
    15:        0.000        0.000        0.000        0.000        0.000
    20:        0.000
C:
     0:       16.000       17.000        2.000       21.000      161.000
     5:     9307.550       91.260       16.000     1034.970       64.686
    10:       21.000        2.000        0.000        0.000        0.000
    15:        0.000        0.000        0.000        0.000        0.000
    20:        0.000
D:
     0:        4.690        5.960        1.620       58.270      806.290
     5:       11.920        3.560        3.930        4.080        0.690
    10:       33.360        1.310        3.100        1.840        3.090
    15:       91.260
E:
     0:       19.000       11.000       26.000       27.000        2.000
     5:        4.000       22.000       24.000       12.000       13.000
    10:        8.000        5.000       17.000       21.000       22.000
    15:       18.000        6.000       14.000       10.000       19.000
    20:       11.000        6.000        6.000        1.000        6.000
    25:        6.000        2.000        4.000       22.000       24.000
    30:       12.000       13.000        8.000        5.000       17.000
    35:       18.000       14.000       10.000        6.000        6.000
    40:       19.000       11.000        2.000        4.000       22.000
    45:       24.000       12.000       13.000        8.000        5.000
    50:       17.000       21.000       22.000        6.000       18.000
    55:       14.000       10.000       19.000       11.000        6.000
    60:        2.000        4.000       22.000       24.000       12.000
    65:       13.000        8.000        5.000       17.000       18.000
    70:       14.000       10.000       19.000       11.000        6.000
    75:        6.000        6.000        6.000        6.000        6.000
    80:        6.000        6.000        6.000        6.000        6.000
    85:        6.000        6.000        6.000        6.000        6.000
    90:        6.000        6.000        6.000        2.000        4.000
    95:       22.000       24.000       12.000       13.000        8.000
   100:        5.000       17.000       18.000       14.000       10.000
   105:       19.000       11.000        6.000        6.000        6.000
   110:        1.000        6.000        6.000        6.000        6.000
   115:        6.000        6.000        2.000        4.000       22.000
   120:       24.000       12.000       13.000        8.000        5.000
   125:       17.000       18.000       14.000       10.000       19.000
   130:       11.000        6.000        6.000        6.000        6.000
   135:        6.000        6.000        6.000        6.000        6.000
   140:        6.000        6.000        6.000        6.000        6.000
   145:        2.000        4.000       22.000       24.000       12.000
   150:       13.000        8.000        5.000       17.000        6.000
   155:       18.000       14.000       10.000       19.000       11.000
   160:        6.000        6.000        6.000        6.000        6.000
   165:        6.000        6.000        6.000        6.000        6.000
   170:        6.000        2.000        4.000       22.000       24.000
   175:       12.000       13.000        8.000        5.000       17.000
   180:        6.000       18.000       14.000       10.000       19.000
   185:       11.000        6.000        2.000        4.000       22.000
   190:       24.000       12.000       13.000        8.000        5.000
   195:       17.000       18.000        6.000       14.000       10.000
   200:       19.000       11.000        6.000        6.000        6.000
   205:        6.000        6.000        6.000        6.000        6.000
   210:        6.000        6.000        6.000        2.000        4.000
   215:       22.000       24.000       12.000       13.000        8.000
   220:        5.000       17.000        6.000        6.000       18.000
   225:       14.000       10.000       19.000       11.000        6.000
   230:        6.000        6.000        6.000        6.000        6.000
   235:        6.000        6.000        6.000        6.000        6.000
   240:        2.000        4.000       22.000       24.000       12.000
   245:       13.000        8.000        5.000       17.000       18.000
   250:       14.000       10.000       19.000       11.000        6.000
   255:        6.000        6.000        6.000        6.000        6.000
   260:        6.000        6.000        6.000        6.000        6.000
   265:        6.000        6.000        6.000        6.000        6.000
   270:        6.000        6.000        6.000        6.000        6.000
   275:        6.000        6.000        6.000        6.000        6.000
   280:        6.000        6.000        6.000        6.000        6.000
   285:        6.000        2.000        4.000       22.000       24.000
   290:       12.000       13.000        8.000        5.000       17.000
   295:        6.000       18.000       14.000       10.000       19.000
   300:       11.000        6.000        6.000        6.000        6.000
   305:        2.000        4.000       22.000       24.000       12.000
   310:       13.000        8.000        5.000       17.000       21.000
   315:       22.000        6.000        6.000       18.000       14.000
   320:       10.000       19.000       11.000        6.000        2.000
   325:        4.000       22.000       24.000       12.000       13.000
   330:        8.000        5.000       17.000        6.000       18.000
   335:       14.000       10.000        6.000       19.000       11.000
   340:        6.000        2.000        4.000       22.000       24.000
   345:       12.000       13.000        8.000        5.000       17.000
   350:       21.000       22.000       21.000       22.000        6.000
   355:       18.000       14.000       10.000       19.000       11.000
   360:        6.000        6.000        6.000        6.000        6.000
   365:        2.000        4.000       22.000       24.000       12.000
   370:       13.000        8.000        5.000       17.000       18.000
   375:       14.000       10.000       19.000       11.000        6.000
   380:        6.000        6.000        6.000        6.000        6.000
   385:        6.000        6.000        6.000        6.000        6.000
   390:        6.000        6.000        6.000        6.000        6.000
   395:        6.000        6.000        6.000        6.000        6.000
   400:        6.000      100.000
T:
     0:        0.000        0.000        0.000        0.000       14.150
     5:       14.150       14.150       14.160       14.160       14.160
    10:       14.160       14.160       14.160       14.860       14.860
    15:       18.160       18.850       19.160       19.160       24.150
    20:       24.160       67.180      106.480      111.140      142.410
    25:      142.590      148.420      148.420      148.420      148.430
    30:      148.430      148.430      148.430      148.430      148.430
    35:      152.430      153.430      153.430      154.390      154.880
    40:      158.420      158.430      172.030      172.030      172.030
    45:      172.040      172.040      172.040      172.040      172.040
    50:      172.040      172.640      172.640      173.660      176.040
    55:      177.040      177.040      182.030      182.040      190.090
    60:      260.850      260.850      260.850      260.860      260.860
    65:      260.860      260.860      260.860      260.860      264.860
    70:      265.860      265.860      270.850      270.860      319.130
    75:      321.710      395.050      435.280      459.040      579.390
    80:      605.690      606.090      614.870      615.390      616.690
    85:      616.820      616.900      777.380      777.540      795.200
    90:      795.540      799.580      799.660      817.220      817.220
    95:      817.220      817.230      817.230      817.230      817.230
   100:      817.230      817.230      821.230      822.230      822.230
   105:      827.220      827.230     1623.520     1630.740     1675.570
   110:     1692.000     1696.060     1822.200     1882.410     1884.530
   115:     1968.820     2034.440     2343.340     2343.340     2343.340
   120:     2343.350     2343.350     2343.350     2343.350     2343.350
   125:     2343.350     2347.350     2348.350     2348.350     2353.340
   130:     2353.350     2355.270     2501.890     2502.160     2502.440
   135:     2535.950     2635.820     2650.830     2662.780     2668.970
   140:     2705.270     3274.610     3278.320     3283.960     3371.960
   145:     3375.790     3375.790     3375.790     3375.800     3375.800
   150:     3375.800     3375.800     3375.800     3375.800     3379.360
   155:     3379.800     3380.800     3380.800     3385.790     3385.800
   160:     3386.050     3408.030     3499.330     3987.860     4039.040
   165:     4083.390     4105.780     4541.860     4576.670     4596.280
   170:     4638.130     4641.600     4641.600     4641.600     4641.610
   175:     4641.610     4641.610     4641.610     4641.610     4641.610
   180:     4645.540     4645.610     4646.610     4646.610     4651.600
   185:     4651.610     4656.100     4657.930     4657.930     4657.930
   190:     4657.940     4657.940     4657.940     4657.940     4657.940
   195:     4657.940     4661.940     4662.020     4662.940     4662.940
   200:     4667.930     4667.940     4683.380     5203.120     5213.660
   205:     5213.960     5219.020     5219.540     5219.830     5283.700
   210:     5344.850     5442.200     5447.110     5500.910     5500.910
   215:     5500.910     5500.920     5500.920     5500.920     5500.920
   220:     5500.920     5500.920     5501.610     5501.730     5504.920
   225:     5505.920     5505.920     5510.910     5510.920     6038.320
   230:     6338.160     6341.210     6347.430     6414.380     6465.610
   235:     6487.270     7181.590     7187.260     7234.060     7391.190
   240:     7393.520     7393.520     7393.520     7393.530     7393.530
   245:     7393.530     7393.530     7393.530     7393.530     7397.530
   250:     7398.530     7398.530     7403.520     7403.530     7426.890
   255:     7589.980     7590.270     7983.230     8007.560     8547.900
   260:     8575.930     8581.250     8662.840     8728.580     8730.860
   265:     8803.500     8804.920     8808.700     8810.150     8811.930
   270:     8826.990     8827.590     8831.410     8837.330     8842.040
   275:     8842.120     8843.160     8905.370     8905.600     8925.210
   280:     8925.450     8925.620     8925.850     8994.550     9006.960
   285:     9007.070     9015.060     9015.060     9015.060     9015.070
   290:     9015.070     9015.070     9015.070     9015.070     9015.070
   295:     9016.380     9019.070     9020.070     9020.070     9025.060
   300:     9025.070     9033.950     9041.700     9100.160     9117.810
   305:     9137.720     9137.720     9137.720     9137.730     9137.730
   310:     9137.730     9137.730     9137.730     9137.730     9137.980
   315:     9137.980     9140.830     9141.030     9141.730     9142.730
   320:     9142.730     9147.720     9147.730     9160.390     9196.120
   325:     9196.120     9196.120     9196.130     9196.130     9196.130
   330:     9196.130     9196.130     9196.130     9197.970     9200.130
   335:     9201.130     9201.130     9204.760     9206.120     9206.130
   340:     9207.060     9209.910     9209.910     9209.910     9209.920
   345:     9209.920     9209.920     9209.920     9209.920     9209.920
   350:     9210.810     9210.810     9212.200     9212.200     9213.010
   355:     9213.920     9214.920     9214.920     9219.910     9219.920
   360:     9246.780     9257.690     9257.850     9259.010     9305.790
   365:     9307.540     9307.540     9307.540     9307.550     9307.550
   370:     9307.550     9307.550     9307.550     9307.550     9311.550
   375:     9312.550     9312.550     9317.540     9317.550     9398.810
   380:     9429.610     9429.880     9431.280     9803.110     9822.150
   385:     9864.730     9864.780    10129.930    10187.330    10187.460
   390:    10194.720    10207.880    10240.290    10258.690    10260.630
   395:    10298.670    10322.980    10327.900    10449.290    10449.640
   400:    10457.780    10800.000
