File: C:\MED-PC\Data\2025-03-20_13h39m_Subject 92.txt


Start Date: 03/20/25
End Date: 03/20/25
Subject: 92
Experiment: OralFentSA
Group: One
Box: 9
Start Time: 13:39:24
End Time: 16:39:56
MSN: 20241014_Golden_Liq_SelfAdmin
F:       0.000
G:    1136.000
H:   10800.000
I:       0.000
J:       0.000
K:       0.000
L:       0.000
M:       0.000
N:       0.000
O:       0.000
P:       0.000
Q:       0.000
R:       0.000
S:       0.000
U:       0.000
V:       0.000
W:       0.000
X:       0.000
Y:       0.000
Z:       0.000
A:
     0:        0.000        0.000      180.000        4.000        0.000
     5:        5.000        0.000        5.000        0.000        0.000
    10:        1.000        0.000       10.000  3000000.000       16.000
    15:       14.000      640.000        0.000        0.000        0.000
    20:        0.000
B:
     0:        0.000        0.000        0.000      400.000        0.000
     5:      500.000        0.000      500.000        0.000        0.000
    10:        0.000        0.000     1000.000 300000000.000        0.000
    15:        0.000        0.000        0.000        0.000        0.000
    20:        0.000
C:
     0:       38.000       38.000       11.000       58.000      551.000
     5:    10793.320        4.140       32.000     1012.730       31.648
    10:       58.000       11.000        0.000        0.000        0.000
    15:        0.000        0.000        0.000        0.000        0.000
    20:        0.000
D:
     0:       26.120       11.430       63.890       30.630       33.180
     5:      130.410        2.700      123.780        1.460        9.200
    10:       12.420       34.340        1.720        4.900      139.060
    15:       56.950       43.500       20.470        6.200        9.350
    20:        5.200        7.840        1.030       22.760       36.620
    25:        0.780        0.910       48.320        0.780      104.320
    30:       18.320        4.140
E:
     0:       19.000       11.000       26.000       27.000        1.000
     5:        1.000        6.000        6.000        6.000        2.000
    10:        4.000       22.000       24.000       12.000       13.000
    15:        8.000        5.000       17.000       18.000       14.000
    20:       10.000       19.000       11.000        6.000        6.000
    25:        6.000        2.000        4.000       22.000       24.000
    30:       12.000       13.000        8.000        5.000       17.000
    35:       18.000       14.000       10.000       19.000       11.000
    40:        6.000        2.000        4.000       22.000       24.000
    45:       12.000       13.000        8.000        5.000       17.000
    50:       18.000       14.000       10.000       19.000       11.000
    55:        2.000        4.000       22.000       24.000       12.000
    60:       13.000        8.000        5.000       17.000       21.000
    65:       22.000       18.000       14.000       10.000       19.000
    70:       11.000        6.000        6.000        6.000        6.000
    75:        2.000        4.000       22.000       24.000       12.000
    80:       13.000        8.000        5.000       17.000       18.000
    85:       14.000       10.000       19.000       11.000        6.000
    90:        2.000        4.000       22.000       24.000       12.000
    95:       13.000        8.000        5.000       17.000       18.000
   100:       14.000       10.000       19.000       11.000        6.000
   105:        6.000        6.000        2.000        4.000       22.000
   110:       24.000       12.000       13.000        8.000        5.000
   115:       17.000       18.000       14.000       10.000       19.000
   120:       11.000        1.000        6.000        6.000        6.000
   125:        2.000        4.000       22.000       24.000       12.000
   130:       13.000        8.000        5.000       17.000        6.000
   135:       18.000       14.000       10.000       19.000       11.000
   140:        6.000        6.000        6.000        6.000        2.000
   145:        4.000       22.000       24.000       12.000       13.000
   150:        8.000        5.000       17.000       18.000       14.000
   155:       10.000       19.000       11.000        2.000        4.000
   160:       22.000       24.000       12.000       13.000        8.000
   165:        5.000       17.000       18.000       14.000       10.000
   170:       19.000       11.000        1.000        1.000        6.000
   175:        6.000        6.000        6.000        6.000        6.000
   180:        6.000        6.000        6.000        6.000        6.000
   185:        6.000        6.000        6.000        6.000        6.000
   190:        6.000        6.000        6.000        2.000        4.000
   195:       22.000       24.000       12.000       13.000        8.000
   200:        5.000       17.000        6.000       18.000       14.000
   205:       10.000       21.000       22.000       21.000       22.000
   210:       21.000       22.000       21.000       22.000       19.000
   215:       11.000        6.000        6.000        2.000        4.000
   220:       22.000       24.000       12.000       13.000        8.000
   225:        5.000       17.000       18.000       14.000       10.000
   230:        6.000       19.000       11.000        6.000        6.000
   235:        6.000        6.000        6.000        6.000        6.000
   240:        6.000        6.000        6.000        6.000        6.000
   245:        6.000        6.000        6.000        6.000        6.000
   250:        6.000        6.000        6.000        6.000        6.000
   255:        6.000        6.000        6.000        6.000        6.000
   260:        6.000        6.000        6.000        6.000        6.000
   265:        6.000        6.000        6.000        6.000        6.000
   270:        6.000        6.000        2.000        4.000       22.000
   275:       24.000       12.000       13.000        8.000        5.000
   280:       17.000       21.000       22.000       18.000       14.000
   285:       10.000       19.000       11.000        6.000        6.000
   290:        6.000        6.000        6.000        6.000        6.000
   295:        6.000        6.000        6.000        6.000        6.000
   300:        6.000        6.000        6.000        6.000        6.000
   305:        6.000        6.000        6.000        6.000        6.000
   310:        2.000        4.000       22.000       24.000       12.000
   315:       13.000        8.000        5.000       17.000       18.000
   320:       14.000       10.000       19.000       11.000        1.000
   325:        1.000        6.000        6.000        6.000        6.000
   330:        6.000        6.000        6.000        6.000        6.000
   335:        6.000        2.000        4.000       22.000       24.000
   340:       12.000       13.000        8.000        5.000       17.000
   345:       21.000       22.000        6.000        6.000       18.000
   350:       14.000       10.000        6.000       19.000       11.000
   355:        6.000        2.000        4.000       22.000       24.000
   360:       12.000       13.000        8.000        5.000       17.000
   365:       18.000       14.000       10.000       19.000       11.000
   370:        2.000        4.000       22.000       24.000       12.000
   375:       13.000        8.000        5.000       17.000       18.000
   380:        6.000       14.000       10.000       19.000       11.000
   385:        6.000        6.000        6.000        6.000        6.000
   390:        6.000        2.000        4.000       22.000       24.000
   395:       12.000       13.000        8.000        5.000       17.000
   400:       21.000       22.000       18.000       14.000       10.000
   405:       19.000       11.000        6.000        6.000        6.000
   410:        6.000        6.000        2.000        4.000       22.000
   415:       24.000       12.000       13.000        8.000        5.000
   420:       17.000       18.000       14.000       10.000       19.000
   425:       11.000        6.000        6.000        2.000        4.000
   430:       22.000       24.000       12.000       13.000        8.000
   435:        5.000       17.000       18.000       14.000       10.000
   440:       19.000       11.000        6.000        6.000        6.000
   445:        6.000        6.000        6.000        6.000        6.000
   450:        6.000        6.000        6.000        6.000        6.000
   455:        6.000        6.000        6.000        6.000        6.000
   460:        6.000        6.000        6.000        2.000        4.000
   465:       22.000       24.000       12.000       13.000        8.000
   470:        5.000       17.000       18.000       14.000       10.000
   475:       19.000       11.000        6.000        6.000        6.000
   480:        6.000        6.000        6.000        6.000        6.000
   485:        6.000        6.000        6.000        6.000        6.000
   490:        2.000        4.000       22.000       24.000       12.000
   495:       13.000        8.000        5.000       17.000       18.000
   500:       14.000       10.000        6.000        6.000       21.000
   505:       22.000       21.000       22.000       19.000       11.000
   510:        2.000        4.000       22.000       24.000       12.000
   515:       13.000        8.000        5.000       17.000       18.000
   520:       14.000       10.000        6.000        6.000       19.000
   525:       11.000        6.000        6.000        6.000        6.000
   530:        6.000        6.000        6.000        6.000        6.000
   535:        6.000        6.000        6.000        6.000        6.000
   540:        6.000        6.000        6.000        6.000        2.000
   545:        4.000       22.000       24.000       12.000       13.000
   550:        8.000        5.000       17.000       18.000       14.000
   555:       10.000        6.000       19.000       11.000        2.000
   560:        4.000       22.000       24.000       12.000       13.000
   565:        8.000        5.000       17.000       18.000       21.000
   570:       22.000       14.000       10.000        6.000       19.000
   575:       11.000        2.000        4.000       22.000       24.000
   580:       12.000       13.000        8.000        5.000       17.000
   585:        6.000        6.000        6.000       21.000       22.000
   590:       18.000       14.000       10.000       21.000       22.000
   595:       21.000       22.000       21.000       22.000       19.000
   600:       11.000        6.000        6.000        2.000        4.000
   605:       22.000       24.000       12.000       13.000        8.000
   610:        5.000       17.000       21.000       22.000       21.000
   615:       22.000       18.000       14.000       10.000       19.000
   620:       11.000        1.000        2.000        4.000       22.000
   625:       24.000       12.000       13.000        8.000        5.000
   630:       17.000       18.000       14.000       10.000       19.000
   635:       11.000        6.000        6.000        6.000        1.000
   640:        6.000        6.000        6.000        6.000        6.000
   645:        6.000        6.000        6.000        6.000        2.000
   650:        4.000       22.000       24.000       12.000       13.000
   655:        8.000        5.000       17.000       18.000       14.000
   660:       10.000       19.000       11.000        6.000        6.000
   665:        6.000        6.000        6.000        6.000        6.000
   670:        6.000        6.000        6.000        6.000        6.000
   675:        6.000        6.000        6.000        6.000        6.000
   680:        6.000        6.000        6.000        6.000        6.000
   685:        6.000        6.000        6.000        6.000        6.000
   690:        6.000        6.000        6.000        6.000        6.000
   695:        6.000        6.000        6.000        6.000        6.000
   700:        6.000        6.000        6.000        6.000        6.000
   705:        6.000        6.000        6.000        6.000        6.000
   710:        6.000        6.000        6.000        6.000        6.000
   715:        6.000        6.000        6.000        6.000        6.000
   720:        6.000        6.000        6.000        6.000        6.000
   725:        6.000        6.000        6.000        6.000        6.000
   730:        6.000        6.000        6.000        6.000        6.000
   735:        6.000        6.000        6.000        6.000        6.000
   740:        6.000        6.000        6.000        6.000        6.000
   745:        6.000        6.000        6.000        6.000        6.000
   750:        6.000        6.000        6.000        6.000        6.000
   755:        6.000        6.000        6.000        6.000        2.000
   760:        4.000       22.000       24.000       12.000       13.000
   765:        8.000        5.000       17.000        6.000        6.000
   770:       21.000       22.000       18.000       14.000       10.000
   775:       19.000       11.000        6.000        6.000        6.000
   780:        6.000        6.000        6.000        6.000        6.000
   785:        6.000        2.000        4.000       22.000       24.000
   790:       12.000       13.000        8.000        5.000       17.000
   795:        6.000       18.000       14.000       10.000       19.000
   800:       11.000        6.000        6.000        6.000        6.000
   805:        6.000        6.000        6.000        6.000        6.000
   810:        6.000        6.000        2.000        4.000       22.000
   815:       24.000       12.000       13.000        8.000        5.000
   820:       17.000       18.000       14.000       10.000       19.000
   825:       11.000        6.000        6.000        6.000        6.000
   830:        6.000        6.000        6.000        6.000        6.000
   835:        6.000        6.000        6.000        6.000        6.000
   840:        6.000        6.000        6.000        6.000        6.000
   845:        6.000        6.000        6.000        6.000        6.000
   850:        6.000        6.000        6.000        6.000        6.000
   855:        6.000        6.000        6.000        6.000        6.000
   860:        6.000        6.000        6.000        6.000        6.000
   865:        6.000        6.000        6.000        6.000        6.000
   870:        6.000        6.000        6.000        6.000        6.000
   875:        6.000        6.000        6.000        6.000        6.000
   880:        6.000        6.000        6.000        6.000        6.000
   885:        6.000        6.000        6.000        6.000        2.000
   890:        4.000       22.000       24.000       12.000       13.000
   895:        8.000        5.000       17.000        6.000       18.000
   900:       14.000       10.000       19.000       11.000        6.000
   905:        6.000        6.000        6.000        6.000        6.000
   910:        6.000        6.000        6.000        6.000        6.000
   915:        6.000        6.000        6.000        6.000        6.000
   920:        6.000        6.000        6.000        6.000        6.000
   925:        6.000        6.000        6.000        6.000        6.000
   930:        6.000        6.000        6.000        6.000        6.000
   935:        6.000        6.000        6.000        6.000        6.000
   940:        6.000        6.000        6.000        6.000        6.000
   945:        6.000        6.000        6.000        6.000        6.000
   950:        6.000        6.000        6.000        6.000        6.000
   955:        6.000        6.000        6.000        6.000        6.000
   960:        6.000        6.000        6.000        6.000        6.000
   965:        6.000        6.000        6.000        6.000        6.000
   970:        6.000        6.000        6.000        6.000        6.000
   975:        6.000        6.000        6.000        6.000        6.000
   980:        6.000        6.000        6.000        6.000        6.000
   985:        6.000        6.000        6.000        6.000        6.000
   990:        2.000        4.000       22.000       24.000       12.000
   995:       13.000        8.000        5.000       17.000       18.000
  1000:       14.000       10.000       19.000       11.000        6.000
  1005:        6.000        6.000        6.000        6.000        6.000
  1010:        6.000        6.000        6.000        6.000        6.000
  1015:        6.000        2.000        4.000       22.000       24.000
  1020:       12.000       13.000        8.000        5.000       17.000
  1025:       18.000       14.000       10.000       19.000       11.000
  1030:        6.000        6.000        6.000        1.000        6.000
  1035:        6.000        6.000        6.000        6.000        6.000
  1040:        6.000        6.000        6.000        6.000        6.000
  1045:        6.000        6.000        6.000        2.000        4.000
  1050:       22.000       24.000       12.000       13.000        8.000
  1055:        5.000       17.000       18.000       14.000       10.000
  1060:       19.000       11.000        1.000        2.000        4.000
  1065:       22.000       24.000       12.000       13.000        8.000
  1070:        5.000       17.000       18.000        6.000       14.000
  1075:       10.000       21.000       22.000       19.000       11.000
  1080:        6.000        6.000        6.000        6.000        6.000
  1085:        6.000        6.000        6.000        6.000        6.000
  1090:        6.000        6.000        6.000        6.000        6.000
  1095:        6.000        6.000        6.000        6.000        6.000
  1100:        6.000        6.000        6.000        6.000        6.000
  1105:        6.000        6.000        6.000        6.000        6.000
  1110:        6.000        6.000        6.000        6.000        6.000
  1115:        6.000        6.000        6.000        6.000        6.000
  1120:        6.000        6.000        2.000        4.000       22.000
  1125:       24.000       12.000       13.000        8.000        5.000
  1130:       17.000       21.000       22.000       18.000       14.000
  1135:       10.000      100.000
T:
     0:        0.000        0.000        0.000        0.000        1.060
     5:       34.440       81.080       81.850       82.730      104.560
    10:      104.560      104.560      104.570      104.570      104.570
    15:      104.570      104.570      104.570      108.570      109.570
    20:      109.570      114.560      114.570      130.690      133.660
    25:      165.570      214.940      214.940      214.940      214.950
    30:      214.950      214.950      214.950      214.950      214.950
    35:      218.950      219.950      219.950      224.940      224.950
    40:      226.380      255.840      255.840      255.840      255.850
    45:      255.850      255.850      255.850      255.850      255.850
    50:      259.850      260.850      260.850      265.840      265.850
    55:      267.410      267.410      267.410      267.420      267.420
    60:      267.420      267.420      267.420      267.420      267.580
    65:      267.580      271.420      272.420      272.420      277.410
    70:      277.420      331.310      332.730      380.860      383.500
    75:      408.390      408.390      408.390      408.400      408.400
    80:      408.400      408.400      408.400      408.400      412.400
    85:      413.400      413.400      418.390      418.400      439.030
    90:      451.530      451.530      451.530      451.540      451.540
    95:      451.540      451.540      451.540      451.540      455.540
   100:      456.540      456.540      461.530      461.540      484.720
   105:      484.940      485.250      503.720      503.720      503.720
   110:      503.730      503.730      503.730      503.730      503.730
   115:      503.730      507.730      508.730      508.730      513.720
   120:      513.730      525.940      634.140      636.660      637.930
   125:      656.030      656.030      656.030      656.040      656.040
   130:      656.040      656.040      656.040      656.040      658.740
   135:      660.040      661.040      661.040      666.030      666.040
   140:      688.020      688.200      688.330      723.690      750.670
   145:      750.670      750.670      750.680      750.680      750.680
   150:      750.680      750.680      750.680      754.680      755.680
   155:      755.680      760.670      760.680      760.910      760.910
   160:      760.910      760.920      760.920      760.920      760.920
   165:      760.920      760.920      764.920      765.920      765.920
   170:      770.910      770.920      786.970      868.410      884.700
   175:      886.100      886.170      886.250      886.380      886.740
   180:      887.400      887.470     1087.010     1087.280     1087.500
   185:     1106.130     1135.440     1136.520     1136.830     1257.360
   190:     1257.470     1260.250     1260.400     1263.230     1263.230
   195:     1263.230     1263.240     1263.240     1263.240     1263.240
   200:     1263.240     1263.240     1264.700     1267.240     1268.240
   205:     1268.240     1268.650     1268.650     1269.670     1269.670
   210:     1269.760     1269.760     1271.030     1271.030     1273.230
   215:     1273.240     1319.650     1320.490     1329.150     1329.150
   220:     1329.150     1329.160     1329.160     1329.160     1329.160
   225:     1329.160     1329.160     1333.160     1334.160     1334.160
   230:     1338.360     1339.150     1339.160     1339.930     1342.430
   235:     1344.050     1344.610     1344.940     1345.050     1345.080
   240:     1345.110     1345.240     1345.310     1347.120     1347.940
   245:     1348.770     1349.130     1349.230     1349.300     1349.340
   250:     1349.650     1349.720     1350.030     1350.460     1354.440
   255:     1356.400     1356.420     1356.530     1360.410     1363.860
   260:     1533.050     1802.770     1803.370     1803.840     1822.520
   265:     1834.050     1887.170     1905.500     1920.750     1936.180
   270:     1936.570     1937.100     1941.520     1941.520     1941.520
   275:     1941.530     1941.530     1941.530     1941.530     1941.530
   280:     1941.530     1943.180     1943.180     1945.530     1946.530
   285:     1946.530     1951.520     1951.530     1953.950     1955.590
   290:     1956.990     1957.660     1958.010     1959.130     1960.110
   295:     1960.600     1961.450     1962.960     1964.020     2009.830
   300:     2062.480     2070.110     2098.110     2292.050     2369.330
   305:     2435.900     2447.280     2463.900     2478.700     2484.010
   310:     2488.330     2488.330     2488.330     2488.340     2488.340
   315:     2488.340     2488.340     2488.340     2488.340     2492.340
   320:     2493.340     2493.340     2498.330     2498.340     2506.350
   325:     2507.010     2522.680     2558.960     2559.130     2567.470
   330:     2567.710     2691.570     2735.290     2739.790     2739.810
   335:     2739.860     2749.750     2749.750     2749.750     2749.760
   340:     2749.760     2749.760     2749.760     2749.760     2749.760
   345:     2750.590     2750.590     2751.480     2751.610     2753.760
   350:     2754.760     2754.760     2759.180     2759.750     2759.760
   355:     2760.650     2788.040     2788.040     2788.040     2788.050
   360:     2788.050     2788.050     2788.050     2788.050     2788.050
   365:     2792.050     2793.050     2793.050     2798.040     2798.050
   370:     2810.570     2810.570     2810.570     2810.580     2810.580
   375:     2810.580     2810.580     2810.580     2810.580     2814.580
   380:     2815.480     2815.580     2815.580     2820.570     2820.580
   385:     2880.430     2911.390     2918.240     2918.420     2919.340
   390:     2919.450     2920.810     2920.810     2920.810     2920.820
   395:     2920.820     2920.820     2920.820     2920.820     2920.820
   400:     2921.410     2921.410     2924.820     2925.820     2925.820
   405:     2930.810     2930.820     3059.880     3060.360     3083.630
   410:     3084.250     3084.990     3087.540     3087.540     3087.540
   415:     3087.550     3087.550     3087.550     3087.550     3087.550
   420:     3087.550     3091.550     3092.550     3092.550     3097.540
   425:     3097.550     3144.500     3163.210     3167.890     3167.890
   430:     3167.890     3167.900     3167.900     3167.900     3167.900
   435:     3167.900     3167.900     3171.900     3172.900     3172.900
   440:     3177.890     3177.900     3211.400     3211.610     3212.600
   445:     3212.900     3213.680     3215.890     3216.600     3217.110
   450:     3219.290     3249.470     3249.870     3255.570     3256.050
   455:     3262.660     3262.750     3284.190     3284.440     3285.990
   460:     3286.230     3304.370     3304.520     3310.720     3310.720
   465:     3310.720     3310.730     3310.730     3310.730     3310.730
   470:     3310.730     3310.730     3314.730     3315.730     3315.730
   475:     3320.720     3320.730     3331.200     3355.190     3357.080
   480:     3357.110     3357.150     3357.170     3359.030     3359.210
   485:     3654.530     3660.740     3671.620     3671.890     3699.610
   490:     3713.500     3713.500     3713.500     3713.510     3713.510
   495:     3713.510     3713.510     3713.510     3713.510     3717.510
   500:     3718.510     3718.510     3719.710     3720.200     3722.440
   505:     3722.440     3722.970     3722.970     3723.500     3723.510
   510:     3726.350     3726.350     3726.350     3726.360     3726.360
   515:     3726.360     3726.360     3726.360     3726.360     3730.360
   520:     3731.360     3731.360     3735.710     3736.180     3736.350
   525:     3736.360     3736.400     3755.130     3755.180     3756.340
   530:     3756.760     3855.340     3866.890     3904.900     4127.200
   535:     4152.170     4152.880     4153.510     4170.200     4170.500
   540:     4171.570     4177.440     4177.600     4238.010     4247.680
   545:     4247.680     4247.680     4247.690     4247.690     4247.690
   550:     4247.690     4247.690     4247.690     4251.690     4252.690
   555:     4252.690     4252.890     4257.680     4257.690     4267.950
   560:     4267.950     4267.950     4267.960     4267.960     4267.960
   565:     4267.960     4267.960     4267.960     4271.960     4272.590
   570:     4272.590     4272.960     4272.960     4275.800     4277.950
   575:     4277.960     4279.610     4279.610     4279.610     4279.620
   580:     4279.620     4279.620     4279.620     4279.620     4279.620
   585:     4280.650     4280.880     4281.170     4282.740     4282.740
   590:     4283.620     4284.620     4284.620     4285.610     4285.610
   595:     4287.330     4287.330     4288.910     4288.910     4289.610
   600:     4289.620     4290.730     4291.760     4293.590     4293.590
   605:     4293.590     4293.600     4293.600     4293.600     4293.600
   610:     4293.600     4293.600     4294.970     4294.970     4297.020
   615:     4297.020     4297.600     4298.600     4298.600     4303.590
   620:     4303.600     4381.280     4387.600     4387.600     4387.600
   625:     4387.610     4387.610     4387.610     4387.610     4387.610
   630:     4387.610     4391.610     4392.610     4392.610     4397.600
   635:     4397.610     4410.370     4444.890     4445.480     4473.390
   640:     4534.330     4534.450     4568.620     4568.860     4569.380
   645:     4570.730     4588.590     4613.230     4633.420     4635.830
   650:     4635.830     4635.830     4635.840     4635.840     4635.840
   655:     4635.840     4635.840     4635.840     4639.840     4640.840
   660:     4640.840     4645.830     4645.840     4672.460     4672.690
   665:     4691.110     4692.260     4692.670     4693.110     4693.170
   670:     4695.680     4695.720     4699.640     4700.600     4700.850
   675:     4700.900     4702.500     4703.610     4705.400     4707.100
   680:     4708.560     4711.880     4716.640     4717.350     4718.690
   685:     4738.890     4765.860     4769.140     4770.750     4776.780
   690:     4777.580     4779.320     4780.730     4782.540     4782.950
   695:     4784.830     4785.750     4785.930     4786.560     4787.330
   700:     4787.530     4788.660     4789.190     4789.950     4790.280
   705:     4793.570     4804.170     4807.130     4807.240     4807.380
   710:     4808.080     4808.180     4811.530     4811.600     4812.090
   715:     5048.660     5049.720     5062.960     5075.330     5097.080
   720:     5100.380     5110.510     5110.880     5111.480     5112.060
   725:     5112.170     5112.420     5115.250     5115.670     5115.860
   730:     5275.750     5275.870     5278.960     5284.310     5362.790
   735:     5363.970     5371.250     5395.290     5400.710     5476.990
   740:     5486.150     5592.330     5858.560     5890.000     5891.300
   745:     5902.700     5965.210     6082.390     6102.070     6203.080
   750:     6203.190     6465.790     6466.130     6480.500     6481.870
   755:     6482.020     6482.170     6482.200     6482.280     6487.080
   760:     6487.080     6487.080     6487.090     6487.090     6487.090
   765:     6487.090     6487.090     6487.090     6487.870     6488.250
   770:     6489.070     6489.070     6491.090     6492.090     6492.090
   775:     6497.080     6497.090     6531.920     6562.010     6562.240
   780:     6562.470     6563.010     6599.050     6599.540     6641.990
   785:     6643.570     6647.670     6647.670     6647.670     6647.680
   790:     6647.680     6647.680     6647.680     6647.680     6647.680
   795:     6648.590     6651.680     6652.680     6652.680     6657.670
   800:     6657.680     6697.290     6787.260     6800.140     6800.800
   805:     7037.120     7057.840     7057.980     7103.990     7222.610
   810:     7233.970     7238.800     7243.010     7243.010     7243.010
   815:     7243.020     7243.020     7243.020     7243.020     7243.020
   820:     7243.020     7247.020     7248.020     7248.020     7253.010
   825:     7253.020     7291.340     7310.840     7429.250     7429.410
   830:     7472.930     7473.800     7493.710     7493.940     7609.640
   835:     7609.910     7609.940     7610.050     7654.040     7655.560
   840:     7670.240     7699.320     7699.500     7699.780     7726.160
   845:     7757.220     7757.480     7757.500     7795.340     7811.270
   850:     7823.170     7824.160     7825.310     7836.670     7843.170
   855:     7843.630     7844.250     7845.580     7852.950     7863.730
   860:     7863.840     7866.080     7895.570     7896.650     7896.870
   865:     7901.450     7901.940     7902.040     7902.550     7902.640
   870:     7903.300     7903.380     7903.590     7903.760     7904.280
   875:     7904.460     7910.380     7917.430     7929.070     7929.690
   880:     7929.850     7930.760     7930.970     7931.020     7931.060
   885:     7931.360     7931.430     7937.150     7937.470     7942.890
   890:     7942.890     7942.890     7942.900     7942.900     7942.900
   895:     7942.900     7942.900     7942.900     7943.680     7946.900
   900:     7947.900     7947.900     7952.890     7952.900     7957.140
   905:     7957.550     7968.020     7968.690     8038.940     8039.090
   910:     8039.390     8042.580     8044.990     8143.960     8144.490
   915:     8158.470     8159.250     8195.710     8196.170     8206.310
   920:     8288.480     8293.140     8307.500     8322.450     8412.520
   925:     8413.040     8460.930     8479.230     8629.560     8646.260
   930:     8646.330     8694.150     8766.570     8860.470     8950.730
   935:     9051.770     9052.010     9144.780     9261.040     9267.450
   940:     9274.290     9275.900     9276.300     9276.400     9276.850
   945:     9279.030     9279.110     9279.160     9279.820     9279.910
   950:     9280.040     9280.120     9280.680     9280.900     9280.980
   955:     9318.650     9330.440     9330.730     9331.170     9331.300
   960:     9339.400     9340.380     9341.670     9347.960     9364.630
   965:     9365.220     9365.470     9371.150     9375.710     9376.370
   970:     9376.530     9376.660     9376.830     9377.220     9382.080
   975:     9403.180     9404.250     9407.890     9408.660     9408.740
   980:     9410.290     9537.570     9537.970     9538.260     9547.080
   985:     9580.880     9587.310     9587.610     9589.030     9598.410
   990:     9602.810     9602.810     9602.810     9602.820     9602.820
   995:     9602.820     9602.820     9602.820     9602.820     9606.820
  1000:     9607.820     9607.820     9612.810     9612.820     9707.140
  1005:     9717.170     9717.530     9763.930     9816.000     9863.050
  1010:     9863.430     9930.350     9930.950    10008.630    10018.100
  1015:    10055.330    10062.970    10062.970    10062.970    10062.980
  1020:    10062.980    10062.980    10062.980    10062.980    10062.980
  1025:    10066.980    10067.980    10067.980    10072.970    10072.980
  1030:    10081.300    10081.530    10129.000    10136.750    10140.990
  1035:    10153.830    10154.470    10154.790    10154.990    10155.400
  1040:    10155.740    10155.860    10191.450    10207.740    10215.060
  1045:    10226.620    10266.360    10308.320    10317.650    10317.650
  1050:    10317.650    10317.660    10317.660    10317.660    10317.660
  1055:    10317.660    10317.660    10321.660    10322.660    10322.660
  1060:    10327.650    10327.660    10339.470    10353.650    10353.650
  1065:    10353.650    10353.660    10353.660    10353.660    10353.660
  1070:    10353.660    10353.660    10357.660    10357.800    10358.660
  1075:    10358.660    10360.490    10360.490    10363.650    10363.660
  1080:    10373.410    10385.240    10485.790    10485.980    10486.330
  1085:    10487.150    10497.000    10501.960    10521.750    10526.750
  1090:    10536.590    10537.080    10552.690    10597.440    10611.210
  1095:    10624.950    10644.870    10645.010    10664.510    10695.370
  1100:    10696.360    10722.630    10727.810    10728.530    10728.770
  1105:    10731.130    10731.450    10743.840    10754.530    10770.650
  1110:    10775.780    10776.010    10776.190    10779.440    10780.570
  1115:    10780.690    10780.940    10787.100    10787.740    10787.890
  1120:    10788.290    10789.560    10793.310    10793.310    10793.310
  1125:    10793.320    10793.320    10793.320    10793.320    10793.320
  1130:    10793.320    10794.880    10794.880    10797.320    10798.320
  1135:    10798.320    10800.000
