File: C:\MED-PC IV\DATA\!2025-03-03_09h44m.Subject 60



Start Date: 03/03/25
End Date: 03/03/25
Subject: 60
Experiment: OralFentSA
Group: One
Box: 4
Start Time:  9:44:58
End Time: 12:45:19
MSN: Golden_Liq_SelfAdmin_EXT
F:       0.000
G:    1272.000
H:   10800.010
I:       0.000
J:       0.000
K:       0.000
L:       0.000
M:       0.000
N:       0.000
O:       0.000
P:       0.000
Q:       0.000
R:       0.000
S:       0.000
U:       0.000
V:       0.000
W:       0.000
X:       0.000
Y:       0.000
Z:       0.000
A:
     0:        0.000        0.000      180.000        4.000        0.000
     5:        5.000        0.000        5.000        0.000        0.000
    10:        1.000        0.000       10.000 100000000.00       21.000
    15:       16.000      640.000        0.000        0.000        0.000
    20:        0.000
B:
     0:        0.000        0.000        0.000        0.000        0.000
     5:        0.000        0.000        0.000        0.000        0.000
    10:        0.000        0.000     1000.000 10000000000.        0.000
    15:        0.000        0.000        0.000        0.000        0.000
    20:        0.000
C:
     0:        0.000       62.000        0.000      145.000      695.000
     5:    10709.120        2.180       35.000     1055.720       30.163
    10:      145.000       39.000        0.000        0.000        0.000
    15:        0.000        0.000        0.000        0.000        0.000
    20:        0.000
D:
     0:        2.380       70.110       86.740        2.800       52.720
     5:        7.290        5.200       24.600        4.730        2.890
    10:        1.930        8.690        5.380        0.840        4.640
    15:        6.310        2.260        2.720        0.930       25.780
    20:      362.370       60.980        1.550        7.160        1.610
    25:        3.070        4.350       25.020        2.720       16.160
    30:       59.690        6.250       85.180       98.490        2.180
E:
     0:       19.000       11.000       26.000       27.000        6.000
     5:        6.000        6.000        2.000        4.000       22.000
    10:       24.000        6.000       19.000       11.000        2.000
    15:        4.000       22.000       24.000       19.000       11.000
    20:       23.000       23.000       23.000        6.000        6.000
    25:        6.000        6.000        6.000        6.000        6.000
    30:        6.000        6.000        6.000        2.000        4.000
    35:       22.000       24.000       21.000       22.000       21.000
    40:       22.000       21.000       22.000       21.000       22.000
    45:       21.000       22.000       21.000       22.000       19.000
    50:       11.000        6.000        2.000        4.000       22.000
    55:       24.000        6.000       21.000       22.000       21.000
    60:       22.000       19.000       11.000        6.000        6.000
    65:        6.000        6.000        6.000        6.000        6.000
    70:        6.000        6.000        6.000        6.000        6.000
    75:        6.000        6.000        6.000        6.000        2.000
    80:        4.000       22.000       24.000       19.000       11.000
    85:       23.000       23.000       23.000        2.000        4.000
    90:       22.000       24.000       19.000       11.000        6.000
    95:        6.000        6.000        6.000        2.000        4.000
   100:       22.000       24.000       21.000       22.000        6.000
   105:        6.000       19.000       11.000        6.000        6.000
   110:        6.000        2.000        4.000       22.000       24.000
   115:       21.000       22.000       21.000       22.000       21.000
   120:       22.000       21.000       22.000       21.000       22.000
   125:       19.000       11.000       23.000       23.000       23.000
   130:       23.000       23.000        2.000        4.000       22.000
   135:       24.000       21.000       22.000       21.000       22.000
   140:       21.000       22.000       19.000       11.000        2.000
   145:        4.000       22.000       24.000       21.000       22.000
   150:       21.000       22.000       21.000       22.000       19.000
   155:       11.000        2.000        4.000       22.000       24.000
   160:        6.000       21.000       22.000       19.000       11.000
   165:        2.000        4.000       22.000       24.000       21.000
   170:       22.000       21.000       22.000       19.000       11.000
   175:        6.000        6.000        6.000        6.000        6.000
   180:        6.000        6.000        6.000        6.000        6.000
   185:        6.000        6.000        6.000        6.000        6.000
   190:        6.000        6.000        6.000        6.000        6.000
   195:        6.000        6.000        6.000        6.000        6.000
   200:        6.000        6.000        6.000        6.000        6.000
   205:        6.000        6.000        6.000        6.000        2.000
   210:        4.000       22.000       24.000        6.000        6.000
   215:        6.000        6.000       19.000       11.000        6.000
   220:        6.000        6.000        6.000        6.000        6.000
   225:        6.000       23.000        6.000        6.000        6.000
   230:        6.000        6.000        6.000        6.000        2.000
   235:        4.000       22.000       24.000       21.000       22.000
   240:        6.000        6.000        6.000       21.000       22.000
   245:       19.000       11.000        2.000        4.000       22.000
   250:       24.000       21.000       22.000       21.000       22.000
   255:       21.000       22.000       19.000       11.000        2.000
   260:        4.000       22.000       24.000       21.000       22.000
   265:       19.000       11.000        2.000        4.000       22.000
   270:       24.000        6.000        6.000        6.000        6.000
   275:       21.000       22.000       21.000       22.000       21.000
   280:       22.000       19.000       11.000       23.000       23.000
   285:        2.000        4.000       22.000       24.000       19.000
   290:       11.000        2.000        4.000       22.000       24.000
   295:        6.000        6.000       19.000       11.000        6.000
   300:        6.000        6.000        6.000        6.000        6.000
   305:        6.000        6.000        6.000        6.000        6.000
   310:        6.000        6.000        6.000        6.000        6.000
   315:        6.000        6.000        6.000        6.000        6.000
   320:        6.000        6.000        6.000        6.000        6.000
   325:        6.000        6.000        6.000        6.000        6.000
   330:        6.000        6.000        6.000        6.000        6.000
   335:        6.000        6.000       23.000        6.000        6.000
   340:        6.000        2.000        4.000       22.000       24.000
   345:       19.000       11.000        2.000        4.000       22.000
   350:       24.000       21.000       22.000       21.000       22.000
   355:       21.000       22.000       19.000       11.000        2.000
   360:        4.000       22.000       24.000       21.000       22.000
   365:        6.000       21.000       22.000       19.000       11.000
   370:        6.000        6.000        6.000        2.000        4.000
   375:       22.000       24.000        6.000        6.000        6.000
   380:        6.000        6.000        6.000        6.000        6.000
   385:        6.000        6.000        6.000        6.000        6.000
   390:        6.000        6.000        6.000        6.000        6.000
   395:        6.000        6.000        6.000        6.000        6.000
   400:       19.000       11.000        6.000        6.000       23.000
   405:       23.000        2.000        4.000       22.000       24.000
   410:       21.000       22.000        6.000        6.000        6.000
   415:        6.000        6.000        6.000        6.000        6.000
   420:        6.000       19.000       11.000        6.000        6.000
   425:        6.000        6.000        6.000        6.000        6.000
   430:        6.000        6.000        6.000        6.000        6.000
   435:        6.000        6.000        6.000        6.000        2.000
   440:        4.000       22.000       24.000       21.000       22.000
   445:        6.000        6.000       19.000       11.000        6.000
   450:       23.000       23.000       23.000       23.000       23.000
   455:        6.000        6.000        6.000        2.000        4.000
   460:       22.000       24.000        6.000        6.000       19.000
   465:       11.000        2.000        4.000       22.000       24.000
   470:        6.000        6.000        6.000        6.000        6.000
   475:        6.000        6.000        6.000       19.000       11.000
   480:        6.000        6.000        6.000        6.000        6.000
   485:        6.000        6.000        6.000        6.000        6.000
   490:        6.000        6.000        6.000       23.000       23.000
   495:        6.000        2.000        4.000       22.000       24.000
   500:       19.000       11.000        2.000        4.000       22.000
   505:       24.000        6.000        6.000       21.000       22.000
   510:        6.000        6.000        6.000        6.000        6.000
   515:        6.000        6.000        6.000        6.000        6.000
   520:        6.000        6.000        6.000       19.000       11.000
   525:        6.000        6.000        6.000        6.000        6.000
   530:        6.000        6.000        6.000        6.000        6.000
   535:        6.000        6.000        6.000        6.000        6.000
   540:        6.000        6.000        6.000        6.000        6.000
   545:        6.000        6.000        6.000        6.000        6.000
   550:        6.000        6.000        6.000        6.000       23.000
   555:       23.000       23.000        2.000        4.000       22.000
   560:       24.000       19.000       11.000        6.000        6.000
   565:        6.000        6.000        6.000        6.000        2.000
   570:        4.000       22.000       24.000       19.000       11.000
   575:        6.000        6.000        6.000        6.000        6.000
   580:        6.000        6.000        6.000        6.000        6.000
   585:        6.000        6.000        6.000        6.000        6.000
   590:        6.000        6.000        6.000        6.000        6.000
   595:        6.000        6.000        6.000        6.000        6.000
   600:        6.000        6.000        6.000        6.000        6.000
   605:        6.000        6.000        6.000        6.000        6.000
   610:        6.000        6.000        6.000        6.000        6.000
   615:        6.000        6.000        6.000        6.000        6.000
   620:        6.000        6.000        6.000        6.000        6.000
   625:        6.000        6.000        6.000        6.000        6.000
   630:        6.000        6.000        6.000        6.000        6.000
   635:        6.000        6.000        6.000        6.000        6.000
   640:        6.000        6.000        6.000        6.000        6.000
   645:        6.000        6.000        6.000        6.000        6.000
   650:        6.000        6.000        6.000        6.000        6.000
   655:        6.000        6.000        6.000        6.000        6.000
   660:        6.000        6.000        6.000        6.000        6.000
   665:        6.000        6.000        6.000        6.000        6.000
   670:        6.000        6.000        6.000        6.000        6.000
   675:        6.000        6.000        6.000        6.000        6.000
   680:        6.000        6.000        6.000        6.000        6.000
   685:        6.000        6.000        6.000        6.000        6.000
   690:        6.000        6.000        6.000        6.000        6.000
   695:        6.000        6.000        6.000        6.000        6.000
   700:        6.000        6.000        6.000        6.000        6.000
   705:        6.000        6.000        6.000        6.000        6.000
   710:        6.000        6.000        6.000        6.000        6.000
   715:        6.000        6.000        6.000        6.000        6.000
   720:        6.000        6.000        6.000        6.000        6.000
   725:        6.000        6.000        6.000        6.000        6.000
   730:        6.000        6.000        6.000        6.000        6.000
   735:        6.000        6.000        6.000        6.000        6.000
   740:        6.000        6.000        6.000        6.000        6.000
   745:        6.000        6.000        6.000        6.000        6.000
   750:        6.000        6.000        6.000        6.000        6.000
   755:        6.000        6.000        6.000        6.000        6.000
   760:        6.000        6.000        6.000        6.000        6.000
   765:        6.000        6.000        6.000        6.000        6.000
   770:        6.000        6.000        6.000        6.000        6.000
   775:        6.000        6.000        6.000        6.000        6.000
   780:        6.000        6.000        6.000        6.000        6.000
   785:        6.000        6.000        6.000        6.000        6.000
   790:        6.000        6.000        6.000        6.000        6.000
   795:        6.000        6.000        6.000        6.000        6.000
   800:        6.000        6.000        6.000        6.000        6.000
   805:        6.000        6.000        6.000        6.000        6.000
   810:        6.000        6.000        6.000        6.000        6.000
   815:        6.000        6.000        6.000        6.000        6.000
   820:        6.000        6.000        6.000        6.000        6.000
   825:        6.000        6.000        6.000        6.000        6.000
   830:        6.000        6.000        6.000        6.000        6.000
   835:        6.000        6.000        6.000        6.000        6.000
   840:        6.000        2.000        4.000       22.000       24.000
   845:       19.000       11.000        2.000        4.000       22.000
   850:       24.000       19.000       11.000        2.000        4.000
   855:       22.000       24.000       21.000       22.000       19.000
   860:       11.000       23.000        2.000        4.000       22.000
   865:       24.000       19.000       11.000       23.000       23.000
   870:        6.000        6.000        6.000        6.000        6.000
   875:        6.000        2.000        4.000       22.000       24.000
   880:       21.000       22.000       21.000       22.000       21.000
   885:       22.000       21.000       22.000       19.000       11.000
   890:        2.000        4.000       22.000       24.000       21.000
   895:       22.000       19.000       11.000        2.000        4.000
   900:       22.000       24.000       21.000       22.000       21.000
   905:       22.000       21.000       22.000       19.000       11.000
   910:        2.000        4.000       22.000       24.000       21.000
   915:       22.000       21.000       22.000       19.000       11.000
   920:        2.000        4.000       22.000       24.000        6.000
   925:       21.000       22.000       21.000       22.000       19.000
   930:       11.000        2.000        4.000       22.000       24.000
   935:       21.000       22.000       21.000       22.000        6.000
   940:        6.000       19.000       11.000       23.000       23.000
   945:        2.000        4.000       22.000       24.000        6.000
   950:        6.000       19.000       11.000        2.000        4.000
   955:       22.000       24.000        6.000       19.000       11.000
   960:        2.000        4.000       22.000       24.000        6.000
   965:       19.000       11.000        6.000        6.000       23.000
   970:        2.000        4.000       22.000       24.000       19.000
   975:       11.000        2.000        4.000       22.000       24.000
   980:       21.000       22.000       21.000       22.000       19.000
   985:       11.000        2.000        4.000       22.000       24.000
   990:       21.000       22.000       21.000       22.000       21.000
   995:       22.000       21.000       22.000       21.000       22.000
  1000:       19.000       11.000        6.000        6.000        6.000
  1005:        6.000        6.000        6.000        6.000        6.000
  1010:        2.000        4.000       22.000       24.000       21.000
  1015:       22.000        6.000        6.000        6.000       21.000
  1020:       22.000        6.000        6.000        6.000        6.000
  1025:       19.000       11.000        6.000        6.000        6.000
  1030:        6.000        6.000        6.000        6.000        6.000
  1035:        6.000        6.000        6.000        6.000        6.000
  1040:        6.000        6.000        6.000        6.000        6.000
  1045:        6.000        6.000        6.000        6.000        6.000
  1050:        6.000        6.000        6.000        6.000        6.000
  1055:        6.000        6.000        6.000        6.000        6.000
  1060:        6.000        6.000        6.000        6.000        6.000
  1065:        6.000        6.000        6.000        6.000        6.000
  1070:        6.000        6.000        6.000        6.000        6.000
  1075:        6.000        6.000        6.000        6.000        6.000
  1080:        6.000        6.000        6.000        6.000        2.000
  1085:        4.000       22.000       24.000       21.000       22.000
  1090:       21.000       22.000       19.000       11.000        2.000
  1095:        4.000       22.000       24.000       21.000       22.000
  1100:       19.000       11.000        2.000        4.000       22.000
  1105:       24.000       21.000       22.000       19.000       11.000
  1110:        6.000        6.000        6.000        6.000        2.000
  1115:        4.000       22.000       24.000       21.000       22.000
  1120:       21.000       22.000       21.000       22.000       19.000
  1125:       11.000        2.000        4.000       22.000       24.000
  1130:       21.000       22.000       19.000       11.000        6.000
  1135:        6.000        6.000        6.000        6.000        6.000
  1140:        6.000       23.000       23.000       23.000       23.000
  1145:        6.000        2.000        4.000       22.000       24.000
  1150:        6.000        6.000        6.000       19.000       11.000
  1155:        2.000        4.000       22.000       24.000       19.000
  1160:       11.000        6.000        6.000        6.000        6.000
  1165:        6.000        6.000        2.000        4.000       22.000
  1170:       24.000       21.000       22.000       21.000       22.000
  1175:       19.000       11.000        2.000        4.000       22.000
  1180:       24.000       21.000       22.000       19.000       11.000
  1185:        6.000        6.000        6.000        6.000        6.000
  1190:        6.000        6.000       23.000        6.000        6.000
  1195:        6.000        6.000        6.000        6.000        6.000
  1200:        6.000        6.000        6.000        6.000        6.000
  1205:        6.000        6.000        6.000        6.000        6.000
  1210:        6.000        6.000        6.000        6.000        6.000
  1215:        6.000        2.000        4.000       22.000       24.000
  1220:        6.000        6.000        6.000        6.000        6.000
  1225:        6.000        6.000        6.000        6.000        6.000
  1230:        6.000        6.000        6.000       19.000       11.000
  1235:        2.000        4.000       22.000       24.000       21.000
  1240:       22.000       21.000       22.000       21.000       22.000
  1245:       21.000       22.000       21.000       22.000       21.000
  1250:       22.000       19.000       11.000        2.000        4.000
  1255:       22.000       24.000       21.000       22.000       21.000
  1260:       22.000       21.000       22.000       19.000       11.000
  1265:        2.000        4.000       22.000       24.000       19.000
  1270:       11.000       23.000      100.000
T:
     0:        0.000        0.000        0.000        0.000        7.650
     5:        7.750       20.800      122.730      122.730      122.730
    10:      122.740      125.120      132.730      132.740      139.660
    15:      139.660      139.660      139.670      149.660      149.670
    20:      183.820      184.170      197.180      209.780      209.840
    25:      209.900      211.930      212.120      212.670      212.970
    30:      213.250      214.430      222.180      225.200      225.200
    35:      225.200      225.210      225.530      225.530      230.400
    40:      230.400      230.560      230.560      230.720      230.720
    45:      233.490      233.490      233.740      233.740      235.200
    50:      235.210      311.950      340.600      340.600      340.600
    55:      340.610      343.410      344.760      344.760      345.260
    60:      345.260      350.600      350.610      352.030      352.190
    65:      352.470      352.500      352.720      353.310      353.340
    70:      356.120      358.150      358.620      358.770      358.840
    75:      358.950      359.070      359.120      359.170      384.870
    80:      384.870      384.870      384.880      394.870      394.880
    85:      467.640      467.980      470.910      481.620      481.620
    90:      481.620      481.630      491.620      491.630      534.350
    95:      534.520      545.710      550.240      551.560      551.560
   100:      551.560      551.570      553.860      553.860      558.860
   105:      559.460      561.560      561.570      564.410      699.000
   110:      699.470      809.430      809.430      809.430      809.440
   115:      812.430      812.430      812.690      812.690      813.670
   120:      813.670      816.270      816.270      819.290      819.290
   125:      819.430      819.440      839.200      846.630      849.200
   130:      850.450      854.750      884.400      884.400      884.400
   135:      884.410      887.080      887.080      889.560      889.560
   140:      889.740      889.740      894.400      894.410      895.020
   145:      895.020      895.020      895.030      896.480      896.480
   150:      901.580      901.580      902.580      902.580      905.020
   155:      905.030      908.910      908.910      908.910      908.920
   160:      914.120      915.560      915.560      918.910      918.920
   165:      921.890      921.890      921.890      921.900      928.170
   170:      928.170      928.480      928.480      931.890      931.900
   175:      946.500      946.590      946.950      947.120      947.470
   180:      947.590      947.970      947.990      948.640      948.890
   185:      949.010      949.860      950.300      951.240      951.290
   190:      951.320      953.090      953.860      955.240      955.430
   195:      956.270      956.340      956.500      958.340      958.350
   200:      961.400      962.210      962.330      983.810      983.930
   205:      984.180      989.900      990.360      999.390     1001.870
   210:     1001.870     1001.870     1001.880     1006.610     1006.620
   215:     1006.660     1007.490     1011.870     1011.880     1012.010
   220:     1048.970     1049.430     1049.710     1049.840     1060.580
   225:     1133.890     1167.140     1267.790     1268.710     1279.260
   230:     1279.880     1279.920     1280.010     1291.500     1484.100
   235:     1484.100     1484.100     1484.110     1485.480     1485.480
   240:     1487.000     1490.650     1490.930     1493.470     1493.470
   245:     1494.100     1494.110     1506.240     1506.240     1506.240
   250:     1506.250     1508.490     1508.490     1511.200     1511.200
   255:     1512.920     1512.920     1516.240     1516.250     1517.570
   260:     1517.570     1517.570     1517.580     1522.530     1522.530
   265:     1527.570     1527.580     1539.000     1539.000     1539.000
   270:     1539.010     1540.940     1544.440     1544.640     1544.760
   275:     1545.680     1545.680     1546.000     1546.000     1547.130
   280:     1547.130     1549.000     1549.010     1563.440     1565.690
   285:     1839.730     1839.730     1839.730     1839.740     1849.730
   290:     1849.740     1851.310     1851.310     1851.310     1851.320
   295:     1860.010     1861.070     1861.310     1861.320     1861.660
   300:     1861.990     1863.090     1865.080     1865.340     1865.380
   305:     1865.610     1871.090     1872.260     1874.160     1874.240
   310:     1874.350     1874.700     1874.720     1874.810     1874.850
   315:     1874.880     1874.960     1875.010     1876.050     1876.160
   320:     1877.980     1878.040     1878.370     1878.390     1879.320
   325:     1879.340     1879.420     1879.590     1880.100     1880.200
   330:     1880.930     1882.950     1882.990     1883.460     1888.550
   335:     1899.190     1919.780     2473.130     2496.790     2508.660
   340:     2510.390     2519.450     2519.450     2519.450     2519.460
   345:     2529.450     2529.460     2587.720     2587.720     2587.720
   350:     2587.730     2590.350     2590.350     2593.890     2593.890
   355:     2595.960     2595.960     2597.720     2597.730     2600.110
   360:     2600.110     2600.110     2600.120     2600.800     2600.800
   365:     2605.500     2607.510     2607.510     2610.110     2610.120
   370:     2613.580     2614.060     2614.370     2616.540     2616.540
   375:     2616.540     2616.550     2617.390     2618.250     2618.330
   380:     2618.520     2620.680     2620.790     2620.880     2621.280
   385:     2621.980     2622.140     2622.370     2622.420     2622.620
   390:     2622.980     2623.020     2623.560     2623.630     2623.860
   395:     2623.920     2623.950     2624.080     2624.170     2624.410
   400:     2626.540     2626.550     2627.560     2719.090     3220.960
   405:     3221.210     3243.650     3243.650     3243.650     3243.660
   410:     3244.950     3244.950     3248.300     3248.630     3250.380
   415:     3250.800     3251.930     3252.240     3252.360     3252.430
   420:     3253.170     3253.650     3253.660     3255.480     3256.280
   425:     3256.780     3257.060     3257.690     3257.840     3258.010
   430:     3258.050     3258.180     3265.090     3266.690     3336.050
   435:     3336.200     3336.240     3336.340     3339.000     3346.150
   440:     3346.150     3346.150     3346.160     3349.150     3349.150
   445:     3352.470     3352.670     3356.150     3356.160     3421.120
   450:     3469.440     3481.150     3500.900     3501.950     3530.190
   455:     3548.360     3549.630     3549.680     3587.740     3587.740
   460:     3587.740     3587.750     3590.010     3596.800     3597.740
   465:     3597.750     3598.850     3598.850     3598.850     3598.860
   470:     3601.580     3601.950     3602.330     3602.440     3602.520
   475:     3603.020     3603.150     3608.820     3608.850     3608.860
   480:     3610.260     3610.780     3611.200     3611.510     3611.590
   485:     3611.630     3613.300     3613.310     3617.340     3622.410
   490:     3624.150     3624.600     3636.970     3739.830     3740.120
   495:     3753.110     3775.820     3775.820     3775.820     3775.830
   500:     3785.820     3785.830     3787.810     3787.810     3787.810
   505:     3787.820     3788.750     3789.330     3794.490     3794.490
   510:     3795.310     3795.580     3795.680     3795.900     3796.020
   515:     3796.310     3796.370     3796.570     3797.090     3797.360
   520:     3797.450     3797.480     3797.660     3797.810     3797.820
   525:     3801.030     3801.700     3801.780     3801.910     3802.470
   530:     3802.510     3802.650     3803.420     3803.740     3803.850
   535:     3805.340     3805.660     3811.070     3811.640     3812.520
   540:     3812.740     3812.760     3812.840     3812.870     3813.810
   545:     3814.440     3815.010     3815.330     3815.740     3817.100
   550:     3868.890     3869.220     3880.830     3925.160     3969.730
   555:     3971.160     3992.190     4382.170     4382.170     4382.170
   560:     4382.180     4392.170     4392.180     4407.960     4408.000
   565:     4408.030     4408.700     4408.740     4419.060     4427.600
   570:     4427.600     4427.600     4427.610     4437.600     4437.610
   575:     4789.980     4792.150     4794.800     4795.610     4796.640
   580:     4797.680     4798.190     4798.360     4798.780     4799.040
   585:     4801.560     4801.840     4803.110     4803.620     4803.770
   590:     4803.850     4803.990     4806.080     4813.080     4828.370
   595:     4830.240     4897.760     4898.310     4901.660     4902.000
   600:     4902.680     4902.810     4903.310     4903.340     4903.740
   605:     4905.400     4922.580     4924.280     4926.450     4926.630
   610:     4926.990     4927.490     4995.090     5149.470     5316.860
   615:     5333.740     5334.130     5334.180     5337.760     5338.060
   620:     5344.430     5344.480     5375.470     5375.610     5375.830
   625:     5378.140     5379.280     5385.890     5386.970     5394.640
   630:     5405.540     5405.660     5405.870     5409.330     5412.960
   635:     5413.230     5416.690     5418.170     5418.230     5418.560
   640:     5424.120     5443.470     5443.600     5444.220     5444.640
   645:     5445.460     5462.260     5469.980     5470.250     5473.340
   650:     5475.560     5475.930     5476.080     5476.700     5476.860
   655:     5477.410     5477.730     5478.100     5478.280     5482.350
   660:     5482.750     5483.470     5483.870     5484.620     5485.170
   665:     5485.220     5485.280     5489.720     5491.880     5492.980
   670:     5493.150     5494.380     5503.450     5503.980     5504.060
   675:     5504.270     5504.810     5505.200     5510.100     5513.420
   680:     5513.700     5513.770     5517.940     5518.230     5519.450
   685:     5519.920     5527.140     5527.680     5528.130     5535.540
   690:     5550.580     5550.880     5550.980     5551.060     5551.110
   695:     5551.260     5551.570     5555.610     5556.280     5557.020
   700:     5559.430     5560.250     5560.380     5560.470     5707.260
   705:     5712.060     5712.470     5729.420     5735.650     5861.070
   710:     5861.150     5864.560     5864.750     5865.830     5865.970
   715:     5868.780     5885.310     5888.070     5888.580     5888.650
   720:     5888.710     5889.260     5889.280     5890.270     5898.680
   725:     5899.000     5899.550     5899.730     5899.850     5900.160
   730:     5900.980     5901.470     5902.280     5906.740     5906.910
   735:     5911.720     5912.390     5913.260     5913.450     5913.890
   740:     5919.550     5920.770     5922.900     5923.510     5924.270
   745:     5933.230     5933.830     5934.020     5934.360     5944.610
   750:     5944.890     5945.270     5945.740     5945.960     5980.500
   755:     5980.750     5981.830     5981.950     5982.930     5984.670
   760:     6218.450     6218.700     6222.430     6222.720     6223.370
   765:     6228.390     6229.160     6229.530     6230.720     6232.880
   770:     6233.900     6233.950     6234.160     6234.640     6234.960
   775:     6235.240     6237.140     6237.280     6238.900     6238.930
   780:     6238.960     6239.460     6239.470     6240.550     6243.110
   785:     6243.200     6243.320     6243.580     6245.120     6246.630
   790:     6249.020     6249.790     6250.100     6250.220     6253.500
   795:     6253.530     6253.560     6253.660     6255.740     6256.060
   800:     6258.370     6258.750     6261.820     6262.090     6262.300
   805:     6262.950     6264.000     6264.110     6264.170     6265.740
   810:     6335.220     6336.620     6336.930     6337.660     6747.040
   815:     6747.830     6754.410     6754.530     6754.670     6926.310
   820:     6926.650     6930.700     6930.740     6930.850     6931.030
   825:     6931.050     6979.180     6982.830     6984.390     6998.350
   830:     7006.910     7014.950     7015.060     7016.950     7017.940
   835:     7110.830     7116.570     7117.590     7270.010     7270.710
   840:     7271.030     7419.460     7419.460     7419.460     7419.470
   845:     7429.460     7429.470     7449.820     7449.820     7449.820
   850:     7449.830     7459.820     7459.830     7542.610     7542.610
   855:     7542.610     7542.620     7542.910     7542.910     7552.610
   860:     7552.620     7700.110     7716.870     7716.870     7716.870
   865:     7716.880     7726.870     7726.880     7754.660     7757.600
   870:     7777.860     7778.400     7782.910     7783.460     7783.760
   875:     7783.970     7801.560     7801.560     7801.560     7801.570
   880:     7805.310     7805.310     7806.460     7806.460     7809.730
   885:     7809.730     7810.700     7810.700     7811.560     7811.570
   890:     7813.360     7813.360     7813.360     7813.370     7816.490
   895:     7816.490     7823.360     7823.370     7824.540     7824.540
   900:     7824.540     7824.550     7828.870     7828.870     7831.160
   905:     7831.160     7833.910     7833.910     7834.540     7834.550
   910:     7873.190     7873.190     7873.190     7873.200     7875.100
   915:     7875.100     7875.690     7875.690     7883.190     7883.200
   920:     7901.190     7901.190     7901.190     7901.200     7902.750
   925:     7908.630     7908.630     7909.230     7909.230     7911.190
   930:     7911.200     7914.980     7914.980     7914.980     7914.990
   935:     7916.850     7916.850     7919.880     7919.880     7922.150
   940:     7922.170     7924.980     7924.990     7959.890     7969.920
   945:     8000.750     8000.750     8000.750     8000.760     8002.370
   950:     8002.400     8010.750     8010.760     8019.000     8019.000
   955:     8019.000     8019.010     8022.080     8029.000     8029.010
   960:     8569.270     8569.270     8569.270     8569.280     8573.630
   965:     8579.270     8579.280     8753.090     8766.170     8800.900
   970:     8814.680     8814.680     8814.680     8814.690     8824.680
   975:     8824.690     8848.250     8848.250     8848.250     8848.260
   980:     8852.960     8852.960     8855.530     8855.530     8858.250
   985:     8858.260     8861.610     8861.610     8861.610     8861.620
   990:     8861.930     8861.930     8864.750     8864.750     8864.930
   995:     8864.930     8866.010     8866.010     8866.290     8866.290
  1000:     8871.610     8871.620     8886.640     8886.690     8886.780
  1005:     8886.850     9030.470     9030.810     9030.830     9031.100
  1010:     9033.050     9033.050     9033.050     9033.060     9033.660
  1015:     9033.660     9035.780     9035.820     9036.010     9039.850
  1020:     9039.850     9041.000     9041.530     9041.960     9042.560
  1025:     9043.050     9043.060     9043.430     9044.090     9044.100
  1030:     9048.510     9048.920     9050.190     9050.660     9050.720
  1035:     9050.770     9051.040     9051.140     9051.520     9054.340
  1040:     9054.950     9055.150     9055.880     9056.980     9057.160
  1045:     9058.010     9058.030     9058.330     9058.430     9058.740
  1050:     9059.840     9060.010     9060.400     9060.970     9061.400
  1055:     9065.370     9065.990     9066.080     9066.210     9067.820
  1060:     9068.050     9068.110     9068.640     9069.740     9069.820
  1065:     9069.980     9070.030     9074.110     9074.390     9074.450
  1070:     9074.660     9077.260     9078.010     9078.150     9078.200
  1075:     9078.700     9078.720     9078.750     9079.690     9079.780
  1080:     9080.080     9080.180     9080.360     9080.420     9181.890
  1085:     9181.890     9181.890     9181.900     9182.180     9182.180
  1090:     9189.090     9189.090     9191.890     9191.900     9214.520
  1095:     9214.520     9214.520     9214.530     9220.380     9220.380
  1100:     9224.520     9224.530     9230.120     9230.120     9230.120
  1105:     9230.130     9233.240     9233.240     9240.120     9240.130
  1110:     9246.290     9246.430     9251.610     9270.900     9273.540
  1115:     9273.540     9273.540     9273.550     9273.990     9273.990
  1120:     9276.050     9276.050     9278.700     9278.700     9283.540
  1125:     9283.550     9292.450     9292.450     9292.450     9292.460
  1130:     9300.880     9300.880     9302.450     9302.460     9352.150
  1135:     9541.490     9541.700     9541.880     9542.000     9542.050
  1140:     9558.120     9597.070     9606.390     9607.410     9608.340
  1145:     9705.260     9856.020     9856.020     9856.020     9856.030
  1150:     9862.280     9862.680     9862.930     9866.020     9866.030
  1155:     9938.630     9938.630     9938.630     9938.640     9948.630
  1160:     9948.640    10023.820    10023.830    10023.890    10035.680
  1165:    10036.050    10036.190    10101.240    10101.240    10101.240
  1170:    10101.250    10108.240    10108.240    10108.430    10108.430
  1175:    10111.240    10111.250    10111.330    10111.330    10111.330
  1180:    10111.340    10119.560    10119.560    10121.330    10121.340
  1185:    10209.830    10209.850    10210.020    10214.420    10215.630
  1190:    10353.590    10582.250    10627.200    10647.130    10647.370
  1195:    10648.930    10649.060    10652.630    10652.750    10653.470
  1200:    10661.310    10661.790    10662.710    10662.750    10662.840
  1205:    10662.860    10663.110    10669.970    10670.110    10670.130
  1210:    10670.300    10670.370    10670.560    10670.760    10670.820
  1215:    10671.020    10675.410    10675.410    10675.410    10675.420
  1220:    10677.600    10678.020    10678.280    10678.380    10678.980
  1225:    10679.030    10679.300    10679.350    10679.760    10679.770
  1230:    10680.170    10680.290    10682.040    10685.410    10685.420
  1235:    10685.950    10685.950    10685.950    10685.960    10688.560
  1240:    10688.560    10688.770    10688.770    10690.070    10690.070
  1245:    10692.280    10692.280    10692.540    10692.540    10694.130
  1250:    10694.130    10695.950    10695.960    10697.240    10697.240
  1255:    10697.240    10697.250    10700.900    10700.900    10701.070
  1260:    10701.070    10702.180    10702.180    10707.240    10707.250
  1265:    10709.110    10709.110    10709.110    10709.120    10719.110
  1270:    10719.120    10780.920    10800.010
