File: C:\MED-PC\Data\2025-04-11_13h10m_Subject 85.txt


Start Date: 04/11/25
End Date: 04/11/25
Subject: 85
Experiment: OralFentSA
Group: One
Box: 1
Start Time: 13:10:46
End Time: 16:12:35
MSN: Golden_Liq_SelfAdmin_EXT
F:       0.000
G:     795.000
H:   10800.000
I:       0.000
J:       0.000
K:       0.000
L:       0.000
M:       0.000
N:       0.000
O:       0.000
P:       0.000
Q:       0.000
R:       0.000
S:       0.000
U:       0.000
V:       0.000
W:       0.000
X:       0.000
Y:       0.000
Z:       0.000
A:
     0:        0.000        0.000      180.000        4.000        0.000
     5:        5.000        0.000        5.000        0.000        0.000
    10:        1.000        0.000       10.000   100000.000       22.000
    15:       30.000      600.000        0.000        0.000        0.000
    20:        0.000
B:
     0:        0.000        0.000        0.000        0.000        0.000
     5:        0.000        0.000        0.000        0.000        0.000
    10:        0.000        0.000     1000.000 10000000.000        0.000
    15:        0.000        0.000        0.000        0.000        0.000
    20:        0.000
C:
     0:        0.000       57.000       77.000       79.000      273.000
     5:    10792.200       19.950       46.000     3134.080       68.132
    10:       79.000       77.000        0.000        0.000        0.000
    15:        0.000        0.000        0.000        0.000        0.000
    20:        0.000
D:
     0:        8.550      561.010        8.100       25.470        8.750
     5:       16.550       72.140       30.870        2.970        1.990
    10:      273.570      104.400      244.450        5.920       34.930
    15:       71.260        1.610      281.630        3.320      100.740
    20:       13.380       90.660       45.380       50.590        2.820
    25:      206.320       30.460        6.010        3.260        5.540
    30:       53.540      136.720       19.920       87.830       73.310
    35:       37.880       63.390       14.640       15.590       23.440
    40:       12.890        4.310      124.300       81.270       52.450
    45:       19.950
E:
     0:       19.000       11.000       26.000       27.000        2.000
     5:        4.000       22.000       24.000       12.000        6.000
    10:       19.000       11.000        1.000        6.000        6.000
    15:        6.000        6.000        6.000        6.000        6.000
    20:        6.000        1.000        1.000        2.000        4.000
    25:       22.000       24.000       12.000       19.000       11.000
    30:        1.000        2.000        4.000       22.000       24.000
    35:       12.000       20.000       20.000       19.000       11.000
    40:        1.000        6.000        6.000        2.000        4.000
    45:       22.000       24.000       12.000        6.000       19.000
    50:       11.000        2.000        4.000       22.000       24.000
    55:       12.000       21.000       22.000       19.000       11.000
    60:        6.000        1.000        1.000        1.000        6.000
    65:        6.000        6.000        6.000        6.000        6.000
    70:        2.000        4.000       22.000       24.000       12.000
    75:       19.000       11.000        2.000        4.000       22.000
    80:       24.000       12.000        6.000       19.000       11.000
    85:        6.000        6.000        1.000        1.000        1.000
    90:        1.000        1.000        1.000        1.000        1.000
    95:        2.000        4.000       22.000       24.000       12.000
   100:       19.000       11.000        6.000        6.000        2.000
   105:        4.000       22.000       24.000       12.000       19.000
   110:       11.000        6.000        6.000        6.000        6.000
   115:        6.000        6.000        6.000        6.000        6.000
   120:        6.000        6.000        6.000        6.000        2.000
   125:        4.000       22.000       24.000       12.000       19.000
   130:       11.000        6.000        6.000        6.000        6.000
   135:        6.000        6.000        6.000        6.000        6.000
   140:        6.000        6.000        6.000        6.000        6.000
   145:        2.000        4.000       22.000       24.000       12.000
   150:        6.000        6.000       19.000       11.000        6.000
   155:        6.000        6.000        6.000        6.000        6.000
   160:        6.000        6.000        6.000        6.000        6.000
   165:        6.000        6.000        1.000        1.000        6.000
   170:        2.000        4.000       22.000       24.000       12.000
   175:        6.000        6.000       19.000       11.000        2.000
   180:        4.000       22.000       24.000       12.000       21.000
   185:       22.000       19.000       11.000        1.000        6.000
   190:        1.000        6.000        6.000        2.000        4.000
   195:       22.000       24.000       12.000       19.000       11.000
   200:        6.000        6.000        1.000        1.000        2.000
   205:        4.000       22.000       24.000       12.000       19.000
   210:       11.000        6.000        6.000        1.000        6.000
   215:        1.000        1.000        2.000        4.000       22.000
   220:       24.000       12.000       21.000       22.000        6.000
   225:        6.000       21.000       22.000       19.000       11.000
   230:        2.000        4.000       22.000       24.000       12.000
   235:       21.000       22.000       21.000       22.000       21.000
   240:       22.000       21.000       22.000       19.000       11.000
   245:        6.000        6.000        6.000        6.000        6.000
   250:        6.000        2.000        4.000       22.000       24.000
   255:       12.000       19.000       11.000        1.000        6.000
   260:        6.000        6.000        6.000        6.000        6.000
   265:        6.000        6.000        6.000        6.000        6.000
   270:        6.000        6.000        6.000        6.000        2.000
   275:        4.000       22.000       24.000       12.000        6.000
   280:        6.000        6.000        6.000        6.000        6.000
   285:        6.000        6.000        6.000        6.000        6.000
   290:        6.000       19.000       11.000        6.000        6.000
   295:        6.000        6.000        6.000        6.000        6.000
   300:        6.000        2.000        4.000       22.000       24.000
   305:       12.000       19.000       11.000        6.000        6.000
   310:        6.000        6.000        6.000        6.000        6.000
   315:        2.000        4.000       22.000       24.000       12.000
   320:        6.000        6.000       19.000       11.000        2.000
   325:        4.000       22.000       24.000       12.000       21.000
   330:       22.000       19.000       11.000        1.000        1.000
   335:        6.000        6.000        2.000        4.000       22.000
   340:       24.000       12.000       21.000       22.000       19.000
   345:       11.000        6.000        6.000        1.000        1.000
   350:        1.000        6.000        6.000        6.000        6.000
   355:        2.000        4.000       22.000       24.000       12.000
   360:       19.000       11.000        1.000        1.000        1.000
   365:        6.000        6.000        2.000        4.000       22.000
   370:       24.000       12.000       21.000       22.000       19.000
   375:       11.000        2.000        4.000       22.000       24.000
   380:       12.000       21.000       22.000       19.000       11.000
   385:        6.000        1.000        6.000        6.000        6.000
   390:        6.000        6.000        1.000        1.000        1.000
   395:        1.000        6.000        6.000        6.000        6.000
   400:        2.000        4.000       22.000       24.000       12.000
   405:       21.000       22.000       19.000       11.000        6.000
   410:        6.000        2.000        4.000       22.000       24.000
   415:       12.000        6.000        6.000       19.000       11.000
   420:        1.000        1.000        1.000        6.000        6.000
   425:        2.000        4.000       22.000       24.000       12.000
   430:       21.000       22.000       19.000       11.000        6.000
   435:        1.000        6.000        6.000        1.000        1.000
   440:        1.000        6.000        6.000        2.000        4.000
   445:       22.000       24.000       12.000       21.000       22.000
   450:       19.000       11.000        6.000        6.000        1.000
   455:        6.000        6.000        6.000        6.000        6.000
   460:        6.000        2.000        4.000       22.000       24.000
   465:       12.000       21.000       22.000        6.000       19.000
   470:       11.000        1.000        6.000        6.000        6.000
   475:        6.000        2.000        4.000       22.000       24.000
   480:       12.000        6.000       19.000       11.000        6.000
   485:        6.000        6.000        6.000        2.000        4.000
   490:       22.000       24.000       12.000       21.000       22.000
   495:        6.000        6.000       19.000       11.000        2.000
   500:        4.000       22.000       24.000       12.000       19.000
   505:       11.000        6.000        6.000        2.000        4.000
   510:       22.000       24.000       12.000       19.000       11.000
   515:        2.000        4.000       22.000       24.000       12.000
   520:       19.000       11.000        1.000        6.000        2.000
   525:        4.000       22.000       24.000       12.000       19.000
   530:       11.000        2.000        4.000       22.000       24.000
   535:       12.000       21.000       22.000       21.000       22.000
   540:       21.000       22.000       19.000       11.000        6.000
   545:        6.000        2.000        4.000       22.000       24.000
   550:       12.000       21.000       22.000       21.000       22.000
   555:       19.000       11.000        1.000        6.000        6.000
   560:        6.000        6.000        6.000        6.000        6.000
   565:        6.000        6.000        6.000        6.000        6.000
   570:        6.000        6.000        6.000        6.000        6.000
   575:        6.000        2.000        4.000       22.000       24.000
   580:       12.000       19.000       11.000        6.000        1.000
   585:        1.000        1.000        1.000        1.000        1.000
   590:        1.000        1.000        1.000        1.000        1.000
   595:        2.000        4.000       22.000       24.000       12.000
   600:       20.000       19.000       11.000        6.000        6.000
   605:        6.000        6.000        6.000        6.000        6.000
   610:        6.000        6.000        6.000        6.000        6.000
   615:        2.000        4.000       22.000       24.000       12.000
   620:       19.000       11.000        2.000        4.000       22.000
   625:       24.000       12.000       19.000       11.000        1.000
   630:        6.000        6.000        2.000        4.000       22.000
   635:       24.000       12.000       19.000       11.000        2.000
   640:        4.000       22.000       24.000       12.000       19.000
   645:       11.000        6.000        6.000        2.000        4.000
   650:       22.000       24.000       12.000       19.000       11.000
   655:        6.000        6.000        6.000        6.000        6.000
   660:        6.000        6.000        6.000        2.000        4.000
   665:       22.000       24.000       12.000       19.000       11.000
   670:        2.000        4.000       22.000       24.000       12.000
   675:       19.000       11.000        6.000        6.000        6.000
   680:        6.000        6.000        6.000        6.000        6.000
   685:        6.000        6.000        6.000        6.000        6.000
   690:        6.000        6.000        6.000        1.000        2.000
   695:        4.000       22.000       24.000       12.000       19.000
   700:       11.000        6.000        6.000        6.000        6.000
   705:        2.000        4.000       22.000       24.000       12.000
   710:        6.000        6.000       19.000       11.000        6.000
   715:        1.000        1.000        1.000        1.000        1.000
   720:        2.000        4.000       22.000       24.000       12.000
   725:       19.000       11.000        6.000        6.000        2.000
   730:        4.000       22.000       24.000       12.000       19.000
   735:       11.000        6.000        1.000        6.000        1.000
   740:        1.000        1.000        6.000        6.000        6.000
   745:        6.000        2.000        4.000       22.000       24.000
   750:       12.000       19.000       11.000        2.000        4.000
   755:       22.000       24.000       12.000       19.000       11.000
   760:        1.000        6.000        6.000        6.000        2.000
   765:        4.000       22.000       24.000       12.000       19.000
   770:       11.000        6.000        6.000        6.000        6.000
   775:        6.000        6.000        6.000        6.000        6.000
   780:        6.000        6.000        2.000        4.000       22.000
   785:       24.000       12.000       19.000       11.000        1.000
   790:        2.000        4.000       22.000       24.000       12.000
   795:      100.000
T:
     0:        0.000        0.000        0.000        0.000      116.530
     5:      116.530      116.530      116.540      116.540      125.090
    10:      126.530      126.540      152.630      333.960      334.690
    15:      361.520      363.430      363.620      363.780      462.340
    20:      465.220      502.260      513.130      526.890      526.890
    25:      526.890      526.900      526.900      536.890      536.900
    30:      758.480      790.500      790.500      790.500      790.510
    35:      790.510      797.720      798.910      800.500      800.510
    40:      812.620     1351.520     1357.000     1381.120     1381.120
    45:     1381.120     1381.130     1381.130     1389.230     1391.120
    50:     1391.130     1497.750     1497.750     1497.750     1497.760
    55:     1497.760     1504.410     1504.410     1507.750     1507.760
    60:     1523.230     1712.440     1715.540     1717.740     1792.530
    65:     1796.940     1803.670     1806.110     1806.620     1808.460
    70:     2035.770     2035.770     2035.770     2035.780     2035.780
    75:     2045.770     2045.780     2213.850     2213.850     2213.850
    80:     2213.860     2213.860     2222.610     2223.850     2223.860
    85:     2227.950     2228.270     2305.880     2311.580     2312.550
    90:     2313.460     2331.170     2335.780     2364.850     2373.430
    95:     2382.450     2382.450     2382.450     2382.460     2382.460
   100:     2392.450     2392.460     2399.010     2805.510     2809.350
   105:     2809.350     2809.350     2809.360     2809.360     2819.350
   110:     2819.360     2881.500     2881.780     2883.920     2884.970
   115:     2892.010     2892.280     2903.880     2905.810     2906.410
   120:     2907.320     2907.480     2907.520     2908.970     2936.830
   125:     2936.830     2936.830     2936.840     2936.840     2946.830
   130:     2946.840     2967.710     2972.860     3034.850     3051.340
   135:     3056.980     3058.220     3060.800     3061.110     3061.920
   140:     3063.820     3064.350     3065.010     3065.850     3067.800
   145:     3076.630     3076.630     3076.630     3076.640     3076.640
   150:     3079.610     3081.400     3086.630     3086.640     3086.890
   155:     3093.290     3093.520     3093.620     3097.110     3099.590
   160:     3100.850     3107.710     3108.450     3191.130     3191.210
   165:     3191.520     3199.180     3258.810     3260.910     3288.750
   170:     3296.000     3296.000     3296.000     3296.010     3296.010
   175:     3298.000     3299.210     3306.000     3306.010     3308.980
   180:     3308.980     3308.980     3308.990     3308.990     3311.600
   185:     3311.600     3318.980     3318.990     3447.090     3582.560
   190:     3738.950     3765.370     3765.490     3778.830     3778.830
   195:     3778.830     3778.840     3778.840     3788.830     3788.840
   200:     3883.240     3884.290     3980.680     4002.700     4067.390
   205:     4067.390     4067.390     4067.400     4067.400     4077.390
   210:     4077.400     4311.850     4403.620     4412.960     4446.650
   215:     4514.280     4514.380     4542.710     4542.710     4542.710
   220:     4542.720     4542.720     4546.810     4546.810     4548.640
   225:     4548.790     4551.820     4551.820     4552.710     4552.720
   230:     4553.210     4553.210     4553.210     4553.220     4553.220
   235:     4554.400     4554.400     4556.940     4556.940     4557.080
   240:     4557.080     4558.520     4558.520     4563.210     4563.220
   245:     4588.150     4588.660     4595.520     4596.060     4596.550
   250:     4596.760     4612.160     4612.160     4612.160     4612.170
   255:     4612.170     4622.160     4622.170     4622.310     4683.430
   260:     4775.380     4775.780     4779.140     4780.150     4781.250
   265:     4781.720     4781.880     4784.790     4788.850     4789.860
   270:     4789.910     4791.740     4792.010     4792.080     4794.940
   275:     4794.940     4794.940     4794.950     4794.950     4796.560
   280:     4797.520     4798.720     4800.520     4801.300     4801.790
   285:     4801.990     4802.030     4802.110     4802.660     4802.880
   290:     4803.450     4804.940     4804.950     4914.450     4918.880
   295:     4919.160     4921.560     4925.290     4926.090     4929.490
   300:     4929.840     5059.290     5059.290     5059.290     5059.300
   305:     5059.300     5069.290     5069.300     5340.930     5341.140
   310:     5390.540     5390.830     5403.750     5404.250     5404.420
   315:     5407.940     5407.940     5407.940     5407.950     5407.950
   320:     5411.270     5411.840     5417.940     5417.950     5425.520
   325:     5425.520     5425.520     5425.530     5425.530     5425.860
   330:     5425.860     5435.520     5435.530     5496.480     5517.390
   335:     5526.270     5586.630     5605.730     5605.730     5605.730
   340:     5605.740     5605.740     5611.680     5611.680     5615.730
   345:     5615.740     5619.120     5624.520     5691.510     5694.880
   350:     5698.310     5708.410     5739.140     5785.910     5800.640
   355:     5873.100     5873.100     5873.100     5873.110     5873.110
   360:     5883.100     5883.110     5943.150     5944.740     5956.040
   365:     5963.770     5975.450     5990.100     5990.100     5990.100
   370:     5990.110     5990.110     5996.100     5996.100     6000.100
   375:     6000.110     6005.390     6005.390     6005.390     6005.400
   380:     6005.400     6005.910     6005.910     6015.390     6015.400
   385:     6050.780     6074.520     6324.780     6325.080     6332.250
   390:     6350.490     6351.770     6479.870     6485.290     6499.680
   395:     6508.210     6510.700     6512.100     6524.300     6530.340
   400:     6543.100     6543.100     6543.100     6543.110     6543.110
   405:     6544.200     6544.200     6553.100     6553.110     6593.700
   410:     6607.810     6680.750     6680.750     6680.750     6680.760
   415:     6680.760     6683.580     6683.890     6690.750     6690.760
   420:     6702.890     6704.670     6715.180     6866.970     6876.120
   425:     6878.890     6878.890     6878.890     6878.900     6878.900
   430:     6886.280     6886.280     6888.890     6888.900     7085.220
   435:     7103.270     7125.340     7125.800     7137.410     7140.350
   440:     7144.920     7159.180     7164.430     7330.140     7330.140
   445:     7330.140     7330.150     7330.150     7333.280     7333.280
   450:     7340.140     7340.150     7360.610     7360.930     7369.340
   455:     7496.420     7497.280     7507.290     7509.030     7509.070
   460:     7510.780     7515.350     7515.350     7515.350     7515.360
   465:     7515.360     7519.040     7519.040     7521.370     7525.350
   470:     7525.360     7565.370     7608.540     7618.750     7618.850
   475:     7632.140     7634.810     7634.810     7634.810     7634.820
   480:     7634.820     7638.080     7644.810     7644.820     7814.840
   485:     7826.220     7829.840     7830.360     7833.160     7833.160
   490:     7833.160     7833.170     7833.170     7834.420     7834.420
   495:     7838.710     7839.530     7843.160     7843.170     7851.890
   500:     7851.890     7851.890     7851.900     7851.900     7861.890
   505:     7861.900     7905.440     7906.130     7926.890     7926.890
   510:     7926.890     7926.900     7926.900     7936.890     7936.900
   515:     7944.810     7944.810     7944.810     7944.820     7944.820
   520:     7954.810     7954.820     8032.380     8081.540     8095.160
   525:     8095.160     8095.160     8095.170     8095.170     8105.160
   530:     8105.170     8107.130     8107.130     8107.130     8107.140
   535:     8107.140     8111.650     8111.650     8112.010     8112.010
   540:     8113.400     8113.400     8117.130     8117.140     8127.060
   545:     8127.190     8137.070     8137.070     8137.070     8137.080
   550:     8137.080     8137.730     8137.730     8137.930     8137.930
   555:     8147.070     8147.080     8207.750     8224.910     8224.980
   560:     8228.530     8230.010     8232.660     8233.360     8245.650
   565:     8245.900     8249.470     8249.620     8251.830     8252.470
   570:     8252.500     8273.380     8273.480     8273.640     8303.600
   575:     8304.730     8308.340     8308.340     8308.340     8308.350
   580:     8308.350     8318.340     8318.350     8381.660     8409.470
   585:     8413.380     8416.660     8423.090     8426.560     8429.710
   590:     8430.330     8434.210     8435.370     8436.830     8448.240
   595:     8546.760     8546.760     8546.760     8546.770     8546.770
   600:     8554.090     8556.760     8556.770     8584.650     8586.020
   605:     8589.700     8590.340     8650.760     8659.870     8693.840
   610:     8693.880     8701.980     8702.880     8703.790     8710.110
   615:     8748.390     8748.390     8748.390     8748.400     8748.400
   620:     8758.390     8758.400     8958.020     8958.020     8958.020
   625:     8958.030     8958.030     8968.020     8968.030     8989.690
   630:     9021.420     9021.630     9029.490     9029.490     9029.490
   635:     9029.500     9029.500     9039.490     9039.500     9105.390
   640:     9105.390     9105.390     9105.400     9105.400     9115.390
   645:     9115.400     9120.040     9120.740     9130.740     9130.740
   650:     9130.740     9130.750     9130.750     9140.740     9140.750
   655:     9146.340     9241.480     9244.450     9249.420     9250.580
   660:     9250.710     9252.700     9253.620     9263.650     9263.650
   665:     9263.650     9263.660     9263.660     9273.650     9273.660
   670:     9281.270     9281.270     9281.270     9281.280     9281.280
   675:     9291.270     9291.280     9304.720     9316.500     9316.540
   680:     9320.410     9320.900     9325.570     9328.470     9328.810
   685:     9329.050     9329.160     9329.380     9330.030     9335.840
   690:     9336.150     9337.650     9367.140     9388.810     9432.780
   695:     9432.780     9432.780     9432.790     9432.790     9442.780
   700:     9442.790     9445.680     9447.190     9452.490     9453.270
   705:     9497.370     9497.370     9497.370     9497.380     9497.380
   710:     9501.690     9506.830     9507.370     9507.380     9511.190
   715:     9539.130     9597.860     9599.560     9604.240     9605.790
   720:     9755.360     9755.360     9755.360     9755.370     9755.370
   725:     9765.360     9765.370     9879.670     9967.280     9973.310
   730:     9973.310     9973.310     9973.320     9973.320     9983.310
   735:     9983.320    10054.590    10093.250    10108.080    10135.710
   740:    10137.920    10206.730    10209.370    10211.350    10216.350
   745:    10216.890    10218.310    10218.310    10218.310    10218.320
   750:    10218.320    10228.310    10228.320    10251.460    10251.460
   755:    10251.460    10251.470    10251.470    10261.460    10261.470
   760:    10267.740    10303.920    10304.180    10304.400    10307.290
   765:    10307.290    10307.290    10307.300    10307.300    10317.290
   770:    10317.300    10327.250    10327.820    10360.070    10360.670
   775:    10584.040    10584.310    10584.430    10584.960    10585.180
   780:    10585.920    10586.310    10661.320    10661.320    10661.320
   785:    10661.330    10661.330    10671.320    10671.330    10673.250
   790:    10792.190    10792.190    10792.190    10792.200    10792.200
   795:    10800.000
