File: C:\MED-PC\Data\2025-03-21_09h24m_Subject 81.txt


Start Date: 03/21/25
End Date: 03/21/25
Subject: 81
Experiment: OralFentSA
Group: One
Box: 9
Start Time: 09:24:31
End Time: 12:24:52
MSN: 20241014_Golden_Liq_SelfAdmin
F:       0.000
G:     641.000
H:   10800.000
I:       0.000
J:       0.000
K:       0.000
L:       0.000
M:       0.000
N:       0.000
O:       0.000
P:       0.000
Q:       0.000
R:       0.000
S:       0.000
U:       0.000
V:       0.000
W:       0.000
X:       0.000
Y:       0.000
Z:       0.000
A:
     0:        0.000        0.000      180.000        4.000        0.000
     5:        5.000        0.000        5.000        0.000        0.000
    10:        1.000        0.000       10.000 30000000.000       23.000
    15:       15.000      640.000        0.000        0.000        0.000
    20:        0.000
B:
     0:        0.000        0.000        0.000        0.000        0.000
     5:        0.000        0.000        0.000        0.000        0.000
    10:        0.000        0.000        0.000 3000000000.000        0.000
    15:        0.000        0.000        0.000        0.000        0.000
    20:        0.000
C:
     0:        0.000        1.000        0.000        0.000      637.000
     5:        0.000        0.000        0.000        0.000        0.000
    10:        0.000        0.000        0.000        0.000        0.000
    15:        0.000        0.000        0.000        0.000        0.000
    20:        0.000
D:
E:
     0:       19.000       11.000       26.000       27.000        6.000
     5:        6.000        6.000        6.000        6.000        6.000
    10:        6.000        6.000        6.000        6.000        6.000
    15:        6.000        6.000        6.000        6.000        6.000
    20:        6.000        6.000        6.000        6.000        6.000
    25:        6.000        6.000        6.000        6.000        6.000
    30:        6.000        6.000        6.000        6.000        6.000
    35:        6.000        6.000        6.000        6.000        6.000
    40:        6.000        6.000        6.000        6.000        6.000
    45:        6.000        6.000        6.000        6.000        6.000
    50:        6.000        6.000        6.000        6.000        6.000
    55:        6.000        6.000        6.000        6.000        6.000
    60:        6.000        6.000        6.000        6.000        6.000
    65:        6.000        6.000        6.000        6.000        6.000
    70:        6.000        6.000        6.000        6.000        6.000
    75:        6.000        6.000        6.000        6.000        6.000
    80:        6.000        6.000        6.000        6.000        6.000
    85:        6.000        6.000        6.000        6.000        6.000
    90:        6.000        6.000        6.000        6.000        6.000
    95:        6.000        6.000        6.000        6.000        6.000
   100:        6.000        6.000        6.000        6.000        6.000
   105:        6.000        6.000        6.000        6.000        6.000
   110:        6.000        6.000        6.000        6.000        6.000
   115:        6.000        6.000        6.000        6.000        6.000
   120:        6.000        6.000        6.000        6.000        6.000
   125:        6.000        6.000        6.000        6.000        6.000
   130:        6.000        6.000        6.000        6.000        6.000
   135:        6.000        6.000        6.000        6.000        6.000
   140:        6.000        6.000        6.000        6.000        6.000
   145:        6.000        6.000        6.000        6.000        6.000
   150:        6.000        6.000        6.000        6.000        6.000
   155:        6.000        6.000        6.000        6.000        6.000
   160:        6.000        6.000        6.000        6.000        6.000
   165:        6.000        6.000        6.000        6.000        6.000
   170:        6.000        6.000        6.000        6.000        6.000
   175:        6.000        6.000        6.000        6.000        6.000
   180:        6.000        6.000        6.000        6.000        6.000
   185:        6.000        6.000        6.000        6.000        6.000
   190:        6.000        6.000        6.000        6.000        6.000
   195:        6.000        6.000        6.000        6.000        6.000
   200:        6.000        6.000        6.000        6.000        6.000
   205:        6.000        6.000        6.000        6.000        6.000
   210:        6.000        6.000        6.000        6.000        6.000
   215:        6.000        6.000        6.000        6.000        6.000
   220:        6.000        6.000        6.000        6.000        6.000
   225:        6.000        6.000        6.000        6.000        6.000
   230:        6.000        6.000        6.000        6.000        6.000
   235:        6.000        6.000        6.000        6.000        6.000
   240:        6.000        6.000        6.000        6.000        6.000
   245:        6.000        6.000        6.000        6.000        6.000
   250:        6.000        6.000        6.000        6.000        6.000
   255:        6.000        6.000        6.000        6.000        6.000
   260:        6.000        6.000        6.000        6.000        6.000
   265:        6.000        6.000        6.000        6.000        6.000
   270:        6.000        6.000        6.000        6.000        6.000
   275:        6.000        6.000        6.000        6.000        6.000
   280:        6.000        6.000        6.000        6.000        6.000
   285:        6.000        6.000        6.000        6.000        6.000
   290:        6.000        6.000        6.000        6.000        6.000
   295:        6.000        6.000        6.000        6.000        6.000
   300:        6.000        6.000        6.000        6.000        6.000
   305:        6.000        6.000        6.000        6.000        6.000
   310:        6.000        6.000        6.000        6.000        6.000
   315:        6.000        6.000        6.000        6.000        6.000
   320:        6.000        6.000        6.000        6.000        6.000
   325:        6.000        6.000        6.000        6.000        6.000
   330:        6.000        6.000        6.000        6.000        6.000
   335:        6.000        6.000        6.000        6.000        6.000
   340:        6.000        6.000        6.000        6.000        6.000
   345:        6.000        6.000        6.000        6.000        6.000
   350:        6.000        6.000        6.000        6.000        6.000
   355:        6.000        6.000        6.000        6.000        6.000
   360:        6.000        6.000        6.000        6.000        6.000
   365:        6.000        6.000        6.000        6.000        6.000
   370:        6.000        6.000        6.000        6.000        6.000
   375:        6.000        6.000        6.000        6.000        6.000
   380:        6.000        6.000        6.000        6.000        6.000
   385:        6.000        6.000        6.000        6.000        6.000
   390:        6.000        6.000        6.000        6.000        6.000
   395:        6.000        6.000        6.000        6.000        6.000
   400:        6.000        6.000        6.000        6.000        6.000
   405:        6.000        6.000        6.000        6.000        6.000
   410:        6.000        6.000        6.000        6.000        6.000
   415:        6.000        6.000        6.000        6.000        6.000
   420:        6.000        6.000        6.000        6.000        6.000
   425:        6.000        6.000        6.000        6.000        6.000
   430:        6.000        6.000        6.000        6.000        6.000
   435:        6.000        6.000        6.000        6.000        6.000
   440:        6.000        6.000        6.000        6.000        6.000
   445:        6.000        6.000        6.000        6.000        6.000
   450:        6.000        6.000        6.000        6.000        6.000
   455:        6.000        6.000        6.000        6.000        6.000
   460:        6.000        6.000        6.000        6.000        6.000
   465:        6.000        6.000        6.000        6.000        6.000
   470:        6.000        6.000        6.000        6.000        6.000
   475:        6.000        6.000        6.000        6.000        6.000
   480:        6.000        6.000        6.000        6.000        6.000
   485:        6.000        6.000        6.000        6.000        6.000
   490:        6.000        6.000        6.000        6.000        6.000
   495:        6.000        6.000        6.000        6.000        6.000
   500:        6.000        6.000        6.000        6.000        6.000
   505:        6.000        6.000        6.000        6.000        6.000
   510:        6.000        6.000        6.000        6.000        6.000
   515:        6.000        6.000        6.000        6.000        6.000
   520:        6.000        6.000        6.000        6.000        6.000
   525:        6.000        6.000        6.000        6.000        6.000
   530:        6.000        6.000        6.000        6.000        6.000
   535:        6.000        6.000        6.000        6.000        6.000
   540:        6.000        6.000        6.000        6.000        6.000
   545:        6.000        6.000        6.000        6.000        6.000
   550:        6.000        6.000        6.000        6.000        6.000
   555:        6.000        6.000        6.000        6.000        6.000
   560:        6.000        6.000        6.000        6.000        6.000
   565:        6.000        6.000        6.000        6.000        6.000
   570:        6.000        6.000        6.000        6.000        6.000
   575:        6.000        6.000        6.000        6.000        6.000
   580:        6.000        6.000        6.000        6.000        6.000
   585:        6.000        6.000        6.000        6.000        6.000
   590:        6.000        6.000        6.000        6.000        6.000
   595:        6.000        6.000        6.000        6.000        6.000
   600:        6.000        6.000        6.000        6.000        6.000
   605:        6.000        6.000        6.000        6.000        6.000
   610:        6.000        6.000        6.000        6.000        6.000
   615:        6.000        6.000        6.000        6.000        6.000
   620:        6.000        6.000        6.000        6.000        6.000
   625:        6.000        6.000        6.000        6.000        6.000
   630:        6.000        6.000        6.000        6.000        6.000
   635:        6.000        6.000        6.000        6.000        6.000
   640:        6.000      100.000
T:
     0:        0.000        0.000        0.000        0.000      242.480
     5:      454.780      574.210      674.420      675.130      675.220
    10:      676.130      676.550      676.750      677.890      679.580
    15:      754.620      761.670      849.600     1141.220     1235.810
    20:     1236.840     1238.050     1252.570     1258.730     1328.390
    25:     1402.410     1403.100     1404.610     1414.270     1414.490
    30:     1415.800     1416.600     1416.870     1417.540     1418.300
    35:     1420.590     1420.720     1420.910     1422.360     1422.990
    40:     1424.000     1426.470     1426.680     1427.010     1428.630
    45:     1439.080     1440.010     1442.520     1442.620     1445.490
    50:     1449.320     1449.410     1462.650     1462.960     1464.800
    55:     1465.450     1465.510     1465.580     1465.840     1466.120
    60:     1466.190     1484.900     1485.930     1487.660     1631.610
    65:     1945.640     1946.450     1946.500     1947.000     1950.050
    70:     2174.810     2175.030     2175.330     2414.280     2676.380
    75:     2676.940     2677.640     2678.090     2712.590     3005.480
    80:     3079.900     3080.350     3081.180     3082.110     3082.530
    85:     3134.120     3134.580     3178.090     3178.390     3265.240
    90:     3265.390     3265.670     3265.690     3268.480     3270.010
    95:     3271.180     3273.490     3384.820     3386.580     3403.770
   100:     3404.220     3404.430     3417.380     3417.460     3429.780
   105:     3429.800     3430.080     3430.750     3430.920     3432.090
   110:     3432.860     3434.270     3435.550     3435.800     3441.340
   115:     3441.390     3441.440     3441.460     3443.010     3443.980
   120:     3446.400     3446.590     3448.790     3453.790     3457.090
   125:     3457.920     3460.470     3489.350     3489.480     3490.840
   130:     3491.200     3875.180     3884.400     3884.840     3885.880
   135:     3885.950     3886.000     3938.930     3941.530     3942.380
   140:     3942.570     3945.190     3946.130     3984.450     3985.110
   145:     3985.160     3985.300     3988.260     3988.820     3988.990
   150:     3990.500     3991.560     4011.800     4144.880     4145.390
   155:     4151.390     4156.980     4157.370     4157.930     4174.240
   160:     4176.700     4177.000     4177.070     4221.380     4221.570
   165:     4221.870     4222.550     4223.770     4224.830     4224.920
   170:     4225.010     4320.150     4338.680     4338.840     4347.660
   175:     4348.210     4348.290     4348.690     4349.130     4349.680
   180:     4351.300     4352.100     4352.920     4353.330     4354.020
   185:     4354.410     4528.580     4681.920     4682.490     4682.710
   190:     4688.540     4689.570     4689.630     4692.740     4987.410
   195:     4999.350     4999.400     5000.040     5000.170     5000.310
   200:     5000.380     5000.410     5001.820     5002.490     5004.700
   205:     5028.520     5029.180     5029.550     5031.600     5031.960
   210:     5032.660     5032.690     5033.870     5035.230     5035.410
   215:     5040.990     5041.470     5044.180     5045.780     5048.180
   220:     5048.670     5048.990     5051.190     5067.950     5068.320
   225:     5068.510     5068.770     5069.460     5070.160     5070.270
   230:     5070.610     5071.240     5072.440     5078.770     5082.970
   235:     5083.120     5137.200     5438.770     5439.010     5439.190
   240:     5439.320     5439.450     5459.220     5459.520     5459.690
   245:     5477.120     5477.410     5486.820     5487.340     5487.950
   250:     5489.150     5489.390     5491.620     5529.450     5529.760
   255:     5529.980     5530.380     5530.840     5533.100     5535.050
   260:     5536.420     5550.640     5566.730     5569.810     5591.690
   265:     5613.960     5614.080     5625.200     5625.480     5625.750
   270:     5625.870     5626.210     5627.780     5627.960     5628.140
   275:     5629.220     5630.490     5632.340     5632.610     5632.930
   280:     5634.410     5635.170     5635.370     5635.600     5640.310
   285:     5640.730     5640.860     5640.880     5641.260     5641.510
   290:     5658.210     5658.920     5660.330     5660.520     5660.650
   295:     5660.940     5662.400     5664.670     5665.120     5667.790
   300:     5668.350     5671.650     5673.880     5674.270     5675.630
   305:     5676.380     5695.440     5696.060     5707.020     5712.690
   310:     5713.080     5716.490     5723.060     5724.790     5725.470
   315:     5725.900     5746.170     5746.760     5746.950     5753.280
   320:     5755.980     5756.400     5756.690     5756.820     5757.700
   325:     5759.070     5759.170     5765.070     5768.170     5768.450
   330:     5769.300     5798.530     5798.590     5810.520     5811.030
   335:     5811.530     5818.760     5819.400     5819.550     5820.090
   340:     5820.230     5852.680     5852.920     5853.000     5853.560
   345:     5853.590     5857.160     5943.500     5943.820     5952.340
   350:     5952.550     5952.700     5960.190     5961.390     5971.110
   355:     5971.400     5972.680     5972.700     5973.040     5975.830
   360:     5975.950     5976.350     5976.440     5978.990     6009.930
   365:     6010.160     6010.470     6025.460     6025.870     6359.830
   370:     6359.860     6360.170     6360.440     6360.880     6361.090
   375:     6368.320     6368.580     6368.690     6368.860     6370.000
   380:     6373.900     6374.630     6375.250     6378.870     6378.990
   385:     6379.060     6379.110     6382.020     6386.370     6388.660
   390:     6388.820     6389.130     6390.440     6390.890     6393.120
   395:     6393.330     6393.560     6413.540     6413.770     6413.830
   400:     6415.420     6415.960     6416.290     6416.490     6418.160
   405:     6418.520     6420.130     6420.280     6420.910     6421.190
   410:     6422.120     6459.390     6461.450     6462.300     6462.570
   415:     6463.440     6463.700     6464.060     6464.300     6471.450
   420:     6471.980     6474.340     6477.930     6478.620     6481.630
   425:     6481.920     6484.520     6484.790     6485.220     6519.880
   430:     6520.160     6523.690     6523.790     6524.260     6527.330
   435:     6527.780     6529.120     6529.170     6530.600     6532.370
   440:     6532.540     6550.400     6550.610     6551.090     6551.160
   445:     6553.650     6554.390     6554.820     6558.140     6558.390
   450:     6559.790     6560.160     6560.760     6560.870     6563.200
   455:     6563.380     6784.450     6786.230     6787.350     6787.970
   460:     6789.040     6789.770     6794.840     6795.040     6795.620
   465:     6804.570     6805.770     6815.120     6815.980     6831.170
   470:     6831.600     6831.650     6833.330     6834.460     6834.720
   475:     6835.720     6836.300     6838.140     6840.990     6841.160
   480:     6841.300     6842.660     6843.980     6845.530     6845.650
   485:     6847.820     6849.120     6851.300     6852.240     6852.530
   490:     6855.700     6857.420     6862.470     6862.510     6862.790
   495:     6862.840     6862.960     6865.750     7078.640     7079.930
   500:     7177.190     7177.240     7177.340     7675.590     7675.710
   505:     7729.520     7764.980     7781.210     7781.850     7782.090
   510:     7782.120     7782.510     7786.030     7798.070     7800.000
   515:     7802.210     7802.380     7826.930     7828.740     7828.790
   520:     7831.080     7831.410     7831.550     7831.960     7832.020
   525:     7834.080     7835.370     7835.450     7836.210     7883.530
   530:     7884.830     7885.390     7893.530     7894.220     7899.470
   535:     7899.660     7917.610     7917.750     7927.800     7929.050
   540:     7940.810     7942.610     7942.660     7942.890     7943.050
   545:     7954.970     7983.260     7994.110     7994.820     7995.100
   550:     8061.160     8061.470     8390.360     8390.820     8393.500
   555:     8394.300     8395.090     8404.640     8412.220     8413.640
   560:     8413.850     8414.010     8414.070     8414.440     8423.230
   565:     8424.290     8479.590     8479.880     8479.930     8480.080
   570:     8566.340     8566.530     8569.580     8571.400     8571.550
   575:     8572.880     8575.240     8576.230     8579.830     8580.250
   580:     8582.380     8583.090     8583.480     8591.980     8599.640
   585:     8600.380     8601.220     8601.660     8601.990     8602.170
   590:     8602.630     8606.000     8606.630     8650.150     8684.050
   595:     8715.280     8715.350     8718.640     8719.200     8719.260
   600:     8719.790     8719.950     8722.240     8722.550     8749.030
   605:     8845.370     8846.430     8846.460     8948.140     9007.860
   610:     9008.810     9016.120     9018.180     9023.730     9035.250
   615:     9070.600     9074.360     9084.630     9085.000     9087.440
   620:     9123.760     9132.980     9134.720     9134.790     9134.940
   625:     9135.620     9136.170     9137.150     9137.310     9137.900
   630:     9147.830     9151.810     9163.830     9163.890     9164.190
   635:     9179.580     9179.680     9179.750     9179.960     9204.000
   640:     9718.950    10800.000
