File: C:\MED-PC\Data\2025-04-10_13h07m_Subject 87.txt


Start Date: 04/10/25
End Date: 04/10/25
Subject: 87
Experiment: OralFentSA
Group: One
Box: 3
Start Time: 13:07:18
End Time: 16:08:24
MSN: Golden_Liq_SelfAdmin_EXT
F:       0.000
G:     379.000
H:   10800.000
I:       0.000
J:       0.000
K:       0.000
L:       0.000
M:       0.000
N:       0.000
O:       0.000
P:       0.000
Q:       0.000
R:       0.000
S:       0.000
U:       0.000
V:       0.000
W:       0.000
X:       0.000
Y:       0.000
Z:       0.000
A:
     0:        0.000        0.000      180.000        4.000        0.000
     5:        5.000        0.000        5.000        0.000        0.000
    10:        1.000        0.000       10.000   100000.000       20.000
    15:       29.000      600.000        0.000        0.000        0.000
    20:        0.000
B:
     0:        0.000        0.000        0.000        0.000        0.000
     5:        0.000        0.000        0.000        0.000        0.000
    10:        0.000        0.000     1000.000 10000000.000        0.000
    15:        0.000        0.000        0.000        0.000        0.000
    20:        0.000
C:
     0:        0.000       17.000      162.000       17.000       99.000
     5:    10703.550      107.690       12.000     1433.510      119.459
    10:       17.000      162.000        0.000        0.000        0.000
    15:        0.000        0.000        0.000        0.000        0.000
    20:        0.000
D:
     0:       28.300       71.250       65.310       18.190        6.480
     5:      173.150       87.880      226.150      123.680        1.660
    10:      523.770      107.690
E:
     0:       19.000       11.000       26.000       27.000        2.000
     5:        4.000       22.000       24.000       12.000       19.000
    10:       11.000        6.000        1.000        2.000        4.000
    15:       22.000       24.000       12.000       19.000       11.000
    20:        2.000        4.000       22.000       24.000       12.000
    25:       20.000       20.000       19.000       11.000        1.000
    30:        1.000        1.000        2.000        4.000       22.000
    35:       24.000       12.000       19.000       11.000        6.000
    40:        6.000        6.000        6.000        6.000        6.000
    45:        6.000        6.000        6.000        2.000        4.000
    50:       22.000       24.000       12.000       19.000       11.000
    55:        6.000        6.000        6.000        6.000        1.000
    60:        1.000        6.000        6.000        6.000        2.000
    65:        4.000       22.000       24.000       12.000       19.000
    70:       11.000        6.000        6.000        6.000        1.000
    75:        1.000        2.000        4.000       22.000       24.000
    80:       12.000        6.000        6.000        6.000        6.000
    85:       19.000       11.000        1.000        1.000        1.000
    90:        1.000        6.000        6.000        6.000        6.000
    95:        6.000        6.000        6.000        6.000        1.000
   100:        1.000        6.000        6.000        6.000        1.000
   105:        1.000        6.000        6.000        1.000        1.000
   110:        1.000        6.000        6.000        6.000        6.000
   115:        6.000        6.000        2.000        4.000       22.000
   120:       24.000       12.000       19.000       11.000        2.000
   125:        4.000       22.000       24.000       12.000       20.000
   130:       19.000       11.000        1.000        1.000        1.000
   135:        1.000        1.000        1.000        6.000        6.000
   140:        1.000        1.000        1.000        1.000        6.000
   145:        6.000        6.000        6.000        1.000        1.000
   150:        1.000        1.000        1.000        1.000        1.000
   155:        1.000        1.000        1.000        1.000        1.000
   160:        1.000        1.000        1.000        1.000        1.000
   165:        1.000        1.000        1.000        1.000        1.000
   170:        1.000        1.000        1.000        1.000        1.000
   175:        1.000        1.000        1.000        1.000        1.000
   180:        1.000        1.000        1.000        1.000        6.000
   185:        1.000        1.000        1.000        1.000        1.000
   190:        1.000        6.000        6.000        1.000        1.000
   195:        1.000        1.000        1.000        1.000        1.000
   200:        1.000        1.000        1.000        1.000        1.000
   205:        6.000        6.000        2.000        4.000       22.000
   210:       24.000       12.000       19.000       11.000        6.000
   215:        6.000        6.000        6.000        1.000        6.000
   220:        6.000        6.000        6.000        6.000        1.000
   225:        1.000        6.000        6.000        6.000        2.000
   230:        4.000       22.000       24.000       12.000       19.000
   235:       11.000        6.000        6.000        6.000        6.000
   240:        6.000        2.000        4.000       22.000       24.000
   245:       12.000       21.000       22.000       19.000       11.000
   250:        6.000        6.000        6.000        6.000        1.000
   255:        1.000        1.000        6.000        6.000        6.000
   260:        6.000        6.000        1.000        6.000        2.000
   265:        4.000       22.000       24.000       12.000        6.000
   270:        6.000        6.000       19.000       11.000        6.000
   275:        6.000        6.000        6.000        6.000        6.000
   280:        1.000        2.000        4.000       22.000       24.000
   285:       12.000       19.000       11.000        1.000        1.000
   290:        1.000        1.000        1.000        1.000        1.000
   295:        1.000        1.000        1.000        1.000        1.000
   300:        1.000        1.000        1.000        1.000        1.000
   305:        1.000        1.000        1.000        1.000        1.000
   310:        1.000        1.000        1.000        1.000        1.000
   315:        1.000        1.000        1.000        1.000        1.000
   320:        1.000        1.000        1.000        1.000        1.000
   325:        1.000        1.000        1.000        1.000        1.000
   330:        1.000        1.000        1.000        1.000        1.000
   335:        1.000        1.000        1.000        1.000        1.000
   340:        1.000        1.000        1.000        1.000        1.000
   345:        6.000        2.000        4.000       22.000       24.000
   350:       12.000       19.000       11.000        1.000        1.000
   355:        1.000        1.000        1.000        6.000        6.000
   360:        6.000        6.000        6.000        6.000        6.000
   365:        1.000        1.000        1.000        1.000        1.000
   370:        1.000        6.000        2.000        4.000       22.000
   375:       24.000       12.000       19.000       11.000      100.000
T:
     0:        0.000        0.000        0.000        0.000       44.170
     5:       44.170       44.170       44.180       44.180       54.170
    10:       54.180       72.480       99.380      222.800      222.800
    15:      222.800      222.810      222.810      232.800      232.810
    20:      300.600      300.600      300.600      300.610      300.610
    25:      303.440      308.050      310.600      310.610      315.400
    30:      315.590      321.570      329.780      329.780      329.780
    35:      329.790      329.790      339.780      339.790      401.040
    40:      401.080      401.870      618.430      618.510      618.940
    45:      620.130      779.840      780.450      936.620      936.620
    50:      936.620      936.630      936.630      946.620      946.630
    55:     1001.940     1004.730     1089.190     1090.090     1095.550
    60:     1362.060     1415.950     1416.040     1416.150     1769.910
    65:     1769.910     1769.910     1769.920     1769.920     1779.910
    70:     1779.920     1788.110     1788.810     1790.460     1995.580
    75:     2006.450     2732.190     2732.190     2732.190     2732.200
    80:     2732.200     2738.680     2738.890     2739.780     2740.460
    85:     2742.190     2742.200     2807.310     2807.550     2808.560
    90:     2825.380     3042.900     3044.430     3051.180     3051.370
    95:     3051.510     3052.520     3102.980     3103.820     3378.730
   100:     3378.780     3434.130     3434.370     3436.970     3645.710
   105:     3651.820     3813.760     3814.490     3977.420     3977.860
   110:     3978.450     4070.950     4071.190     4072.390     4089.410
   115:     4090.990     4094.890     4114.370     4114.370     4114.370
   120:     4114.380     4114.380     4124.370     4124.380     4132.430
   125:     4132.430     4132.430     4132.440     4132.440     4138.900
   130:     4142.430     4142.440     4236.600     4249.900     4250.320
   135:     4269.310     4299.640     4302.130     4305.590     4305.910
   140:     4330.360     4368.310     4368.580     4369.230     4386.600
   145:     4386.950     4390.850     4554.730     4624.970     4625.050
   150:     4632.290     4666.690     4682.730     4771.440     4772.090
   155:     4772.690     4803.570     4837.520     4837.590     4838.120
   160:     4845.240     4846.720     4848.500     4849.340     4849.390
   165:     4850.850     4850.890     4869.420     4869.470     4879.280
   170:     4881.070     4881.730     4883.030     4883.750     4884.060
   175:     4884.550     4885.420     4885.500     4886.170     4888.790
   180:     4889.280     4889.850     5185.970     5187.290     5253.050
   185:     5403.160     5403.420     5410.410     5410.700     5411.100
   190:     5413.390     5739.430     5932.630     6267.210     6305.920
   195:     6306.350     6385.240     6385.320     6485.450     6513.020
   200:     6513.080     6517.870     6518.650     6560.200     6560.290
   205:     6646.580     6691.460     6808.760     6808.760     6808.760
   210:     6808.770     6808.770     6818.760     6818.770     6896.650
   215:     6913.720     6916.460     6917.190     7018.820     7086.560
   220:     7127.760     7128.590     7161.920     7161.970     7284.220
   225:     7286.680     7453.650     7536.720     7542.380     7559.230
   230:     7559.230     7559.230     7559.240     7559.240     7569.230
   235:     7569.240     7785.390     7785.490     7785.580     7789.230
   240:     7790.370     7932.730     7932.730     7932.730     7932.740
   245:     7932.740     7932.940     7932.940     7942.730     7942.740
   250:     8056.420     8057.160     8438.930     8439.180     8528.960
   255:     8536.490     8536.980     8587.240     8587.490     8590.310
   260:     8590.650     8591.250     8604.820     8675.220     8941.110
   265:     8941.110     8941.110     8941.120     8941.120     8942.780
   270:     8942.920     8943.380     8951.110     8951.120     9391.890
   275:     9392.050     9393.280     9521.880     9527.890     9533.760
   280:     9550.940     9808.280     9808.280     9808.280     9808.290
   285:     9808.290     9818.280     9818.290     9924.420     9924.630
   290:     9950.920     9951.540     9952.660     9953.080     9953.480
   295:     9953.770     9955.320     9955.530     9959.090     9959.140
   300:     9959.360     9962.040     9966.550     9966.590     9967.370
   305:     9971.140     9973.430     9975.160     9975.210     9975.270
   310:     9978.190     9978.780     9980.570     9981.110     9981.160
   315:     9982.710     9982.810     9982.890     9983.350     9985.180
   320:     9985.780     9998.560     9999.090    10037.880    10038.150
   325:    10040.770    10043.640    10043.710    10046.930    10047.680
   330:    10048.540    10048.970    10050.540    10051.500    10051.700
   335:    10051.820    10052.670    10059.940    10059.990    10062.760
   340:    10063.350    10063.680    10065.020    10065.380    10266.790
   345:    10332.060    10337.210    10337.210    10337.210    10337.220
   350:    10337.220    10347.210    10347.220    10359.520    10359.700
   355:    10381.310    10381.540    10407.050    10444.910    10445.250
   360:    10449.530    10508.300    10511.580    10512.390    10513.570
   365:    10535.240    10545.160    10545.410    10551.710    10551.930
   370:    10596.070    10670.300    10703.540    10703.540    10703.540
   375:    10703.550    10703.550    10713.540    10713.550    10800.000
