File: C:\MED-PC\Data\2025-03-17_08h54m_Subject 84.txt


Start Date: 03/17/25
End Date: 03/17/25
Subject: 84
Experiment: OralFentSA
Group: One
Box: 12
Start Time: 08:54:25
End Time: 11:54:32
MSN: 20241014_Golden_Liq_SelfAdmin
F:       0.000
G:    1346.000
H:   10800.000
I:       0.000
J:       0.000
K:       0.000
L:       0.000
M:       0.000
N:       0.000
O:       0.000
P:       0.000
Q:       0.000
R:       0.000
S:       0.000
U:       0.000
V:       0.000
W:       0.000
X:       0.000
Y:       0.000
Z:       0.000
A:
     0:        0.000        0.000      180.000        4.000        0.000
     5:        5.000        0.000        5.000        0.000        0.000
    10:        1.000        0.000       10.000 30000000.000       23.000
    15:       15.000      640.000        0.000        0.000        0.000
    20:        0.000
B:
     0:        0.000        0.000        0.000      400.000        0.000
     5:      500.000        0.000      500.000        0.000        0.000
    10:        0.000        0.000     1000.000 3000000000.000        0.000
    15:        0.000        0.000        0.000        0.000        0.000
    20:        0.000
C:
     0:       61.000       62.000       35.000       95.000      385.000
     5:    10074.030        2.830       42.000     2243.400       53.414
    10:       95.000       35.000        0.000        0.000        0.000
    15:        0.000        0.000        0.000        0.000        0.000
    20:        0.000
D:
     0:        8.180      105.020      141.480       42.870       75.850
     5:       18.380       52.180      144.900      102.970        3.170
    10:      346.510       35.090        2.220       80.410        1.710
    15:       53.260        3.590        1.380        9.920       20.560
    20:        6.860       41.090       29.760        7.040       27.770
    25:       62.060      258.570        4.210       16.300       13.670
    30:       18.520      214.170        1.840       13.200       36.230
    35:        5.760       10.540        1.860      144.640        8.330
    40:       68.500        2.830
E:
     0:       19.000       11.000       26.000       27.000        6.000
     5:        6.000        6.000        6.000        6.000        6.000
    10:        6.000        6.000        6.000        6.000        2.000
    15:        4.000       22.000       24.000       12.000       13.000
    20:        8.000        5.000       17.000       18.000       14.000
    25:       10.000        6.000        6.000       19.000       11.000
    30:        6.000        6.000        6.000        6.000        6.000
    35:        6.000        6.000        6.000        6.000        6.000
    40:        6.000        6.000        6.000        6.000        6.000
    45:        6.000        6.000        6.000        6.000        6.000
    50:        6.000        6.000        6.000        6.000        6.000
    55:        6.000        6.000        6.000        6.000        6.000
    60:        6.000        6.000        6.000        6.000        2.000
    65:        4.000       22.000       24.000       12.000       13.000
    70:        8.000        5.000       17.000       18.000       14.000
    75:       10.000       19.000       11.000        6.000        6.000
    80:        6.000        6.000        2.000        4.000       22.000
    85:       24.000       12.000       13.000        8.000        5.000
    90:       17.000       18.000       14.000       10.000       21.000
    95:       22.000       19.000       11.000        1.000        2.000
   100:        4.000       22.000       24.000       12.000       13.000
   105:        8.000        5.000       17.000       18.000       14.000
   110:       10.000       19.000       11.000        6.000        2.000
   115:        4.000       22.000       24.000       12.000       13.000
   120:        8.000        5.000       17.000       18.000       14.000
   125:       10.000       19.000       11.000        2.000        4.000
   130:       22.000       24.000       12.000       13.000        8.000
   135:        5.000       17.000       21.000       22.000       18.000
   140:       14.000       10.000       19.000       11.000        6.000
   145:        6.000        6.000        6.000        2.000        4.000
   150:       22.000       24.000       12.000       13.000        8.000
   155:        5.000       17.000       21.000       22.000       18.000
   160:       14.000       10.000       19.000       11.000        2.000
   165:        4.000       22.000       24.000       12.000       13.000
   170:        8.000        5.000       17.000       18.000       14.000
   175:       10.000       19.000       11.000        6.000        6.000
   180:        6.000        6.000        6.000        6.000        6.000
   185:        6.000        6.000        6.000        6.000        1.000
   190:        2.000        4.000       22.000       24.000       12.000
   195:       13.000        8.000        5.000       17.000       18.000
   200:       14.000       10.000       19.000       11.000        6.000
   205:        6.000        6.000        6.000        6.000        6.000
   210:        2.000        4.000       22.000       24.000       12.000
   215:       13.000        8.000        5.000       17.000       18.000
   220:       14.000       10.000       19.000       11.000        6.000
   225:        2.000        4.000       22.000       24.000       12.000
   230:       13.000        8.000        5.000       17.000       18.000
   235:       14.000       10.000       19.000       11.000        2.000
   240:        4.000       22.000       24.000       12.000       13.000
   245:        8.000        5.000       17.000       18.000       14.000
   250:       10.000       19.000       11.000        6.000        6.000
   255:        6.000        6.000        2.000        4.000       22.000
   260:       24.000       12.000       13.000        8.000        5.000
   265:       17.000       21.000       22.000       21.000       22.000
   270:       18.000       14.000       10.000       19.000       11.000
   275:        6.000        6.000        6.000        6.000        6.000
   280:        2.000        4.000       22.000       24.000       12.000
   285:       13.000        8.000        5.000       17.000        6.000
   290:       18.000       14.000       10.000       19.000       11.000
   295:        2.000        4.000       22.000       24.000       12.000
   300:       13.000        8.000        5.000       17.000       18.000
   305:       14.000       10.000       20.000       19.000       11.000
   310:        1.000        6.000        2.000        4.000       22.000
   315:       24.000       12.000       13.000        8.000        5.000
   320:       17.000       18.000       14.000       10.000       19.000
   325:       11.000        6.000        6.000        6.000        6.000
   330:        6.000        6.000        2.000        4.000       22.000
   335:       24.000       12.000       13.000        8.000        5.000
   340:       17.000        6.000       18.000       14.000       10.000
   345:       19.000       11.000        2.000        4.000       22.000
   350:       24.000       12.000       13.000        8.000        5.000
   355:       17.000       21.000       22.000       18.000       14.000
   360:       10.000       21.000       22.000       19.000       11.000
   365:        2.000        4.000       22.000       24.000       12.000
   370:       13.000        8.000        5.000       17.000       18.000
   375:       14.000       10.000       19.000       11.000        6.000
   380:        6.000        2.000        4.000       22.000       24.000
   385:       12.000       13.000        8.000        5.000       17.000
   390:        6.000        6.000       18.000       14.000       10.000
   395:       19.000       11.000        6.000        6.000        6.000
   400:        2.000        4.000       22.000       24.000       12.000
   405:       13.000        8.000        5.000       17.000       18.000
   410:       14.000       10.000       19.000       11.000        2.000
   415:        4.000       22.000       24.000       12.000       13.000
   420:        8.000        5.000       17.000       18.000       21.000
   425:       22.000       14.000       10.000       19.000       11.000
   430:        6.000        6.000        6.000        6.000        1.000
   435:        1.000        2.000        4.000       22.000       24.000
   440:       12.000       13.000        8.000        5.000       17.000
   445:       18.000       14.000       10.000       19.000       11.000
   450:        2.000        4.000       22.000       24.000       12.000
   455:       13.000        8.000        5.000       17.000       18.000
   460:       14.000       10.000       19.000       11.000        2.000
   465:        4.000       22.000       24.000       12.000       13.000
   470:        8.000        5.000       17.000       21.000       22.000
   475:        6.000       18.000       14.000       10.000       21.000
   480:       22.000       21.000       22.000        6.000        6.000
   485:       19.000       11.000        2.000        4.000       22.000
   490:       24.000       12.000       13.000        8.000        5.000
   495:       17.000       18.000       14.000       10.000       19.000
   500:       11.000        2.000        4.000       22.000       24.000
   505:       12.000       13.000        8.000        5.000       17.000
   510:        6.000       18.000       14.000       10.000       19.000
   515:       11.000        1.000        2.000        4.000       22.000
   520:       24.000       12.000       13.000        8.000        5.000
   525:       17.000       18.000       14.000       10.000       21.000
   530:       22.000        6.000       19.000       11.000        2.000
   535:        4.000       22.000       24.000       12.000       13.000
   540:        8.000        5.000       17.000       18.000       14.000
   545:       10.000       19.000       11.000        2.000        4.000
   550:       22.000       24.000       12.000       13.000        8.000
   555:        5.000       17.000       21.000       22.000       18.000
   560:       14.000       10.000       19.000       11.000        1.000
   565:        6.000        6.000        1.000        1.000        2.000
   570:        4.000       22.000       24.000       12.000       13.000
   575:        8.000        5.000       17.000       20.000       18.000
   580:       14.000       10.000        6.000        6.000       19.000
   585:       11.000        6.000        1.000        1.000        2.000
   590:        4.000       22.000       24.000       12.000       13.000
   595:        8.000        5.000       17.000       18.000       14.000
   600:       10.000       19.000       11.000        6.000        6.000
   605:        6.000        1.000        2.000        4.000       22.000
   610:       24.000       12.000       13.000        8.000        5.000
   615:       17.000       18.000       14.000       10.000       19.000
   620:       11.000        1.000        6.000        6.000        6.000
   625:        6.000        1.000        1.000        6.000        6.000
   630:        2.000        4.000       22.000       24.000       12.000
   635:       13.000        8.000        5.000       17.000       21.000
   640:       22.000       18.000       14.000       10.000       19.000
   645:       11.000        2.000        4.000       22.000       24.000
   650:       12.000       13.000        8.000        5.000       17.000
   655:       18.000       14.000       10.000        6.000       19.000
   660:       11.000        2.000        4.000       22.000       24.000
   665:       12.000       13.000        8.000        5.000       17.000
   670:       21.000       22.000       18.000       14.000       10.000
   675:       19.000       11.000        6.000        6.000        6.000
   680:        6.000        6.000        1.000        6.000        2.000
   685:        4.000       22.000       24.000       12.000       13.000
   690:        8.000        5.000       17.000       21.000       22.000
   695:       18.000       14.000       10.000       21.000       22.000
   700:       21.000       22.000       19.000       11.000        6.000
   705:        6.000        6.000        6.000        1.000        6.000
   710:        2.000        4.000       22.000       24.000       12.000
   715:       13.000        8.000        5.000       17.000       18.000
   720:       14.000       10.000       19.000       11.000        1.000
   725:        6.000        6.000        6.000        6.000        6.000
   730:        6.000        6.000        6.000        6.000        6.000
   735:        6.000        6.000        6.000        6.000        6.000
   740:        6.000        6.000        6.000        6.000        6.000
   745:        6.000        6.000        6.000        6.000        6.000
   750:        6.000        6.000        6.000        6.000        6.000
   755:        6.000        6.000        6.000        6.000        2.000
   760:        4.000       22.000       24.000       12.000       13.000
   765:        8.000        5.000       17.000       21.000       22.000
   770:       18.000        6.000        6.000       14.000       10.000
   775:       19.000       11.000        6.000        6.000        6.000
   780:        6.000        6.000        6.000        6.000        6.000
   785:        6.000        6.000        6.000        2.000        4.000
   790:       22.000       24.000       12.000       13.000        8.000
   795:        5.000       17.000       21.000       22.000       21.000
   800:       22.000       18.000       14.000       10.000       19.000
   805:       11.000        6.000        6.000        2.000        4.000
   810:       22.000       24.000       12.000       13.000        8.000
   815:        5.000       17.000       21.000       22.000       18.000
   820:       14.000       10.000       19.000       11.000        2.000
   825:        4.000       22.000       24.000       12.000       13.000
   830:        8.000        5.000       17.000       21.000       22.000
   835:       18.000       14.000       10.000       19.000       11.000
   840:        1.000        1.000        1.000        1.000        1.000
   845:        2.000        4.000       22.000       24.000       12.000
   850:       13.000        8.000        5.000       17.000       18.000
   855:       14.000       10.000       19.000       11.000        6.000
   860:        1.000        2.000        4.000       22.000       24.000
   865:       12.000       13.000        8.000        5.000       17.000
   870:       18.000       14.000       10.000       19.000       11.000
   875:        6.000        6.000        6.000        6.000        6.000
   880:        6.000        6.000        6.000        6.000        6.000
   885:        6.000        6.000        6.000        2.000        4.000
   890:       22.000       24.000       12.000       13.000        8.000
   895:        5.000       17.000       18.000       21.000       22.000
   900:       14.000       10.000       19.000       11.000        2.000
   905:        4.000       22.000       24.000       12.000       13.000
   910:        8.000        5.000       17.000       21.000       22.000
   915:       18.000       14.000       10.000       20.000       20.000
   920:       19.000       11.000        6.000        6.000        6.000
   925:        6.000        6.000        6.000        6.000        6.000
   930:        2.000        4.000       22.000       24.000       12.000
   935:       13.000        8.000        5.000       17.000        6.000
   940:        6.000        6.000        6.000       18.000       14.000
   945:       10.000       19.000       11.000        2.000        4.000
   950:       22.000       24.000       12.000       13.000        8.000
   955:        5.000       17.000       18.000       14.000       10.000
   960:       19.000       11.000        2.000        4.000       22.000
   965:       24.000       12.000       13.000        8.000        5.000
   970:       17.000       18.000       14.000       10.000       19.000
   975:       11.000        2.000        4.000       22.000       24.000
   980:       12.000       13.000        8.000        5.000       17.000
   985:       21.000       22.000       18.000       14.000       10.000
   990:       21.000       22.000       19.000       11.000        2.000
   995:        4.000       22.000       24.000       12.000       13.000
  1000:        8.000        5.000       17.000       18.000       21.000
  1005:       22.000       14.000       10.000       19.000       11.000
  1010:        2.000        4.000       22.000       24.000       12.000
  1015:       13.000        8.000        5.000       17.000       18.000
  1020:       14.000       10.000       19.000       11.000        6.000
  1025:        2.000        4.000       22.000       24.000       12.000
  1030:       13.000        8.000        5.000       17.000       18.000
  1035:       14.000       10.000       19.000       11.000        6.000
  1040:        1.000        1.000        1.000        2.000        4.000
  1045:       22.000       24.000       12.000       13.000        8.000
  1050:        5.000       17.000       18.000       14.000       10.000
  1055:        6.000        6.000        6.000        6.000        6.000
  1060:        6.000        6.000        6.000        6.000        6.000
  1065:       19.000       11.000        6.000        6.000        6.000
  1070:        6.000        6.000        6.000        6.000        6.000
  1075:        6.000        6.000        6.000        6.000        6.000
  1080:        6.000        6.000        6.000        6.000        6.000
  1085:        6.000        6.000        6.000        6.000        6.000
  1090:        6.000        6.000        6.000        6.000        6.000
  1095:        6.000        6.000        6.000        6.000        6.000
  1100:        6.000        2.000        4.000       22.000       24.000
  1105:       12.000       13.000        8.000        5.000       17.000
  1110:       18.000       14.000       10.000       19.000       11.000
  1115:        6.000        6.000        6.000        6.000        2.000
  1120:        4.000       22.000       24.000       12.000       13.000
  1125:        8.000        5.000       17.000       18.000       14.000
  1130:       10.000       21.000       22.000       21.000       22.000
  1135:       19.000       11.000        2.000        4.000       22.000
  1140:       24.000       12.000       13.000        8.000        5.000
  1145:       17.000        6.000       18.000       21.000       22.000
  1150:       21.000       22.000       14.000       10.000       19.000
  1155:       11.000        1.000        6.000        2.000        4.000
  1160:       22.000       24.000       12.000       13.000        8.000
  1165:        5.000       17.000       18.000       14.000       10.000
  1170:       19.000       11.000        1.000        6.000        2.000
  1175:        4.000       22.000       24.000       12.000       13.000
  1180:        8.000        5.000       17.000       21.000       22.000
  1185:       21.000       22.000       18.000       14.000       10.000
  1190:        6.000       19.000       11.000        6.000        6.000
  1195:        2.000        4.000       22.000       24.000       12.000
  1200:       13.000        8.000        5.000       17.000       18.000
  1205:       14.000       10.000       19.000       11.000        1.000
  1210:        1.000        6.000        6.000        6.000        6.000
  1215:        6.000        6.000        6.000        6.000        6.000
  1220:        2.000        4.000       22.000       24.000       12.000
  1225:       13.000        8.000        5.000       17.000        6.000
  1230:        6.000        6.000        6.000        6.000        6.000
  1235:       18.000       14.000       10.000        6.000        6.000
  1240:        6.000        6.000        6.000        6.000        6.000
  1245:        6.000        6.000        6.000       19.000       11.000
  1250:        6.000        6.000        6.000        6.000        6.000
  1255:        6.000        6.000        6.000        6.000        6.000
  1260:        6.000        6.000        6.000        6.000        6.000
  1265:        6.000        6.000        6.000        6.000        6.000
  1270:        6.000        6.000        6.000        6.000        6.000
  1275:        6.000        6.000        6.000        6.000        6.000
  1280:        6.000        6.000        6.000        6.000        6.000
  1285:        6.000        6.000        6.000        6.000        6.000
  1290:        6.000        6.000        6.000        6.000        6.000
  1295:        6.000        6.000        6.000        6.000        6.000
  1300:        6.000        6.000        6.000        6.000        6.000
  1305:        6.000        6.000        6.000        6.000        6.000
  1310:        6.000        6.000        6.000        6.000        6.000
  1315:        6.000        6.000        6.000        6.000        6.000
  1320:        6.000        6.000        6.000        6.000        6.000
  1325:        6.000        6.000        6.000        6.000        6.000
  1330:        6.000        6.000        6.000        6.000        6.000
  1335:        6.000        6.000        6.000        6.000        6.000
  1340:        6.000        6.000        6.000        6.000        6.000
  1345:        6.000      100.000
T:
     0:        0.000        0.000        0.000        0.000       10.510
     5:       13.100       40.720       40.950       41.300       41.510
    10:       41.570       41.770       41.810       41.920       43.960
    15:       43.960       43.960       43.970       43.970       43.970
    20:       43.970       43.970       43.970       47.970       48.970
    25:       48.970       52.150       53.440       53.960       53.970
    30:       54.160       54.260       64.970       65.010      102.640
    35:      104.150      105.060      105.160      105.340      105.460
    40:      105.650      105.730      106.430      106.490      107.820
    45:      108.800      109.130      109.240      111.290      111.870
    50:      164.700      165.750      165.950      168.190      169.320
    55:      169.420      169.490      169.800      169.910      199.250
    60:      201.070      222.850      223.010      223.470      266.420
    65:      266.420      266.420      266.430      266.430      266.430
    70:      266.430      266.430      266.430      270.430      271.430
    75:      271.430      276.420      276.430      371.450      371.730
    80:      380.610      381.650      386.920      386.920      386.920
    85:      386.930      386.930      386.930      386.930      386.930
    90:      386.930      390.930      391.930      391.930      392.150
    95:      392.150      396.920      396.930      452.460      460.900
   100:      460.900      460.900      460.910      460.910      460.910
   105:      460.910      460.910      460.910      464.910      465.910
   110:      465.910      470.900      470.910      602.390      610.940
   115:      610.940      610.940      610.950      610.950      610.950
   120:      610.950      610.950      610.950      614.950      615.950
   125:      615.950      620.940      620.950      633.820      633.820
   130:      633.820      633.830      633.830      633.830      633.830
   135:      633.830      633.830      637.680      637.680      637.830
   140:      638.830      638.830      643.820      643.830      676.700
   145:      679.690      703.880      710.460      713.040      713.040
   150:      713.040      713.050      713.050      713.050      713.050
   155:      713.050      713.050      713.700      713.700      717.050
   160:      718.050      718.050      723.040      723.050      725.840
   165:      725.840      725.840      725.850      725.850      725.850
   170:      725.850      725.850      725.850      729.850      730.850
   175:      730.850      735.840      735.850      801.700      801.780
   180:      858.510      914.030     1152.590     1153.310     1156.320
   185:     1157.470     1158.360     1158.430     1158.520     1204.720
   190:     1288.510     1288.510     1288.510     1288.520     1288.520
   195:     1288.520     1288.520     1288.520     1288.520     1292.520
   200:     1293.520     1293.520     1298.510     1298.520     1306.900
   205:     1307.590     1308.060     1309.910     1393.660     1597.820
   210:     1601.480     1601.480     1601.480     1601.490     1601.490
   215:     1601.490     1601.490     1601.490     1601.490     1605.490
   220:     1606.490     1606.490     1611.480     1611.490     1653.670
   225:     1822.860     1822.860     1822.860     1822.870     1822.870
   230:     1822.870     1822.870     1822.870     1822.870     1826.870
   235:     1827.870     1827.870     1832.860     1832.870     1835.420
   240:     1835.420     1835.420     1835.430     1835.430     1835.430
   245:     1835.430     1835.430     1835.430     1839.430     1840.430
   250:     1840.430     1845.420     1845.430     1980.330     1980.450
   255:     1980.540     1985.980     1999.160     1999.160     1999.160
   260:     1999.170     1999.170     1999.170     1999.170     1999.170
   265:     1999.170     1999.380     1999.380     1999.760     1999.760
   270:     2003.170     2004.170     2004.170     2009.160     2009.170
   275:     2102.140     2103.990     2104.040     2104.270     2104.330
   280:     2109.740     2109.740     2109.740     2109.750     2109.750
   285:     2109.750     2109.750     2109.750     2109.750     2112.920
   290:     2113.750     2114.750     2114.750     2119.740     2119.750
   295:     2126.200     2126.200     2126.200     2126.210     2126.210
   300:     2126.210     2126.210     2126.210     2126.210     2130.210
   305:     2131.210     2131.210     2133.930     2136.200     2136.210
   310:     2418.230     2472.720     2476.180     2476.180     2476.180
   315:     2476.190     2476.190     2476.190     2476.190     2476.190
   320:     2476.190     2480.190     2481.190     2481.190     2486.180
   325:     2486.190     2511.280     2511.370     2511.980     2512.040
   330:     2512.280     2512.340     2516.110     2516.110     2516.110
   335:     2516.120     2516.120     2516.120     2516.120     2516.120
   340:     2516.120     2518.340     2520.120     2521.120     2521.120
   345:     2526.110     2526.120     2651.700     2651.700     2651.700
   350:     2651.710     2651.710     2651.710     2651.710     2651.710
   355:     2651.710     2655.420     2655.420     2655.710     2656.710
   360:     2656.710     2659.720     2659.720     2661.700     2661.710
   365:     2678.800     2678.800     2678.800     2678.810     2678.810
   370:     2678.810     2678.810     2678.810     2678.810     2682.810
   375:     2683.810     2683.810     2688.800     2688.810     2759.220
   380:     2764.230     2768.470     2768.470     2768.470     2768.480
   385:     2768.480     2768.480     2768.480     2768.480     2768.480
   390:     2770.190     2770.320     2772.480     2773.480     2773.480
   395:     2778.470     2778.480     2790.650     2848.780     2891.020
   400:     2916.080     2916.080     2916.080     2916.090     2916.090
   405:     2916.090     2916.090     2916.090     2916.090     2920.090
   410:     2921.090     2921.090     2926.080     2926.090     2939.150
   415:     2939.150     2939.150     2939.160     2939.160     2939.160
   420:     2939.160     2939.160     2939.160     2943.160     2943.770
   425:     2943.770     2944.160     2944.160     2949.150     2949.160
   430:     2992.420     3218.480     3218.990     3248.480     3327.190
   435:     3332.000     3363.670     3363.670     3363.670     3363.680
   440:     3363.680     3363.680     3363.680     3363.680     3363.680
   445:     3367.680     3368.680     3368.680     3373.670     3373.680
   450:     3422.960     3422.960     3422.960     3422.970     3422.970
   455:     3422.970     3422.970     3422.970     3422.970     3426.970
   460:     3427.970     3427.970     3432.960     3432.970     3509.550
   465:     3509.550     3509.550     3509.560     3509.560     3509.560
   470:     3509.560     3509.560     3509.560     3511.230     3511.230
   475:     3513.150     3513.560     3514.560     3514.560     3514.560
   480:     3514.560     3517.130     3517.130     3519.100     3519.160
   485:     3519.550     3519.560     3606.950     3606.950     3606.950
   490:     3606.960     3606.960     3606.960     3606.960     3606.960
   495:     3606.960     3610.960     3611.960     3611.960     3616.950
   500:     3616.960     3640.510     3640.510     3640.510     3640.520
   505:     3640.520     3640.520     3640.520     3640.520     3640.520
   510:     3641.900     3644.520     3645.520     3645.520     3650.510
   515:     3650.520     3717.290     3819.790     3819.790     3819.790
   520:     3819.800     3819.800     3819.800     3819.800     3819.800
   525:     3819.800     3823.800     3824.800     3824.800     3828.270
   530:     3828.270     3829.720     3829.790     3829.800     3832.450
   535:     3832.450     3832.450     3832.460     3832.460     3832.460
   540:     3832.460     3832.460     3832.460     3836.460     3837.460
   545:     3837.460     3842.450     3842.460     4024.080     4024.080
   550:     4024.080     4024.090     4024.090     4024.090     4024.090
   555:     4024.090     4024.090     4026.210     4026.210     4028.090
   560:     4029.090     4029.090     4034.080     4034.090     4035.510
   565:     4044.650     4045.210     4128.310     4129.010     4196.030
   570:     4196.030     4196.030     4196.040     4196.040     4196.040
   575:     4196.040     4196.040     4196.040     4199.440     4200.040
   580:     4201.040     4201.040     4202.900     4204.100     4206.030
   585:     4206.040     4382.910     4391.300     4392.610     4410.650
   590:     4410.650     4410.650     4410.660     4410.660     4410.660
   595:     4410.660     4410.660     4410.660     4414.660     4415.660
   600:     4415.660     4420.650     4420.660     4451.750     4473.470
   605:     4727.990     4738.030     4745.260     4745.260     4745.260
   610:     4745.270     4745.270     4745.270     4745.270     4745.270
   615:     4745.270     4749.270     4750.270     4750.270     4755.260
   620:     4755.270     4758.970     4775.030     4839.520     4885.460
   625:     4887.940     4911.880     4913.960     4933.640     4934.040
   630:     5083.570     5083.570     5083.570     5083.580     5083.580
   635:     5083.580     5083.580     5083.580     5083.580     5085.390
   640:     5085.390     5087.580     5088.580     5088.580     5093.570
   645:     5093.580     5204.410     5204.410     5204.410     5204.420
   650:     5204.420     5204.420     5204.420     5204.420     5204.420
   655:     5208.420     5209.420     5209.420     5211.460     5214.410
   660:     5214.420     5218.690     5218.690     5218.690     5218.700
   665:     5218.700     5218.700     5218.700     5218.700     5218.700
   670:     5220.190     5220.190     5222.700     5223.700     5223.700
   675:     5228.690     5228.700     5246.470     5249.640     5249.880
   680:     5251.880     5255.700     5266.560     5407.340     5710.710
   685:     5710.710     5710.710     5710.720     5710.720     5710.720
   690:     5710.720     5710.720     5710.720     5711.520     5711.520
   695:     5714.720     5715.720     5715.720     5719.250     5719.250
   700:     5719.760     5719.760     5720.710     5720.720     5772.780
   705:     5961.760     6281.910     6282.270     6318.560     6345.440
   710:     6347.410     6347.410     6347.410     6347.420     6347.420
   715:     6347.420     6347.420     6347.420     6347.420     6351.420
   720:     6352.420     6352.420     6357.410     6357.420     6500.020
   725:     6605.990     6671.120     6671.370     6672.750     6672.980
   730:     6673.320     6673.400     6673.430     6673.460     6673.600
   735:     6674.140     6674.830     6674.940     6675.030     6675.350
   740:     6675.370     6675.410     6675.460     6675.520     6675.820
   745:     6675.870     6675.920     6676.590     6676.650     6676.690
   750:     6678.130     6678.640     6678.810     6678.850     6679.220
   755:     6679.240     6679.320     6680.270     6680.470     6683.660
   760:     6683.660     6683.660     6683.670     6683.670     6683.670
   765:     6683.670     6683.670     6683.670     6685.200     6685.200
   770:     6687.670     6687.880     6688.140     6688.670     6688.670
   775:     6693.660     6693.670     6831.390     6965.660     6971.700
   780:     6981.130     6982.470     6998.490     6999.110     6999.160
   785:     7164.350     7164.410     7164.560     7251.040     7251.040
   790:     7251.040     7251.050     7251.050     7251.050     7251.050
   795:     7251.050     7251.050     7253.110     7253.110     7254.040
   800:     7254.040     7255.050     7256.050     7256.050     7261.040
   805:     7261.050     7267.350     7321.360     7343.420     7343.420
   810:     7343.420     7343.430     7343.430     7343.430     7343.430
   815:     7343.430     7343.430     7344.860     7344.860     7347.430
   820:     7348.430     7348.430     7353.420     7353.430     7422.500
   825:     7422.500     7422.500     7422.510     7422.510     7422.510
   830:     7422.510     7422.510     7422.510     7423.660     7423.660
   835:     7426.510     7427.510     7427.510     7432.500     7432.510
   840:     7504.610     7506.840     7521.430     7522.630     7522.700
   845:     7527.330     7527.330     7527.330     7527.340     7527.340
   850:     7527.340     7527.340     7527.340     7527.340     7531.340
   855:     7532.340     7532.340     7537.330     7537.340     7541.010
   860:     7619.890     7655.820     7655.820     7655.820     7655.830
   865:     7655.830     7655.830     7655.830     7655.830     7655.830
   870:     7659.830     7660.830     7660.830     7665.820     7665.830
   875:     7674.350     7675.390     7676.170     7677.210     7678.010
   880:     7843.950     7844.020     7844.100     7844.220     7844.910
   885:     7943.100     7945.890     7955.330     7958.010     7958.010
   890:     7958.010     7958.020     7958.020     7958.020     7958.020
   895:     7958.020     7958.020     7962.020     7962.120     7962.120
   900:     7963.020     7963.020     7968.010     7968.020     8075.550
   905:     8075.550     8075.550     8075.560     8075.560     8075.560
   910:     8075.560     8075.560     8075.560     8075.890     8075.890
   915:     8079.560     8080.560     8080.560     8082.240     8082.770
   920:     8085.550     8085.560     8289.730     8294.660     8295.210
   925:     8295.310     8295.520     8303.880     8304.010     8304.110
   930:     8306.860     8306.860     8306.860     8306.870     8306.870
   935:     8306.870     8306.870     8306.870     8306.870     8308.710
   940:     8308.760     8308.820     8308.920     8310.870     8311.870
   945:     8311.870     8316.860     8316.870     8329.970     8329.970
   950:     8329.970     8329.980     8329.980     8329.980     8329.980
   955:     8329.980     8329.980     8333.980     8334.980     8334.980
   960:     8339.970     8339.980     8348.330     8348.330     8348.330
   965:     8348.340     8348.340     8348.340     8348.340     8348.340
   970:     8348.340     8352.340     8353.340     8353.340     8358.330
   975:     8358.340     8411.580     8411.580     8411.580     8411.590
   980:     8411.590     8411.590     8411.590     8411.590     8411.590
   985:     8415.240     8415.240     8415.590     8416.590     8416.590
   990:     8418.370     8418.370     8421.580     8421.590     8428.910
   995:     8428.910     8428.910     8428.920     8428.920     8428.920
  1000:     8428.920     8428.920     8428.920     8432.920     8433.400
  1005:     8433.400     8433.920     8433.920     8438.910     8438.920
  1010:     8439.710     8439.710     8439.710     8439.720     8439.720
  1015:     8439.720     8439.720     8439.720     8439.720     8443.720
  1020:     8444.720     8444.720     8449.710     8449.720     8452.920
  1025:     8510.980     8510.980     8510.980     8510.990     8510.990
  1030:     8510.990     8510.990     8510.990     8510.990     8514.990
  1035:     8515.990     8515.990     8520.980     8520.990     8547.220
  1040:     8638.880     8639.820     8640.160     8823.980     8823.980
  1045:     8823.980     8823.990     8823.990     8823.990     8823.990
  1050:     8823.990     8823.990     8827.990     8828.990     8828.990
  1055:     8829.750     8830.320     8830.850     8831.260     8831.420
  1060:     8831.580     8831.660     8833.470     8833.750     8833.800
  1065:     8833.980     8833.990     8834.620     8835.080     8835.140
  1070:     8835.560     8835.680     8838.160     8838.440     8838.690
  1075:     8838.710     8838.820     8838.870     8838.910     8839.030
  1080:     8839.470     8839.620     8840.020     8840.100     8840.240
  1085:     8840.370     8840.520     8840.540     8841.150     8841.290
  1090:     8841.340     8841.590     8842.840     8843.980     8844.020
  1095:     8844.080     8844.130     8844.150     8844.560     8845.110
  1100:     8919.250     8928.970     8928.970     8928.970     8928.980
  1105:     8928.980     8928.980     8928.980     8928.980     8928.980
  1110:     8932.980     8933.980     8933.980     8938.970     8938.980
  1115:     8939.520     8939.760     8939.960     8941.430     9064.720
  1120:     9064.720     9064.720     9064.730     9064.730     9064.730
  1125:     9064.730     9064.730     9064.730     9068.730     9069.730
  1130:     9069.730     9071.430     9071.430     9073.880     9073.880
  1135:     9074.720     9074.730     9244.200     9244.200     9244.200
  1140:     9244.210     9244.210     9244.210     9244.210     9244.210
  1145:     9244.210     9246.070     9248.210     9248.560     9248.560
  1150:     9249.100     9249.100     9249.210     9249.210     9254.200
  1155:     9254.210     9256.870     9739.070     9832.120     9832.120
  1160:     9832.120     9832.130     9832.130     9832.130     9832.130
  1165:     9832.130     9832.130     9836.130     9837.130     9837.130
  1170:     9842.120     9842.130     9922.490     9976.770     9986.470
  1175:     9986.470     9986.470     9986.480     9986.480     9986.480
  1180:     9986.480     9986.480     9986.480     9987.510     9987.510
  1185:     9987.620     9987.620     9990.480     9991.480     9991.480
  1190:     9994.810     9996.470     9996.480     9996.740     9997.490
  1195:    10001.550    10001.550    10001.550    10001.560    10001.560
  1200:    10001.560    10001.560    10001.560    10001.560    10005.560
  1205:    10006.560    10006.560    10011.550    10011.560    10026.540
  1210:    10027.030    10070.060    10070.120    10070.290    10070.310
  1215:    10070.410    10071.250    10071.300    10071.350    10071.390
  1220:    10074.020    10074.020    10074.020    10074.030    10074.030
  1225:    10074.030    10074.030    10074.030    10074.030    10076.860
  1230:    10077.020    10077.160    10077.290    10077.330    10077.410
  1235:    10078.030    10079.030    10079.030    10079.840    10080.290
  1240:    10080.510    10080.540    10081.120    10081.360    10081.570
  1245:    10082.780    10083.050    10083.300    10084.020    10084.030
  1250:    10084.050    10084.960    10084.990    10086.230    10087.440
  1255:    10087.820    10088.180    10088.480    10088.770    10088.880
  1260:    10089.190    10089.490    10089.530    10089.610    10089.660
  1265:    10089.680    10090.260    10090.370    10091.150    10091.380
  1270:    10091.600    10092.050    10092.250    10093.200    10093.220
  1275:    10093.280    10093.300    10093.490    10093.550    10093.640
  1280:    10098.770    10111.460    10111.510    10111.560    10111.600
  1285:    10111.620    10112.310    10112.760    10112.780    10113.210
  1290:    10113.740    10115.880    10116.630    10118.170    10120.240
  1295:    10124.610    10126.240    10127.130    10128.560    10128.710
  1300:    10129.160    10129.180    10129.240    10129.300    10129.330
  1305:    10129.380    10129.470    10129.490    10130.310    10131.030
  1310:    10131.220    10132.240    10132.330    10132.710    10132.750
  1315:    10133.790    10133.960    10134.000    10134.110    10134.640
  1320:    10135.090    10136.090    10137.890    10138.450    10138.540
  1325:    10139.830    10142.700    10510.050    10511.290    10511.910
  1330:    10512.010    10512.270    10513.070    10513.700    10518.280
  1335:    10519.250    10519.430    10519.590    10519.630    10558.640
  1340:    10560.330    10606.850    10607.550    10610.080    10623.540
  1345:    10625.350    10800.000
