File: C:\MED-PC\Data\2025-03-26_10h13m_Subject 75.txt


Start Date: 03/26/25
End Date: 03/26/25
Subject: 75
Experiment: OralFentSA
Group: One
Box: 3
Start Time: 10:13:09
End Time: 13:13:39
MSN: Golden_Liq_SelfAdmin_EXT
F:       0.000
G:     342.000
H:   10800.000
I:       0.000
J:       0.000
K:       0.000
L:       0.000
M:       0.000
N:       0.000
O:       0.000
P:       0.000
Q:       0.000
R:       0.000
S:       0.000
U:       0.000
V:       0.000
W:       0.000
X:       0.000
Y:       0.000
Z:       0.000
A:
     0:        0.000        0.000      180.000        4.000        0.000
     5:        5.000        0.000        5.000        0.000        0.000
    10:        1.000        0.000       10.000   100000.000       24.000
    15:       18.000      600.000        0.000        0.000        0.000
    20:        0.000
B:
     0:        0.000        0.000        0.000        0.000        0.000
     5:        0.000        0.000        0.000        0.000        0.000
    10:        0.000        0.000     1000.000 10000000.000        0.000
    15:        0.000        0.000        0.000        0.000        0.000
    20:        0.000
C:
     0:        0.000       20.000       51.000       41.000      110.000
     5:    10124.490      212.490       14.000     1534.550      109.611
    10:       41.000       51.000        0.000        0.000        0.000
    15:        0.000        0.000        0.000        0.000        0.000
    20:        0.000
D:
     0:       10.340        1.330      294.100        2.430       16.250
     5:        2.600      384.510      339.380        3.700      250.850
    10:       10.100        1.300        5.170      212.490
E:
     0:       19.000       11.000       26.000       27.000        6.000
     5:        6.000        1.000        1.000        1.000        6.000
    10:        6.000        6.000        6.000        2.000        4.000
    15:       22.000       24.000       12.000       19.000       11.000
    20:        6.000        6.000        6.000        6.000        6.000
    25:        1.000        1.000        1.000        6.000        6.000
    30:        6.000        2.000        4.000       22.000       24.000
    35:       12.000        6.000       19.000       11.000        6.000
    40:        2.000        4.000       22.000       24.000       12.000
    45:       19.000       11.000        2.000        4.000       22.000
    50:       24.000       12.000       19.000       11.000        1.000
    55:        1.000        1.000        1.000        1.000        1.000
    60:        6.000        6.000        6.000        6.000        6.000
    65:        6.000        6.000        6.000        6.000        6.000
    70:        6.000        6.000        6.000        6.000        6.000
    75:        6.000        6.000        6.000        6.000        6.000
    80:        6.000        6.000        6.000        6.000        6.000
    85:        6.000        6.000        6.000        6.000        6.000
    90:        6.000        6.000        6.000        6.000        6.000
    95:        6.000        6.000        6.000        6.000        6.000
   100:        2.000        4.000       22.000       24.000       12.000
   105:       21.000       22.000       21.000       22.000       21.000
   110:       22.000        6.000       19.000       11.000        1.000
   115:        1.000        2.000        4.000       22.000       24.000
   120:       12.000       19.000       11.000        1.000        6.000
   125:        6.000        1.000        6.000        2.000        4.000
   130:       22.000       24.000       12.000        6.000       19.000
   135:       11.000        6.000        1.000        1.000        1.000
   140:        1.000        6.000        6.000        6.000        6.000
   145:        6.000        1.000        1.000        1.000        6.000
   150:        6.000        6.000        6.000        6.000        1.000
   155:        6.000        6.000        6.000        2.000        4.000
   160:       22.000       24.000       12.000       21.000       22.000
   165:       21.000       22.000       21.000       22.000       19.000
   170:       11.000        1.000        1.000        1.000        1.000
   175:        6.000        6.000        6.000        1.000        1.000
   180:        1.000        1.000        6.000        6.000        1.000
   185:        1.000        6.000        6.000        6.000        2.000
   190:        4.000       22.000       24.000       12.000       21.000
   195:       22.000       19.000       11.000        1.000        1.000
   200:        1.000        1.000        1.000        6.000        1.000
   205:        6.000        6.000        6.000        6.000        6.000
   210:        6.000        6.000        6.000        1.000        2.000
   215:        4.000       22.000       24.000       12.000       21.000
   220:       22.000       21.000       22.000       21.000       22.000
   225:       21.000       22.000       19.000       11.000        2.000
   230:        4.000       22.000       24.000       12.000       21.000
   235:       22.000        6.000        6.000       19.000       11.000
   240:        2.000        4.000       22.000       24.000       12.000
   245:       21.000       22.000       19.000       11.000        2.000
   250:        4.000       22.000       24.000       12.000       21.000
   255:       22.000       21.000       22.000       19.000       11.000
   260:        1.000        6.000        6.000        6.000        6.000
   265:        1.000        1.000        1.000        1.000        1.000
   270:        6.000        2.000        4.000       22.000       24.000
   275:       12.000       19.000       11.000        1.000        2.000
   280:        4.000       22.000       24.000       12.000       19.000
   285:       11.000        6.000        2.000        4.000       22.000
   290:       24.000       12.000       19.000       11.000        1.000
   295:        1.000        1.000        2.000        4.000       22.000
   300:       24.000       12.000       21.000       22.000        6.000
   305:       19.000       11.000        6.000        2.000        4.000
   310:       22.000       24.000       12.000       21.000       22.000
   315:       21.000       22.000       21.000       22.000       21.000
   320:       22.000       21.000       22.000        6.000       21.000
   325:       22.000       19.000       11.000        2.000        4.000
   330:       22.000       24.000       12.000       19.000       11.000
   335:        6.000        6.000        6.000        6.000        6.000
   340:        6.000        6.000      100.000
T:
     0:        0.000        0.000        0.000        0.000       27.800
     5:       32.030       37.530       54.410      108.780      164.900
    10:      169.700      169.880      177.340      223.770      223.770
    15:      223.770      223.780      223.780      233.770      233.780
    20:      234.120      242.530      246.260      246.420      253.470
    25:      269.070      375.740      381.970      387.850      388.000
    30:      390.180      399.440      399.440      399.440      399.450
    35:      399.450      400.780      409.440      409.450      427.560
    40:      456.540      456.540      456.540      456.550      456.550
    45:      466.540      466.550      480.070      480.070      480.070
    50:      480.080      480.080      490.070      490.080      641.890
    55:      641.950      642.140      746.310      747.620      747.840
    60:      774.180      774.860      850.390      854.560      857.280
    65:      857.490      857.880      860.080      861.130      864.830
    70:      866.240      868.060      869.620      873.180      875.170
    75:      876.750      876.800      877.190      878.460      878.610
    80:      879.260      880.530      881.180      881.200      882.020
    85:      882.070      882.350      923.760      924.350      926.000
    90:      926.170      928.800      933.720      935.890      938.270
    95:     1266.260     1269.110     1593.420     1600.010     1606.050
   100:     1654.900     1654.900     1654.900     1654.910     1654.910
   105:     1655.040     1655.040     1655.220     1655.220     1655.940
   110:     1655.940     1657.340     1664.900     1664.910     1694.930
   115:     1695.020     1758.970     1758.970     1758.970     1758.980
   120:     1758.980     1768.970     1768.980     1770.990     1775.230
   125:     1790.190     1839.620     1925.990     1941.620     1941.620
   130:     1941.620     1941.630     1941.630     1944.230     1951.620
   135:     1951.630     1955.880     1963.930     4838.830     4839.100
   140:     4840.370     7107.930     7108.860     7147.770     7151.870
   145:     7156.460     7176.350     7176.450     7177.910     7214.930
   150:     7216.710     7217.890     7223.890     7225.310     7287.660
   155:     7324.890     7324.940     7338.190     7343.860     7343.860
   160:     7343.860     7343.870     7343.870     7345.650     7345.650
   165:     7346.120     7346.120     7346.460     7346.460     7353.860
   170:     7353.870     7587.930     7588.710     7658.000     7725.470
   175:     7728.380     7728.430     7732.830     7807.820     7807.990
   180:     7810.540     7810.940     7833.260     7836.200     7846.040
   185:     7852.750     7979.650     8113.120     8139.120     8141.090
   190:     8141.090     8141.090     8141.100     8141.100     8141.650
   195:     8141.650     8151.090     8151.100     8266.740     8296.020
   200:     8296.090     8296.380     8296.750     8480.480     8491.430
   205:     8512.650     8513.910     8519.510     8617.700     8727.550
   210:     8729.600     8732.860     8877.510     8902.390     8929.890
   215:     8929.890     8929.890     8929.900     8929.900     8930.840
   220:     8930.840     8930.960     8930.960     8932.620     8932.620
   225:     8933.820     8933.820     8939.890     8939.900     8943.290
   230:     8943.290     8943.290     8943.300     8943.300     8943.400
   235:     8943.400     8947.000     8947.090     8953.290     8953.300
   240:     8962.530     8962.530     8962.530     8962.540     8962.540
   245:     8963.230     8963.230     8972.530     8972.540     8997.000
   250:     8997.000     8997.000     8997.010     8997.010     8999.300
   255:     8999.300     9003.760     9003.760     9007.000     9007.010
   260:     9030.940     9247.860     9249.510     9508.620     9508.790
   265:     9632.910     9725.250     9725.670     9760.880     9761.490
   270:     9776.400     9782.330     9782.330     9782.330     9782.340
   275:     9782.340     9792.330     9792.340     9828.640     9892.830
   280:     9892.830     9892.830     9892.840     9892.840     9902.830
   285:     9902.840     9902.940     9924.700     9924.700     9924.700
   290:     9924.710     9924.710     9934.700     9934.710    10025.750
   295:    10073.870    10073.910    10080.830    10080.830    10080.830
   300:    10080.840    10080.840    10081.470    10081.470    10082.140
   305:    10090.830    10090.840    10091.350    10112.380    10112.380
   310:    10112.380    10112.390    10112.390    10112.550    10112.550
   315:    10113.030    10113.030    10113.550    10113.550    10114.300
   320:    10114.300    10115.700    10115.700    10117.560    10119.720
   325:    10119.720    10122.380    10122.390    10124.480    10124.480
   330:    10124.480    10124.490    10124.490    10134.480    10134.490
   335:    10336.980    10339.510    10340.510    10745.940    10748.860
   340:    10752.320    10753.610    10800.000
