File: C:\MED-PC IV\DATA\!2025-02-20_15h18m.Subject 66



Start Date: 02/20/25
End Date: 02/20/25
Subject: 66
Experiment: OralFentSA
Group: One
Box: 2
Start Time: 15:18:20
End Time: 18:18:30
MSN: Golden_Liq_SelfAdmin
F:       0.000
G:    3268.000
H:   10800.010
I:       0.000
J:       0.000
K:       0.000
L:       0.000
M:       0.000
N:       0.000
O:       0.000
P:       0.000
Q:       0.000
R:       0.000
S:       0.000
U:       0.000
V:       0.000
W:       0.000
X:       0.000
Y:       0.000
Z:       0.000
A:
     0:        0.000        0.000      180.000        4.000        0.000
     5:        5.000        0.000        5.000        0.000        0.000
    10:        1.000        0.000       10.000 100000000.00       23.000
    15:        9.000      640.000        0.000        0.000        0.000
    20:        0.000
B:
     0:        0.000        0.000        0.000      400.000        0.000
     5:      500.000        0.000      500.000        0.000        0.000
    10:        0.000        0.000     1000.000 10000000000.        0.000
    15:        0.000        0.000        0.000        0.000        0.000
    20:        0.000
C:
     0:      194.000      195.000        0.000      350.000      154.000
     5:    10695.010      104.740       45.000     2332.960       51.844
    10:      350.000       82.000        0.000        0.000        0.000
    15:        0.000        0.000        0.000        0.000        0.000
    20:        0.000
D:
     0:        4.420       13.830       29.510        6.920       12.110
     5:        3.810      166.480       10.450       12.660       17.320
    10:        2.880       13.710        4.410      210.500       35.410
    15:       37.670       13.490       66.630        3.770        4.010
    20:      121.840        8.250        9.520       57.250       25.400
    25:      122.030        7.380       15.890        4.290      434.010
    30:        4.820       30.550        2.560        9.910      326.350
    35:       12.050        3.030        3.290      148.540       37.760
    40:       28.570       85.290       13.800       45.850      104.740
E:
     0:       19.000       11.000       26.000       27.000        2.000
     5:        4.000       22.000       24.000       12.000       13.000
    10:        8.000        5.000       17.000       21.000       22.000
    15:       18.000        6.000       14.000       10.000       19.000
    20:       11.000        6.000        6.000        6.000        2.000
    25:        4.000       22.000       24.000       12.000       13.000
    30:        8.000        5.000       17.000       21.000       22.000
    35:       18.000       14.000       10.000       23.000       23.000
    40:       19.000       11.000       23.000        2.000        4.000
    45:       22.000       24.000       12.000       13.000        8.000
    50:        5.000       17.000       18.000       14.000       10.000
    55:       19.000       11.000        6.000        6.000       23.000
    60:       23.000        6.000        6.000        6.000        2.000
    65:        4.000       22.000       24.000       12.000       13.000
    70:        8.000        5.000       17.000       18.000       14.000
    75:       10.000       19.000       11.000        6.000        6.000
    80:        6.000        6.000       23.000        2.000        4.000
    85:       22.000       24.000       12.000       13.000        8.000
    90:        5.000       17.000       18.000       14.000       10.000
    95:       19.000       11.000        2.000        4.000       22.000
   100:       24.000       12.000       13.000        8.000        5.000
   105:       17.000       18.000       14.000       10.000       21.000
   110:       22.000        6.000        6.000        6.000       19.000
   115:       11.000        6.000        6.000        6.000        6.000
   120:        6.000        2.000        4.000       22.000       24.000
   125:       12.000       13.000        8.000        5.000       17.000
   130:       21.000       22.000       18.000       14.000       10.000
   135:       19.000       11.000       23.000        2.000        4.000
   140:       22.000       24.000       12.000       13.000        8.000
   145:        5.000       17.000       18.000       14.000       10.000
   150:       19.000       11.000        2.000        4.000       22.000
   155:       24.000       12.000       13.000        8.000        5.000
   160:       17.000       18.000       14.000       10.000       19.000
   165:       11.000        2.000        4.000       22.000       24.000
   170:       12.000       13.000        8.000        5.000       17.000
   175:       18.000       14.000       10.000       19.000       11.000
   180:        2.000        4.000       22.000       24.000       12.000
   185:       13.000        8.000        5.000       17.000       18.000
   190:       14.000       10.000       19.000       11.000        2.000
   195:        4.000       22.000       24.000       12.000       13.000
   200:        8.000        5.000       17.000       18.000       14.000
   205:       10.000       19.000       11.000        6.000        2.000
   210:        4.000       22.000       24.000       12.000       13.000
   215:        8.000        5.000       17.000        6.000       18.000
   220:       14.000       10.000       19.000       11.000        2.000
   225:        4.000       22.000       24.000       12.000       13.000
   230:        8.000        5.000       17.000       18.000       14.000
   235:       10.000       19.000       11.000       23.000        6.000
   240:        6.000        6.000       23.000       23.000        2.000
   245:        4.000       22.000       24.000       12.000       13.000
   250:        8.000        5.000       17.000       18.000       14.000
   255:       10.000       21.000       22.000       19.000       11.000
   260:        2.000        4.000       22.000       24.000       12.000
   265:       13.000        8.000        5.000       17.000       21.000
   270:       22.000       18.000       14.000       10.000       21.000
   275:       22.000       21.000       22.000       19.000       11.000
   280:        2.000        4.000       22.000       24.000       12.000
   285:       13.000        8.000        5.000       17.000       18.000
   290:       14.000       10.000       21.000       22.000       21.000
   295:       22.000       19.000       11.000        6.000        6.000
   300:        6.000        6.000        6.000        2.000        4.000
   305:       22.000       24.000       12.000       13.000        8.000
   310:        5.000       17.000       21.000       22.000       21.000
   315:       22.000       18.000       14.000       10.000       19.000
   320:       11.000        2.000        4.000       22.000       24.000
   325:       12.000       13.000        8.000        5.000       17.000
   330:       21.000       22.000       18.000       14.000       10.000
   335:       19.000       11.000        2.000        4.000       22.000
   340:       24.000       12.000       13.000        8.000        5.000
   345:       17.000       18.000       14.000       10.000       19.000
   350:       11.000        2.000        4.000       22.000       24.000
   355:       12.000       13.000        8.000        5.000       17.000
   360:       18.000       14.000       10.000       19.000       11.000
   365:        6.000        6.000        2.000        4.000       22.000
   370:       24.000       12.000       13.000        8.000        5.000
   375:       17.000       21.000       22.000       18.000       14.000
   380:       10.000       19.000       11.000        2.000        4.000
   385:       22.000       24.000       12.000       13.000        8.000
   390:        5.000       17.000       21.000       22.000       18.000
   395:       21.000       22.000       14.000       10.000       21.000
   400:       22.000       21.000       22.000       21.000       22.000
   405:       19.000       11.000        6.000        6.000        2.000
   410:        4.000       22.000       24.000       12.000       13.000
   415:        8.000        5.000       17.000       21.000       22.000
   420:       18.000       14.000       10.000       19.000       11.000
   425:       23.000        2.000        4.000       22.000       24.000
   430:       12.000       13.000        8.000        5.000       17.000
   435:       18.000       14.000       10.000       19.000       11.000
   440:        2.000        4.000       22.000       24.000       12.000
   445:       13.000        8.000        5.000       17.000       18.000
   450:       21.000       22.000       14.000       10.000       19.000
   455:       11.000        2.000        4.000       22.000       24.000
   460:       12.000       13.000        8.000        5.000       17.000
   465:       21.000       22.000       18.000       14.000       10.000
   470:       19.000       11.000        2.000        4.000       22.000
   475:       24.000       12.000       13.000        8.000        5.000
   480:       17.000       21.000       22.000       18.000       14.000
   485:       10.000       19.000       11.000        2.000        4.000
   490:       22.000       24.000       12.000       13.000        8.000
   495:        5.000       17.000        6.000        6.000       18.000
   500:       14.000       10.000       19.000       11.000        2.000
   505:        4.000       22.000       24.000       12.000       13.000
   510:        8.000        5.000       17.000       18.000       14.000
   515:       10.000       19.000       11.000        6.000        2.000
   520:        4.000       22.000       24.000       12.000       13.000
   525:        8.000        5.000       17.000       21.000       22.000
   530:       21.000       22.000       21.000       22.000       18.000
   535:       14.000       10.000       21.000       22.000       21.000
   540:       22.000       19.000       11.000        2.000        4.000
   545:       22.000       24.000       12.000       13.000        8.000
   550:        5.000       17.000       18.000       14.000       10.000
   555:       21.000       22.000       19.000       11.000       23.000
   560:        2.000        4.000       22.000       24.000       12.000
   565:       13.000        8.000        5.000       17.000       21.000
   570:       22.000       18.000       14.000       10.000       19.000
   575:       11.000        2.000        4.000       22.000       24.000
   580:       12.000       13.000        8.000        5.000       17.000
   585:       18.000        6.000       14.000       10.000        6.000
   590:       21.000       22.000       19.000       11.000        2.000
   595:        4.000       22.000       24.000       12.000       13.000
   600:        8.000        5.000       17.000       21.000       22.000
   605:       21.000       22.000       18.000       14.000       10.000
   610:       21.000       22.000       19.000       11.000        2.000
   615:        4.000       22.000       24.000       12.000       13.000
   620:        8.000        5.000       17.000       18.000       14.000
   625:       10.000       19.000       11.000       23.000        6.000
   630:        2.000        4.000       22.000       24.000       12.000
   635:       13.000        8.000        5.000       17.000       21.000
   640:       22.000       18.000       14.000       10.000       19.000
   645:       11.000        2.000        4.000       22.000       24.000
   650:       12.000       13.000        8.000        5.000       17.000
   655:       21.000       22.000       18.000       14.000       10.000
   660:       21.000       22.000       19.000       11.000        2.000
   665:        4.000       22.000       24.000       12.000       13.000
   670:        8.000        5.000       17.000       18.000       14.000
   675:       10.000       19.000       11.000        2.000        4.000
   680:       22.000       24.000       12.000       13.000        8.000
   685:        5.000       17.000       21.000       22.000       18.000
   690:       21.000       22.000       14.000       10.000       19.000
   695:       11.000        2.000        4.000       22.000       24.000
   700:       12.000       13.000        8.000        5.000       17.000
   705:       21.000       22.000       18.000       14.000       10.000
   710:       19.000       11.000        2.000        4.000       22.000
   715:       24.000       12.000       13.000        8.000        5.000
   720:       17.000       18.000       14.000       10.000       19.000
   725:       11.000        6.000        2.000        4.000       22.000
   730:       24.000       12.000       13.000        8.000        5.000
   735:       17.000       18.000       14.000       10.000       19.000
   740:       11.000        2.000        4.000       22.000       24.000
   745:       12.000       13.000        8.000        5.000       17.000
   750:       18.000       14.000       10.000       21.000       22.000
   755:       19.000       11.000       23.000        6.000        2.000
   760:        4.000       22.000       24.000       12.000       13.000
   765:        8.000        5.000       17.000       21.000       22.000
   770:       18.000       14.000       10.000       21.000       22.000
   775:       19.000       11.000        2.000        4.000       22.000
   780:       24.000       12.000       13.000        8.000        5.000
   785:       17.000       21.000       22.000       18.000       14.000
   790:       10.000       19.000       11.000        2.000        4.000
   795:       22.000       24.000       12.000       13.000        8.000
   800:        5.000       17.000       21.000       22.000       18.000
   805:       21.000       22.000       14.000       10.000       19.000
   810:       11.000       23.000        2.000        4.000       22.000
   815:       24.000       12.000       13.000        8.000        5.000
   820:       17.000       18.000       14.000       10.000       19.000
   825:       11.000        2.000        4.000       22.000       24.000
   830:       12.000       13.000        8.000        5.000       17.000
   835:       21.000       22.000       18.000       21.000       22.000
   840:       14.000       10.000       21.000       22.000       19.000
   845:       11.000        2.000        4.000       22.000       24.000
   850:       12.000       13.000        8.000        5.000       17.000
   855:       18.000       14.000       10.000       19.000       11.000
   860:        2.000        4.000       22.000       24.000       12.000
   865:       13.000        8.000        5.000       17.000       18.000
   870:       14.000       10.000       19.000       11.000        6.000
   875:        2.000        4.000       22.000       24.000       12.000
   880:       13.000        8.000        5.000       17.000       18.000
   885:       14.000       10.000       19.000       11.000        6.000
   890:        6.000        6.000       23.000       23.000        2.000
   895:        4.000       22.000       24.000       12.000       13.000
   900:        8.000        5.000       17.000       21.000       22.000
   905:       21.000       22.000       18.000       14.000       10.000
   910:       21.000       22.000       19.000       11.000        2.000
   915:        4.000       22.000       24.000       12.000       13.000
   920:        8.000        5.000       17.000       21.000       22.000
   925:        6.000       18.000        6.000       14.000       10.000
   930:       21.000       22.000       19.000       11.000        2.000
   935:        4.000       22.000       24.000       12.000       13.000
   940:        8.000        5.000       17.000       18.000       14.000
   945:       10.000       19.000       11.000       23.000        2.000
   950:        4.000       22.000       24.000       12.000       13.000
   955:        8.000        5.000       17.000       21.000       22.000
   960:       18.000       14.000       10.000       19.000       11.000
   965:        2.000        4.000       22.000       24.000       12.000
   970:       13.000        8.000        5.000       17.000       21.000
   975:       22.000       18.000        6.000        6.000        6.000
   980:       14.000       10.000       21.000       22.000       19.000
   985:       11.000        6.000        6.000        6.000        6.000
   990:        6.000        6.000        6.000        6.000        6.000
   995:        6.000        6.000        6.000        6.000        6.000
  1000:        6.000        6.000        6.000        6.000        6.000
  1005:        6.000        6.000        6.000        6.000        6.000
  1010:        6.000        6.000        6.000        6.000        6.000
  1015:        6.000        6.000        2.000        4.000       22.000
  1020:       24.000       12.000       13.000        8.000        5.000
  1025:       17.000       21.000       22.000       18.000       14.000
  1030:       10.000       19.000       11.000        2.000        4.000
  1035:       22.000       24.000       12.000       13.000        8.000
  1040:        5.000       17.000       18.000       14.000       10.000
  1045:       19.000       11.000       23.000        2.000        4.000
  1050:       22.000       24.000       12.000       13.000        8.000
  1055:        5.000       17.000       18.000       14.000       10.000
  1060:       19.000       11.000        6.000        2.000        4.000
  1065:       22.000       24.000       12.000       13.000        8.000
  1070:        5.000       17.000       18.000       14.000       10.000
  1075:       19.000       11.000       23.000        2.000        4.000
  1080:       22.000       24.000       12.000       13.000        8.000
  1085:        5.000       17.000       21.000       22.000       18.000
  1090:       14.000       10.000       21.000       22.000       19.000
  1095:       11.000        2.000        4.000       22.000       24.000
  1100:       12.000       13.000        8.000        5.000       17.000
  1105:       18.000       14.000       10.000       19.000       11.000
  1110:        2.000        4.000       22.000       24.000       12.000
  1115:       13.000        8.000        5.000       17.000       21.000
  1120:       22.000       18.000       14.000       10.000       19.000
  1125:       11.000       23.000       23.000        2.000        4.000
  1130:       22.000       24.000       12.000       13.000        8.000
  1135:        5.000       17.000       18.000       14.000       10.000
  1140:       21.000       22.000       21.000       22.000       19.000
  1145:       11.000        2.000        4.000       22.000       24.000
  1150:       12.000       13.000        8.000        5.000       17.000
  1155:       18.000       14.000       10.000       19.000       11.000
  1160:       23.000        2.000        4.000       22.000       24.000
  1165:       12.000       13.000        8.000        5.000       17.000
  1170:       21.000       22.000       18.000       14.000       10.000
  1175:       19.000       11.000        2.000        4.000       22.000
  1180:       24.000       12.000       13.000        8.000        5.000
  1185:       17.000       18.000       14.000       10.000       19.000
  1190:       11.000        2.000        4.000       22.000       24.000
  1195:       12.000       13.000        8.000        5.000       17.000
  1200:       18.000       14.000       10.000       19.000       11.000
  1205:        2.000        4.000       22.000       24.000       12.000
  1210:       13.000        8.000        5.000       17.000       21.000
  1215:       22.000       18.000       14.000       10.000        6.000
  1220:        6.000       19.000       11.000        2.000        4.000
  1225:       22.000       24.000       12.000       13.000        8.000
  1230:        5.000       17.000       18.000       14.000       10.000
  1235:       21.000       22.000       19.000       11.000       23.000
  1240:       23.000       23.000        2.000        4.000       22.000
  1245:       24.000       12.000       13.000        8.000        5.000
  1250:       17.000       18.000       14.000       10.000       21.000
  1255:       22.000        6.000        6.000        6.000       19.000
  1260:       11.000        2.000        4.000       22.000       24.000
  1265:       12.000       13.000        8.000        5.000       17.000
  1270:       18.000       14.000       10.000       21.000       22.000
  1275:       21.000       22.000       21.000       22.000       19.000
  1280:       11.000       23.000       23.000       23.000       23.000
  1285:        2.000        4.000       22.000       24.000       12.000
  1290:       13.000        8.000        5.000       17.000       18.000
  1295:       14.000       10.000       19.000       11.000        2.000
  1300:        4.000       22.000       24.000       12.000       13.000
  1305:        8.000        5.000       17.000       18.000       14.000
  1310:       10.000       19.000       11.000        2.000        4.000
  1315:       22.000       24.000       12.000       13.000        8.000
  1320:        5.000       17.000       21.000       22.000       18.000
  1325:       14.000       10.000       21.000       22.000       19.000
  1330:       11.000        2.000        4.000       22.000       24.000
  1335:       12.000       13.000        8.000        5.000       17.000
  1340:       18.000       14.000       10.000       19.000       11.000
  1345:       23.000        2.000        4.000       22.000       24.000
  1350:       12.000       13.000        8.000        5.000       17.000
  1355:       18.000       14.000       10.000       19.000       11.000
  1360:        2.000        4.000       22.000       24.000       12.000
  1365:       13.000        8.000        5.000       17.000       18.000
  1370:       14.000       10.000       19.000       11.000        2.000
  1375:        4.000       22.000       24.000       12.000       13.000
  1380:        8.000        5.000       17.000       18.000       14.000
  1385:       10.000       19.000       11.000        2.000        4.000
  1390:       22.000       24.000       12.000       13.000        8.000
  1395:        5.000       17.000       21.000       22.000       18.000
  1400:       21.000       22.000       14.000       10.000       19.000
  1405:       11.000        2.000        4.000       22.000       24.000
  1410:       12.000       13.000        8.000        5.000       17.000
  1415:       21.000       22.000       18.000       14.000       10.000
  1420:       19.000       11.000        6.000        2.000        4.000
  1425:       22.000       24.000       12.000       13.000        8.000
  1430:        5.000       17.000       21.000       22.000       18.000
  1435:       14.000       10.000       19.000       11.000        2.000
  1440:        4.000       22.000       24.000       12.000       13.000
  1445:        8.000        5.000       17.000       21.000       22.000
  1450:       21.000       22.000       21.000       22.000       18.000
  1455:       14.000       10.000       19.000       11.000        2.000
  1460:        4.000       22.000       24.000       12.000       13.000
  1465:        8.000        5.000       17.000       18.000       14.000
  1470:       10.000       21.000       22.000       19.000       11.000
  1475:       23.000        2.000        4.000       22.000       24.000
  1480:       12.000       13.000        8.000        5.000       17.000
  1485:       18.000       14.000       10.000       19.000       11.000
  1490:        2.000        4.000       22.000       24.000       12.000
  1495:       13.000        8.000        5.000       17.000       18.000
  1500:       14.000       10.000       19.000       11.000        2.000
  1505:        4.000       22.000       24.000       12.000       13.000
  1510:        8.000        5.000       17.000       21.000       22.000
  1515:       21.000       22.000       18.000       14.000       10.000
  1520:       19.000       11.000       23.000       23.000        2.000
  1525:        4.000       22.000       24.000       12.000       13.000
  1530:        8.000        5.000       17.000       18.000       14.000
  1535:       10.000       19.000       11.000        6.000        6.000
  1540:        6.000        2.000        4.000       22.000       24.000
  1545:       12.000       13.000        8.000        5.000       17.000
  1550:       18.000       14.000       10.000       19.000       11.000
  1555:        2.000        4.000       22.000       24.000       12.000
  1560:       13.000        8.000        5.000       17.000       18.000
  1565:       14.000       10.000       19.000       11.000        2.000
  1570:        4.000       22.000       24.000       12.000       13.000
  1575:        8.000        5.000       17.000       18.000       14.000
  1580:       10.000       19.000       11.000        2.000        4.000
  1585:       22.000       24.000       12.000       13.000        8.000
  1590:        5.000       17.000       18.000       14.000       10.000
  1595:       19.000       11.000        2.000        4.000       22.000
  1600:       24.000       12.000       13.000        8.000        5.000
  1605:       17.000       18.000       14.000       10.000       19.000
  1610:       11.000       23.000       23.000        2.000        4.000
  1615:       22.000       24.000       12.000       13.000        8.000
  1620:        5.000       17.000       21.000       22.000       21.000
  1625:       22.000       18.000       14.000       10.000       19.000
  1630:       11.000        2.000        4.000       22.000       24.000
  1635:       12.000       13.000        8.000        5.000       17.000
  1640:       18.000       14.000       10.000       19.000       11.000
  1645:        2.000        4.000       22.000       24.000       12.000
  1650:       13.000        8.000        5.000       17.000       18.000
  1655:       14.000       10.000       21.000       22.000       21.000
  1660:       22.000       19.000       11.000        2.000        4.000
  1665:       22.000       24.000       12.000       13.000        8.000
  1670:        5.000       17.000       18.000       14.000       10.000
  1675:       19.000       11.000        2.000        4.000       22.000
  1680:       24.000       12.000       13.000        8.000        5.000
  1685:       17.000       18.000       14.000       10.000       21.000
  1690:       22.000       19.000       11.000        2.000        4.000
  1695:       22.000       24.000       12.000       13.000        8.000
  1700:        5.000       17.000       18.000       14.000       10.000
  1705:       21.000       22.000       19.000       11.000        2.000
  1710:        4.000       22.000       24.000       12.000       13.000
  1715:        8.000        5.000       17.000       18.000       14.000
  1720:       10.000       19.000       11.000        6.000       23.000
  1725:       23.000        2.000        4.000       22.000       24.000
  1730:       12.000       13.000        8.000        5.000       17.000
  1735:       18.000       14.000       10.000        6.000       19.000
  1740:       11.000        2.000        4.000       22.000       24.000
  1745:       12.000       13.000        8.000        5.000       17.000
  1750:       18.000       14.000       10.000       19.000       11.000
  1755:        2.000        4.000       22.000       24.000       12.000
  1760:       13.000        8.000        5.000       17.000       18.000
  1765:       14.000       10.000       21.000       22.000       21.000
  1770:       22.000       21.000       22.000       21.000       22.000
  1775:       19.000       11.000        2.000        4.000       22.000
  1780:       24.000       12.000       13.000        8.000        5.000
  1785:       17.000       18.000       14.000       10.000       21.000
  1790:       22.000       19.000       11.000        2.000        4.000
  1795:       22.000       24.000       12.000       13.000        8.000
  1800:        5.000       17.000       18.000       14.000       10.000
  1805:       19.000       11.000        2.000        4.000       22.000
  1810:       24.000       12.000       13.000        8.000        5.000
  1815:       17.000       18.000       14.000       10.000       19.000
  1820:       11.000       23.000       23.000       23.000        2.000
  1825:        4.000       22.000       24.000       12.000       13.000
  1830:        8.000        5.000       17.000       21.000       22.000
  1835:       18.000       14.000       10.000       19.000       11.000
  1840:        2.000        4.000       22.000       24.000       12.000
  1845:       13.000        8.000        5.000       17.000       18.000
  1850:       14.000       10.000       19.000       11.000        2.000
  1855:        4.000       22.000       24.000       12.000       13.000
  1860:        8.000        5.000       17.000       18.000       14.000
  1865:       10.000       21.000       22.000       19.000       11.000
  1870:       23.000       23.000       23.000        2.000        4.000
  1875:       22.000       24.000       12.000       13.000        8.000
  1880:        5.000       17.000       21.000       22.000       18.000
  1885:       14.000       10.000       21.000       22.000       19.000
  1890:       11.000        2.000        4.000       22.000       24.000
  1895:       12.000       13.000        8.000        5.000       17.000
  1900:       18.000       14.000       10.000       19.000       11.000
  1905:        2.000        4.000       22.000       24.000       12.000
  1910:       13.000        8.000        5.000       17.000       18.000
  1915:       14.000       10.000       19.000       11.000        6.000
  1920:        6.000        6.000        6.000        6.000        2.000
  1925:        4.000       22.000       24.000       12.000       13.000
  1930:        8.000        5.000       17.000       18.000       14.000
  1935:       10.000       19.000       11.000        2.000        4.000
  1940:       22.000       24.000       12.000       13.000        8.000
  1945:        5.000       17.000       18.000       14.000       10.000
  1950:       19.000       11.000        2.000        4.000       22.000
  1955:       24.000       12.000       13.000        8.000        5.000
  1960:       17.000       18.000       14.000       10.000       21.000
  1965:       22.000       19.000       11.000        2.000        4.000
  1970:       22.000       24.000       12.000       13.000        8.000
  1975:        5.000       17.000       18.000       14.000       10.000
  1980:       19.000       11.000       23.000       23.000       23.000
  1985:       23.000       23.000       23.000       23.000       23.000
  1990:        2.000        4.000       22.000       24.000       12.000
  1995:       13.000        8.000        5.000       17.000       18.000
  2000:       14.000       10.000       21.000       22.000       19.000
  2005:       11.000        2.000        4.000       22.000       24.000
  2010:       12.000       13.000        8.000        5.000       17.000
  2015:       18.000        6.000       14.000       10.000       19.000
  2020:       11.000        2.000        4.000       22.000       24.000
  2025:       12.000       13.000        8.000        5.000       17.000
  2030:       18.000       14.000       10.000       19.000       11.000
  2035:        2.000        4.000       22.000       24.000       12.000
  2040:       13.000        8.000        5.000       17.000       21.000
  2045:       22.000       18.000       14.000       10.000       21.000
  2050:       22.000       19.000       11.000        2.000        4.000
  2055:       22.000       24.000       12.000       13.000        8.000
  2060:        5.000       17.000       18.000       14.000       10.000
  2065:       19.000       11.000        2.000        4.000       22.000
  2070:       24.000       12.000       13.000        8.000        5.000
  2075:       17.000       21.000       22.000       18.000       14.000
  2080:       10.000       19.000       11.000       23.000       23.000
  2085:        6.000       23.000       23.000       23.000       23.000
  2090:       23.000       23.000       23.000       23.000        2.000
  2095:        4.000       22.000       24.000       12.000       13.000
  2100:        8.000        5.000       17.000       18.000       14.000
  2105:       10.000       19.000       11.000        2.000        4.000
  2110:       22.000       24.000       12.000       13.000        8.000
  2115:        5.000       17.000       18.000       14.000       10.000
  2120:       19.000       11.000        2.000        4.000       22.000
  2125:       24.000       12.000       13.000        8.000        5.000
  2130:       17.000       18.000        6.000        6.000        6.000
  2135:       14.000       10.000        6.000        6.000        6.000
  2140:        6.000       21.000       22.000       19.000       11.000
  2145:        2.000        4.000       22.000       24.000       12.000
  2150:       13.000        8.000        5.000       17.000       21.000
  2155:       22.000       21.000       22.000       18.000       14.000
  2160:       10.000       19.000       11.000       23.000       23.000
  2165:       23.000        2.000        4.000       22.000       24.000
  2170:       12.000       13.000        8.000        5.000       17.000
  2175:       18.000       14.000       10.000       21.000       22.000
  2180:       19.000       11.000        2.000        4.000       22.000
  2185:       24.000       12.000       13.000        8.000        5.000
  2190:       17.000       21.000       22.000       18.000       14.000
  2195:       10.000       19.000       11.000        2.000        4.000
  2200:       22.000       24.000       12.000       13.000        8.000
  2205:        5.000       17.000       18.000       14.000       10.000
  2210:       19.000       11.000        2.000        4.000       22.000
  2215:       24.000       12.000       13.000        8.000        5.000
  2220:       17.000       18.000       14.000       10.000       19.000
  2225:       11.000        2.000        4.000       22.000       24.000
  2230:       12.000       13.000        8.000        5.000       17.000
  2235:       18.000       14.000       10.000       21.000       22.000
  2240:       19.000       11.000        2.000        4.000       22.000
  2245:       24.000       12.000       13.000        8.000        5.000
  2250:       17.000       18.000       21.000       22.000       14.000
  2255:       10.000       19.000       11.000        2.000        4.000
  2260:       22.000       24.000       12.000       13.000        8.000
  2265:        5.000       17.000       18.000       14.000       10.000
  2270:       19.000       11.000        2.000        4.000       22.000
  2275:       24.000       12.000       13.000        8.000        5.000
  2280:       17.000       21.000       22.000       18.000       14.000
  2285:       10.000       19.000       11.000       23.000        2.000
  2290:        4.000       22.000       24.000       12.000       13.000
  2295:        8.000        5.000       17.000       21.000       22.000
  2300:       18.000       14.000       10.000       19.000       11.000
  2305:       23.000       23.000       23.000       23.000       23.000
  2310:       23.000        2.000        4.000       22.000       24.000
  2315:       12.000       13.000        8.000        5.000       17.000
  2320:       21.000       22.000       18.000       14.000       10.000
  2325:       21.000       22.000       19.000       11.000        2.000
  2330:        4.000       22.000       24.000       12.000       13.000
  2335:        8.000        5.000       17.000       21.000       22.000
  2340:       18.000       14.000       10.000       19.000       11.000
  2345:        2.000        4.000       22.000       24.000       12.000
  2350:       13.000        8.000        5.000       17.000       18.000
  2355:       14.000       10.000       19.000       11.000        2.000
  2360:        4.000       22.000       24.000       12.000       13.000
  2365:        8.000        5.000       17.000       18.000       14.000
  2370:       10.000       19.000       11.000        2.000        4.000
  2375:       22.000       24.000       12.000       13.000        8.000
  2380:        5.000       17.000       21.000       22.000       18.000
  2385:       14.000       10.000       21.000       22.000       19.000
  2390:       11.000        2.000        4.000       22.000       24.000
  2395:       12.000       13.000        8.000        5.000       17.000
  2400:       18.000       14.000       10.000       19.000       11.000
  2405:        2.000        4.000       22.000       24.000       12.000
  2410:       13.000        8.000        5.000       17.000       18.000
  2415:       14.000       10.000       21.000       22.000       19.000
  2420:       11.000        2.000        4.000       22.000       24.000
  2425:       12.000       13.000        8.000        5.000       17.000
  2430:       18.000       14.000       10.000       19.000       11.000
  2435:        2.000        4.000       22.000       24.000       12.000
  2440:       13.000        8.000        5.000       17.000       18.000
  2445:       14.000       10.000       19.000       11.000        2.000
  2450:        4.000       22.000       24.000       12.000       13.000
  2455:        8.000        5.000       17.000       18.000       14.000
  2460:       10.000       19.000       11.000       23.000       23.000
  2465:        2.000        4.000       22.000       24.000       12.000
  2470:       13.000        8.000        5.000       17.000       18.000
  2475:       14.000       10.000       21.000       22.000       19.000
  2480:       11.000        2.000        4.000       22.000       24.000
  2485:       12.000       13.000        8.000        5.000       17.000
  2490:       21.000       22.000       18.000       14.000       10.000
  2495:       21.000       22.000       19.000       11.000        6.000
  2500:        6.000        6.000        6.000        6.000        2.000
  2505:        4.000       22.000       24.000       12.000       13.000
  2510:        8.000        5.000       17.000       21.000       22.000
  2515:       18.000       14.000       10.000       19.000       11.000
  2520:        2.000        4.000       22.000       24.000       12.000
  2525:       13.000        8.000        5.000       17.000       21.000
  2530:       22.000       21.000       22.000       18.000       14.000
  2535:       10.000       19.000       11.000        2.000        4.000
  2540:       22.000       24.000       12.000       13.000        8.000
  2545:        5.000       17.000       21.000       22.000       18.000
  2550:       14.000       10.000       19.000       11.000       23.000
  2555:       23.000       23.000       23.000        2.000        4.000
  2560:       22.000       24.000       12.000       13.000        8.000
  2565:        5.000       17.000       21.000       22.000       18.000
  2570:       14.000       10.000       21.000       22.000       19.000
  2575:       11.000        2.000        4.000       22.000       24.000
  2580:       12.000       13.000        8.000        5.000       17.000
  2585:       18.000       14.000       10.000       19.000       11.000
  2590:        2.000        4.000       22.000       24.000       12.000
  2595:       13.000        8.000        5.000       17.000       21.000
  2600:       22.000       21.000       22.000       18.000       14.000
  2605:       10.000       19.000       11.000        2.000        4.000
  2610:       22.000       24.000       12.000       13.000        8.000
  2615:        5.000       17.000       21.000       22.000       21.000
  2620:       22.000       21.000       22.000        6.000        6.000
  2625:       18.000       14.000       10.000       19.000       11.000
  2630:        6.000        6.000        2.000        4.000       22.000
  2635:       24.000       12.000       13.000        8.000        5.000
  2640:       17.000       21.000       22.000       18.000       14.000
  2645:       10.000       19.000       11.000        2.000        4.000
  2650:       22.000       24.000       12.000       13.000        8.000
  2655:        5.000       17.000       18.000       14.000       10.000
  2660:       21.000       22.000       19.000       11.000        2.000
  2665:        4.000       22.000       24.000       12.000       13.000
  2670:        8.000        5.000       17.000       21.000       22.000
  2675:       18.000       14.000       10.000        6.000       19.000
  2680:       11.000        6.000        6.000        6.000        6.000
  2685:        6.000        6.000        6.000        6.000        6.000
  2690:        2.000        4.000       22.000       24.000       12.000
  2695:       13.000        8.000        5.000       17.000       21.000
  2700:       22.000       18.000       14.000       10.000       19.000
  2705:       11.000        2.000        4.000       22.000       24.000
  2710:       12.000       13.000        8.000        5.000       17.000
  2715:       18.000       14.000       10.000       19.000       11.000
  2720:        2.000        4.000       22.000       24.000       12.000
  2725:       13.000        8.000        5.000       17.000       21.000
  2730:       22.000       18.000       14.000       10.000       19.000
  2735:       11.000        2.000        4.000       22.000       24.000
  2740:       12.000       13.000        8.000        5.000       17.000
  2745:       18.000       14.000       10.000       19.000       11.000
  2750:       23.000        2.000        4.000       22.000       24.000
  2755:       12.000       13.000        8.000        5.000       17.000
  2760:       18.000       14.000       10.000       21.000       22.000
  2765:       19.000       11.000        2.000        4.000       22.000
  2770:       24.000       12.000       13.000        8.000        5.000
  2775:       17.000       18.000       14.000       10.000       19.000
  2780:       11.000        2.000        4.000       22.000       24.000
  2785:       12.000       13.000        8.000        5.000       17.000
  2790:       18.000       14.000       10.000       19.000       11.000
  2795:        2.000        4.000       22.000       24.000       12.000
  2800:       13.000        8.000        5.000       17.000       18.000
  2805:       14.000       10.000       19.000       11.000        2.000
  2810:        4.000       22.000       24.000       12.000       13.000
  2815:        8.000        5.000       17.000       18.000       14.000
  2820:       10.000       19.000       11.000        6.000        6.000
  2825:        2.000        4.000       22.000       24.000       12.000
  2830:       13.000        8.000        5.000       17.000       18.000
  2835:       14.000       10.000       21.000       22.000       21.000
  2840:       22.000       19.000       11.000        2.000        4.000
  2845:       22.000       24.000       12.000       13.000        8.000
  2850:        5.000       17.000       18.000       14.000       10.000
  2855:       19.000       11.000        2.000        4.000       22.000
  2860:       24.000       12.000       13.000        8.000        5.000
  2865:       17.000       18.000       21.000       22.000       14.000
  2870:       10.000       19.000       11.000        2.000        4.000
  2875:       22.000       24.000       12.000       13.000        8.000
  2880:        5.000       17.000       21.000       22.000       18.000
  2885:       14.000       10.000       19.000       11.000        2.000
  2890:        4.000       22.000       24.000       12.000       13.000
  2895:        8.000        5.000       17.000       18.000       14.000
  2900:       10.000       19.000       11.000        6.000        6.000
  2905:        6.000        2.000        4.000       22.000       24.000
  2910:       12.000       13.000        8.000        5.000       17.000
  2915:       21.000       22.000       18.000       14.000       10.000
  2920:       19.000       11.000       23.000        2.000        4.000
  2925:       22.000       24.000       12.000       13.000        8.000
  2930:        5.000       17.000       18.000       14.000       10.000
  2935:       21.000       22.000       21.000       22.000       21.000
  2940:       22.000       19.000       11.000        2.000        4.000
  2945:       22.000       24.000       12.000       13.000        8.000
  2950:        5.000       17.000       18.000       14.000       10.000
  2955:       19.000       11.000        2.000        4.000       22.000
  2960:       24.000       12.000       13.000        8.000        5.000
  2965:       17.000       18.000       14.000       10.000       21.000
  2970:       22.000       19.000       11.000        2.000        4.000
  2975:       22.000       24.000       12.000       13.000        8.000
  2980:        5.000       17.000        6.000        6.000        6.000
  2985:        6.000       18.000       21.000       22.000       14.000
  2990:       10.000       19.000       11.000        2.000        4.000
  2995:       22.000       24.000       12.000       13.000        8.000
  3000:        5.000       17.000       18.000       14.000       10.000
  3005:       21.000       22.000       19.000       11.000       23.000
  3010:        2.000        4.000       22.000       24.000       12.000
  3015:       13.000        8.000        5.000       17.000        6.000
  3020:       18.000       14.000       10.000       19.000       11.000
  3025:        2.000        4.000       22.000       24.000       12.000
  3030:       13.000        8.000        5.000       17.000       18.000
  3035:       14.000       10.000       19.000       11.000        2.000
  3040:        4.000       22.000       24.000       12.000       13.000
  3045:        8.000        5.000       17.000       21.000       22.000
  3050:       21.000       22.000       18.000       14.000       10.000
  3055:       19.000       11.000        2.000        4.000       22.000
  3060:       24.000       12.000       13.000        8.000        5.000
  3065:       17.000       18.000       14.000       10.000       19.000
  3070:       11.000        6.000        6.000        6.000        6.000
  3075:        6.000        6.000        2.000        4.000       22.000
  3080:       24.000       12.000       13.000        8.000        5.000
  3085:       17.000       21.000       22.000       21.000       22.000
  3090:       18.000       21.000       22.000       14.000       10.000
  3095:       19.000       11.000        2.000        4.000       22.000
  3100:       24.000       12.000       13.000        8.000        5.000
  3105:       17.000       18.000       14.000       10.000       19.000
  3110:       11.000        2.000        4.000       22.000       24.000
  3115:       12.000       13.000        8.000        5.000       17.000
  3120:       18.000       14.000       10.000       19.000       11.000
  3125:        2.000        4.000       22.000       24.000       12.000
  3130:       13.000        8.000        5.000       17.000       21.000
  3135:       22.000       18.000       14.000       10.000       21.000
  3140:       22.000       19.000       11.000        6.000        2.000
  3145:        4.000       22.000       24.000       12.000       13.000
  3150:        8.000        5.000       17.000       18.000       14.000
  3155:       10.000       19.000       11.000        2.000        4.000
  3160:       22.000       24.000       12.000       13.000        8.000
  3165:        5.000       17.000       18.000       14.000       10.000
  3170:       19.000       11.000        6.000        6.000        2.000
  3175:        4.000       22.000       24.000       12.000       13.000
  3180:        8.000        5.000       17.000       18.000       14.000
  3185:       10.000       19.000       11.000        2.000        4.000
  3190:       22.000       24.000       12.000       13.000        8.000
  3195:        5.000       17.000       18.000       14.000       10.000
  3200:       19.000       11.000        6.000        2.000        4.000
  3205:       22.000       24.000       12.000       13.000        8.000
  3210:        5.000       17.000       18.000       14.000       10.000
  3215:       19.000       11.000        6.000        6.000        6.000
  3220:        2.000        4.000       22.000       24.000       12.000
  3225:       13.000        8.000        5.000       17.000       21.000
  3230:       22.000       18.000       14.000       10.000       19.000
  3235:       11.000        6.000        6.000        2.000        4.000
  3240:       22.000       24.000       12.000       13.000        8.000
  3245:        5.000       17.000       18.000       14.000       10.000
  3250:       19.000       11.000       23.000        6.000        2.000
  3255:        4.000       22.000       24.000       12.000       13.000
  3260:        8.000        5.000       17.000       18.000       14.000
  3265:       10.000       19.000       11.000      100.000
T:
     0:        0.000        0.000        0.000        0.000        2.690
     5:        2.690        2.690        2.700        2.700        2.700
    10:        2.700        2.700        2.700        3.620        3.620
    15:        6.700        7.120        7.700        7.700       12.690
    20:       12.700       42.210       72.950       74.570       77.600
    25:       77.600       77.600       77.610       77.610       77.610
    30:       77.610       77.610       77.610       78.790       78.790
    35:       81.610       82.610       82.610       85.380       86.250
    40:       87.600       87.610       92.390      127.730      127.730
    45:      127.730      127.740      127.740      127.740      127.740
    50:      127.740      127.740      131.740      132.740      132.740
    55:      137.730      137.740      141.570      142.070      200.750
    60:      205.020      211.070      211.080      211.520      213.960
    65:      213.960      213.960      213.970      213.970      213.970
    70:      213.970      213.970      213.970      217.970      218.970
    75:      218.970      223.960      223.970      243.480      244.400
    80:      245.960      303.110      351.860      424.560      424.560
    85:      424.560      424.570      424.570      424.570      424.570
    90:      424.570      424.570      428.570      429.570      429.570
    95:      434.560      434.570      442.940      442.940      442.940
   100:      442.950      442.950      442.950      442.950      442.950
   105:      442.950      446.950      447.950      447.950      448.010
   110:      448.010      449.870      450.000      450.920      452.940
   115:      452.950      459.020      466.650      466.920      491.450
   120:      491.560      557.770      557.770      557.770      557.780
   125:      557.780      557.780      557.780      557.780      557.780
   130:      558.070      558.070      561.780      562.780      562.780
   135:      567.770      567.780      576.170      602.860      602.860
   140:      602.860      602.870      602.870      602.870      602.870
   145:      602.870      602.870      606.870      607.870      607.870
   150:      612.860      612.870      617.620      617.620      617.620
   155:      617.630      617.630      617.630      617.630      617.630
   160:      617.630      621.630      622.630      622.630      627.620
   165:      627.630      647.870      647.870      647.870      647.880
   170:      647.880      647.880      647.880      647.880      647.880
   175:      651.880      652.880      652.880      657.870      657.880
   180:      671.200      671.200      671.200      671.210      671.210
   185:      671.210      671.210      671.210      671.210      675.210
   190:      676.210      676.210      681.200      681.210      705.590
   195:      705.590      705.590      705.600      705.600      705.600
   200:      705.600      705.600      705.600      709.600      710.600
   205:      710.600      715.590      715.600      717.710      725.670
   210:      725.670      725.670      725.680      725.680      725.680
   215:      725.680      725.680      725.680      729.490      729.680
   220:      730.680      730.680      735.670      735.680      737.290
   225:      737.290      737.290      737.300      737.300      737.300
   230:      737.300      737.300      737.300      741.300      742.300
   235:      742.300      747.290      747.300      751.180      903.780
   240:      904.700      904.950      941.330      953.410      967.750
   245:      967.750      967.750      967.760      967.760      967.760
   250:      967.760      967.760      967.760      971.760      972.760
   255:      972.760      973.100      973.100      977.750      977.760
   260:      977.870      977.870      977.870      977.880      977.880
   265:      977.880      977.880      977.880      977.880      978.180
   270:      978.180      981.880      982.880      982.880      983.960
   275:      983.960      985.650      985.650      987.870      987.880
   280:      997.950      997.950      997.950      997.960      997.960
   285:      997.960      997.960      997.960      997.960     1001.960
   290:     1002.960     1002.960     1006.480     1006.480     1006.600
   295:     1006.600     1007.950     1007.960     1008.410     1008.820
   300:     1008.840     1009.420     1009.940     1012.800     1012.800
   305:     1012.800     1012.810     1012.810     1012.810     1012.810
   310:     1012.810     1012.810     1013.320     1013.320     1013.510
   315:     1013.510     1016.810     1017.810     1017.810     1022.800
   320:     1022.810     1051.430     1051.430     1051.430     1051.440
   325:     1051.440     1051.440     1051.440     1051.440     1051.440
   330:     1051.690     1051.690     1055.440     1056.440     1056.440
   335:     1061.430     1061.440     1062.540     1062.540     1062.540
   340:     1062.550     1062.550     1062.550     1062.550     1062.550
   345:     1062.550     1066.550     1067.550     1067.550     1072.540
   350:     1072.550     1276.120     1276.120     1276.120     1276.130
   355:     1276.130     1276.130     1276.130     1276.130     1276.130
   360:     1280.130     1281.130     1281.130     1286.120     1286.130
   365:     1288.790     1290.610     1298.420     1298.420     1298.420
   370:     1298.430     1298.430     1298.430     1298.430     1298.430
   375:     1298.430     1301.120     1301.120     1302.430     1303.430
   380:     1303.430     1308.420     1308.430     1313.920     1313.920
   385:     1313.920     1313.930     1313.930     1313.930     1313.930
   390:     1313.930     1313.930     1317.750     1317.750     1317.930
   395:     1318.910     1318.910     1318.930     1318.930     1322.690
   400:     1322.690     1323.350     1323.350     1323.900     1323.900
   405:     1323.920     1323.930     1331.250     1331.810     1341.110
   410:     1341.110     1341.110     1341.120     1341.120     1341.120
   415:     1341.120     1341.120     1341.120     1344.370     1344.370
   420:     1345.120     1346.120     1346.120     1351.110     1351.120
   425:     1368.520     1371.670     1371.670     1371.670     1371.680
   430:     1371.680     1371.680     1371.680     1371.680     1371.680
   435:     1375.680     1376.680     1376.680     1381.670     1381.680
   440:     1391.030     1391.030     1391.030     1391.040     1391.040
   445:     1391.040     1391.040     1391.040     1391.040     1395.040
   450:     1395.180     1395.180     1396.040     1396.040     1401.030
   455:     1401.040     1409.270     1409.270     1409.270     1409.280
   460:     1409.280     1409.280     1409.280     1409.280     1409.280
   465:     1411.880     1411.880     1413.280     1414.280     1414.280
   470:     1419.270     1419.280     1433.370     1433.370     1433.370
   475:     1433.380     1433.380     1433.380     1433.380     1433.380
   480:     1433.380     1436.020     1436.020     1437.380     1438.380
   485:     1438.380     1443.370     1443.380     1494.210     1494.210
   490:     1494.210     1494.220     1494.220     1494.220     1494.220
   495:     1494.220     1494.220     1497.100     1497.540     1498.220
   500:     1499.220     1499.220     1504.210     1504.220     1514.030
   505:     1514.030     1514.030     1514.040     1514.040     1514.040
   510:     1514.040     1514.040     1514.040     1518.040     1519.040
   515:     1519.040     1524.030     1524.040     1527.750     1530.170
   520:     1530.170     1530.170     1530.180     1530.180     1530.180
   525:     1530.180     1530.180     1530.180     1530.210     1530.210
   530:     1533.070     1533.070     1534.040     1534.040     1534.180
   535:     1535.180     1535.180     1538.270     1538.270     1538.420
   540:     1538.420     1540.170     1540.180     1541.060     1541.060
   545:     1541.060     1541.070     1541.070     1541.070     1541.070
   550:     1541.070     1541.070     1545.070     1546.070     1546.070
   555:     1550.010     1550.010     1551.060     1551.070     1640.100
   560:     1661.470     1661.470     1661.470     1661.480     1661.480
   565:     1661.480     1661.480     1661.480     1661.480     1664.770
   570:     1664.770     1665.480     1666.480     1666.480     1671.470
   575:     1671.480     1672.090     1672.090     1672.090     1672.100
   580:     1672.100     1672.100     1672.100     1672.100     1672.100
   585:     1676.100     1676.510     1677.100     1677.100     1677.120
   590:     1680.250     1680.250     1682.090     1682.100     1683.360
   595:     1683.360     1683.360     1683.370     1683.370     1683.370
   600:     1683.370     1683.370     1683.370     1683.910     1683.910
   605:     1684.640     1684.640     1687.370     1688.370     1688.370
   610:     1689.470     1689.470     1693.360     1693.370     1698.500
   615:     1698.500     1698.500     1698.510     1698.510     1698.510
   620:     1698.510     1698.510     1698.510     1702.510     1703.510
   625:     1703.510     1708.500     1708.510     1817.110     1909.010
   630:     1915.600     1915.600     1915.600     1915.610     1915.610
   635:     1915.610     1915.610     1915.610     1915.610     1917.080
   640:     1917.080     1919.610     1920.610     1920.610     1925.600
   645:     1925.610     1929.620     1929.620     1929.620     1929.630
   650:     1929.630     1929.630     1929.630     1929.630     1929.630
   655:     1932.750     1932.750     1933.630     1934.630     1934.630
   660:     1938.980     1938.980     1939.620     1939.630     1954.480
   665:     1954.480     1954.480     1954.490     1954.490     1954.490
   670:     1954.490     1954.490     1954.490     1958.490     1959.490
   675:     1959.490     1964.480     1964.490     1974.220     1974.220
   680:     1974.220     1974.230     1974.230     1974.230     1974.230
   685:     1974.230     1974.230     1975.390     1975.390     1978.230
   690:     1978.750     1978.750     1979.230     1979.230     1984.220
   695:     1984.230     1999.590     1999.590     1999.590     1999.600
   700:     1999.600     1999.600     1999.600     1999.600     1999.600
   705:     1999.650     1999.650     2003.600     2004.600     2004.600
   710:     2009.590     2009.600     2044.580     2044.580     2044.580
   715:     2044.590     2044.590     2044.590     2044.590     2044.590
   720:     2044.590     2048.590     2049.590     2049.590     2054.580
   725:     2054.590     2080.000     2085.820     2085.820     2085.820
   730:     2085.830     2085.830     2085.830     2085.830     2085.830
   735:     2085.830     2089.830     2090.830     2090.830     2095.820
   740:     2095.830     2097.280     2097.280     2097.280     2097.290
   745:     2097.290     2097.290     2097.290     2097.290     2097.290
   750:     2101.290     2102.290     2102.290     2106.740     2106.740
   755:     2107.280     2107.290     2124.730     2134.960     2225.010
   760:     2225.010     2225.010     2225.020     2225.020     2225.020
   765:     2225.020     2225.020     2225.020     2228.240     2228.240
   770:     2229.020     2230.020     2230.020     2231.140     2231.140
   775:     2235.010     2235.020     2236.550     2236.550     2236.550
   780:     2236.560     2236.560     2236.560     2236.560     2236.560
   785:     2236.560     2236.840     2236.840     2240.560     2241.560
   790:     2241.560     2246.550     2246.560     2250.080     2250.080
   795:     2250.080     2250.090     2250.090     2250.090     2250.090
   800:     2250.090     2250.090     2252.660     2252.660     2254.090
   805:     2254.280     2254.280     2255.090     2255.090     2260.080
   810:     2260.090     2280.010     2330.110     2330.110     2330.110
   815:     2330.120     2330.120     2330.120     2330.120     2330.120
   820:     2330.120     2334.120     2335.120     2335.120     2340.110
   825:     2340.120     2343.090     2343.090     2343.090     2343.100
   830:     2343.100     2343.100     2343.100     2343.100     2343.100
   835:     2346.040     2346.040     2347.100     2347.130     2347.130
   840:     2348.100     2348.100     2350.740     2350.740     2353.090
   845:     2353.100     2370.710     2370.710     2370.710     2370.720
   850:     2370.720     2370.720     2370.720     2370.720     2370.720
   855:     2374.720     2375.720     2375.720     2380.710     2380.720
   860:     2404.090     2404.090     2404.090     2404.100     2404.100
   865:     2404.100     2404.100     2404.100     2404.100     2408.100
   870:     2409.100     2409.100     2414.090     2414.100     2417.590
   875:     2435.550     2435.550     2435.550     2435.560     2435.560
   880:     2435.560     2435.560     2435.560     2435.560     2439.560
   885:     2440.560     2440.560     2445.550     2445.560     2502.190
   890:     2580.050     2584.560     2625.660     2632.760     2642.090
   895:     2642.090     2642.090     2642.100     2642.100     2642.100
   900:     2642.100     2642.100     2642.100     2642.800     2642.800
   905:     2643.090     2643.090     2646.100     2647.100     2647.100
   910:     2648.380     2648.380     2652.090     2652.100     2654.960
   915:     2654.960     2654.960     2654.970     2654.970     2654.970
   920:     2654.970     2654.970     2654.970     2657.360     2657.360
   925:     2658.740     2658.970     2659.390     2659.970     2659.970
   930:     2664.650     2664.650     2664.960     2664.970     2665.300
   935:     2665.300     2665.300     2665.310     2665.310     2665.310
   940:     2665.310     2665.310     2665.310     2669.310     2670.310
   945:     2670.310     2675.300     2675.310     2701.320     2709.790
   950:     2709.790     2709.790     2709.800     2709.800     2709.800
   955:     2709.800     2709.800     2709.800     2710.440     2710.440
   960:     2713.800     2714.800     2714.800     2719.790     2719.800
   965:     2730.480     2730.480     2730.480     2730.490     2730.490
   970:     2730.490     2730.490     2730.490     2730.490     2733.010
   975:     2733.010     2734.490     2734.500     2734.970     2735.080
   980:     2735.490     2735.490     2738.770     2738.770     2740.480
   985:     2740.490     2740.640     2740.770     2740.880     2741.270
   990:     2741.370     2741.390     2741.560     2741.700     2741.740
   995:     2741.930     2741.940     2741.950     2741.970     2742.160
  1000:     2742.270     2742.460     2742.530     2742.550     2742.880
  1005:     2742.920     2743.000     2743.020     2743.280     2743.370
  1010:     2743.390     2743.450     2743.770     2744.000     2744.090
  1015:     2744.250     2747.570     2757.850     2757.850     2757.850
  1020:     2757.860     2757.860     2757.860     2757.860     2757.860
  1025:     2757.860     2761.040     2761.040     2761.860     2762.860
  1030:     2762.860     2767.850     2767.860     2786.900     2786.900
  1035:     2786.900     2786.910     2786.910     2786.910     2786.910
  1040:     2786.910     2786.910     2790.910     2791.910     2791.910
  1045:     2796.900     2796.910     2841.360     2858.540     2858.540
  1050:     2858.540     2858.550     2858.550     2858.550     2858.550
  1055:     2858.550     2858.550     2862.550     2863.550     2863.550
  1060:     2868.540     2868.550     2980.390     2981.770     2981.770
  1065:     2981.770     2981.780     2981.780     2981.780     2981.780
  1070:     2981.780     2981.780     2985.780     2986.780     2986.780
  1075:     2991.770     2991.780     3017.460     3028.050     3028.050
  1080:     3028.050     3028.060     3028.060     3028.060     3028.060
  1085:     3028.060     3028.060     3028.560     3028.560     3032.060
  1090:     3033.060     3033.060     3034.690     3034.690     3038.050
  1095:     3038.060     3042.010     3042.010     3042.010     3042.020
  1100:     3042.020     3042.020     3042.020     3042.020     3042.020
  1105:     3046.020     3047.020     3047.020     3052.010     3052.020
  1110:     3063.190     3063.190     3063.190     3063.200     3063.200
  1115:     3063.200     3063.200     3063.200     3063.200     3063.440
  1120:     3063.440     3067.200     3068.200     3068.200     3073.190
  1125:     3073.200     3077.480     3084.260     3092.180     3092.180
  1130:     3092.180     3092.190     3092.190     3092.190     3092.190
  1135:     3092.190     3092.190     3096.190     3097.190     3097.190
  1140:     3099.120     3099.120     3100.030     3100.030     3102.180
  1145:     3102.190     3107.460     3107.460     3107.460     3107.470
  1150:     3107.470     3107.470     3107.470     3107.470     3107.470
  1155:     3111.470     3112.470     3112.470     3117.460     3117.470
  1160:     3329.290     3334.600     3334.600     3334.600     3334.610
  1165:     3334.610     3334.610     3334.610     3334.610     3334.610
  1170:     3336.310     3336.310     3338.610     3339.610     3339.610
  1175:     3344.600     3344.610     3345.910     3345.910     3345.910
  1180:     3345.920     3345.920     3345.920     3345.920     3345.920
  1185:     3345.920     3349.920     3350.920     3350.920     3355.910
  1190:     3355.920     3374.120     3374.120     3374.120     3374.130
  1195:     3374.130     3374.130     3374.130     3374.130     3374.130
  1200:     3378.130     3379.130     3379.130     3384.120     3384.130
  1205:     3423.550     3423.550     3423.550     3423.560     3423.560
  1210:     3423.560     3423.560     3423.560     3423.560     3425.440
  1215:     3425.440     3427.560     3428.560     3428.560     3431.810
  1220:     3431.860     3433.550     3433.560     3454.390     3454.390
  1225:     3454.390     3454.400     3454.400     3454.400     3454.400
  1230:     3454.400     3454.400     3458.400     3459.400     3459.400
  1235:     3460.640     3460.640     3464.390     3464.400     3531.390
  1240:     3536.300     3537.370     3682.430     3682.430     3682.430
  1245:     3682.440     3682.440     3682.440     3682.440     3682.440
  1250:     3682.440     3686.440     3687.440     3687.440     3689.050
  1255:     3689.050     3691.960     3691.980     3692.140     3692.430
  1260:     3692.440     3702.120     3702.120     3702.120     3702.130
  1265:     3702.130     3702.130     3702.130     3702.130     3702.130
  1270:     3706.130     3707.130     3707.130     3707.230     3707.230
  1275:     3707.960     3707.960     3710.740     3710.740     3712.120
  1280:     3712.130     3719.170     3721.410     3725.420     3727.310
  1285:     3734.620     3734.620     3734.620     3734.630     3734.630
  1290:     3734.630     3734.630     3734.630     3734.630     3738.630
  1295:     3739.630     3739.630     3744.620     3744.630     3769.490
  1300:     3769.490     3769.490     3769.500     3769.500     3769.500
  1305:     3769.500     3769.500     3769.500     3773.500     3774.500
  1310:     3774.500     3779.490     3779.500     3790.100     3790.100
  1315:     3790.100     3790.110     3790.110     3790.110     3790.110
  1320:     3790.110     3790.110     3792.140     3792.140     3794.110
  1325:     3795.110     3795.110     3796.080     3796.080     3800.100
  1330:     3800.110     3801.150     3801.150     3801.150     3801.160
  1335:     3801.160     3801.160     3801.160     3801.160     3801.160
  1340:     3805.160     3806.160     3806.160     3811.150     3811.160
  1345:     3867.090     3891.560     3891.560     3891.560     3891.570
  1350:     3891.570     3891.570     3891.570     3891.570     3891.570
  1355:     3895.570     3896.570     3896.570     3901.560     3901.570
  1360:     3907.160     3907.160     3907.160     3907.170     3907.170
  1365:     3907.170     3907.170     3907.170     3907.170     3911.170
  1370:     3912.170     3912.170     3917.160     3917.170     3918.770
  1375:     3918.770     3918.770     3918.780     3918.780     3918.780
  1380:     3918.780     3918.780     3918.780     3922.780     3923.780
  1385:     3923.780     3928.770     3928.780     3934.030     3934.030
  1390:     3934.030     3934.040     3934.040     3934.040     3934.040
  1395:     3934.040     3934.040     3934.230     3934.230     3938.040
  1400:     3938.340     3938.340     3939.040     3939.040     3944.030
  1405:     3944.040     3945.650     3945.650     3945.650     3945.660
  1410:     3945.660     3945.660     3945.660     3945.660     3945.660
  1415:     3949.360     3949.360     3949.660     3950.660     3950.660
  1420:     3955.650     3955.660     4002.910     4008.380     4008.380
  1425:     4008.380     4008.390     4008.390     4008.390     4008.390
  1430:     4008.390     4008.390     4008.580     4008.580     4012.390
  1435:     4013.390     4013.390     4018.380     4018.390     4020.000
  1440:     4020.000     4020.000     4020.010     4020.010     4020.010
  1445:     4020.010     4020.010     4020.010     4020.690     4020.690
  1450:     4021.810     4021.810     4022.080     4022.080     4024.010
  1455:     4025.010     4025.010     4030.000     4030.010     4128.450
  1460:     4128.450     4128.450     4128.460     4128.460     4128.460
  1465:     4128.460     4128.460     4128.460     4132.460     4133.460
  1470:     4133.460     4138.160     4138.160     4138.450     4138.460
  1475:     4163.810     4186.370     4186.370     4186.370     4186.380
  1480:     4186.380     4186.380     4186.380     4186.380     4186.380
  1485:     4190.380     4191.380     4191.380     4196.370     4196.380
  1490:     4203.660     4203.660     4203.660     4203.670     4203.670
  1495:     4203.670     4203.670     4203.670     4203.670     4207.670
  1500:     4208.670     4208.670     4213.660     4213.670     4214.770
  1505:     4214.770     4214.770     4214.780     4214.780     4214.780
  1510:     4214.780     4214.780     4214.780     4214.930     4214.930
  1515:     4216.090     4216.090     4218.780     4219.780     4219.780
  1520:     4224.770     4224.780     4260.150     4262.720     4291.140
  1525:     4291.140     4291.140     4291.150     4291.150     4291.150
  1530:     4291.150     4291.150     4291.150     4295.150     4296.150
  1535:     4296.150     4301.140     4301.150     4316.550     4316.560
  1540:     4321.340     4326.670     4326.670     4326.670     4326.680
  1545:     4326.680     4326.680     4326.680     4326.680     4326.680
  1550:     4330.680     4331.680     4331.680     4336.670     4336.680
  1555:     4358.190     4358.190     4358.190     4358.200     4358.200
  1560:     4358.200     4358.200     4358.200     4358.200     4362.200
  1565:     4363.200     4363.200     4368.190     4368.200     4661.400
  1570:     4661.400     4661.400     4661.410     4661.410     4661.410
  1575:     4661.410     4661.410     4661.410     4665.410     4666.410
  1580:     4666.410     4671.400     4671.410     4674.290     4674.290
  1585:     4674.290     4674.300     4674.300     4674.300     4674.300
  1590:     4674.300     4674.300     4678.300     4679.300     4679.300
  1595:     4684.290     4684.300     4721.580     4721.580     4721.580
  1600:     4721.590     4721.590     4721.590     4721.590     4721.590
  1605:     4721.590     4725.590     4726.590     4726.590     4731.580
  1610:     4731.590     4732.350     4738.050     4752.350     4752.350
  1615:     4752.350     4752.360     4752.360     4752.360     4752.360
  1620:     4752.360     4752.360     4753.320     4753.320     4753.960
  1625:     4753.960     4756.360     4757.360     4757.360     4762.350
  1630:     4762.360     4805.780     4805.780     4805.780     4805.790
  1635:     4805.790     4805.790     4805.790     4805.790     4805.790
  1640:     4809.790     4810.790     4810.790     4815.780     4815.790
  1645:     4819.870     4819.870     4819.870     4819.880     4819.880
  1650:     4819.880     4819.880     4819.880     4819.880     4823.880
  1655:     4824.880     4824.880     4829.420     4829.420     4829.650
  1660:     4829.650     4829.870     4829.880     4836.370     4836.370
  1665:     4836.370     4836.380     4836.380     4836.380     4836.380
  1670:     4836.380     4836.380     4840.380     4841.380     4841.380
  1675:     4846.370     4846.380     4865.900     4865.900     4865.900
  1680:     4865.910     4865.910     4865.910     4865.910     4865.910
  1685:     4865.910     4869.910     4870.910     4870.910     4875.060
  1690:     4875.060     4875.900     4875.910     4881.990     4881.990
  1695:     4881.990     4882.000     4882.000     4882.000     4882.000
  1700:     4882.000     4882.000     4886.000     4887.000     4887.000
  1705:     4891.420     4891.420     4891.990     4892.000     4894.140
  1710:     4894.140     4894.140     4894.150     4894.150     4894.150
  1715:     4894.150     4894.150     4894.150     4898.150     4899.150
  1720:     4899.150     4904.140     4904.150     5016.180     5082.860
  1725:     5084.290     5089.390     5089.390     5089.390     5089.400
  1730:     5089.400     5089.400     5089.400     5089.400     5089.400
  1735:     5093.400     5094.400     5094.400     5096.780     5099.390
  1740:     5099.400     5099.590     5099.590     5099.590     5099.600
  1745:     5099.600     5099.600     5099.600     5099.600     5099.600
  1750:     5103.600     5104.600     5104.600     5109.590     5109.600
  1755:     5217.120     5217.120     5217.120     5217.130     5217.130
  1760:     5217.130     5217.130     5217.130     5217.130     5221.130
  1765:     5222.130     5222.130     5223.920     5223.920     5224.210
  1770:     5224.210     5224.290     5224.290     5225.320     5225.320
  1775:     5227.120     5227.130     5235.820     5235.820     5235.820
  1780:     5235.830     5235.830     5235.830     5235.830     5235.830
  1785:     5235.830     5239.830     5240.830     5240.830     5244.770
  1790:     5244.770     5245.820     5245.830     5251.850     5251.850
  1795:     5251.850     5251.860     5251.860     5251.860     5251.860
  1800:     5251.860     5251.860     5255.860     5256.860     5256.860
  1805:     5261.850     5261.860     5287.280     5287.280     5287.280
  1810:     5287.290     5287.290     5287.290     5287.290     5287.290
  1815:     5287.290     5291.290     5292.290     5292.290     5297.280
  1820:     5297.290     5308.240     5315.190     5316.410     5450.130
  1825:     5450.130     5450.130     5450.140     5450.140     5450.140
  1830:     5450.140     5450.140     5450.140     5450.760     5450.760
  1835:     5454.140     5455.140     5455.140     5460.130     5460.140
  1840:     5474.470     5474.470     5474.470     5474.480     5474.480
  1845:     5474.480     5474.480     5474.480     5474.480     5478.480
  1850:     5479.480     5479.480     5484.470     5484.480     5526.700
  1855:     5526.700     5526.700     5526.710     5526.710     5526.710
  1860:     5526.710     5526.710     5526.710     5530.710     5531.710
  1865:     5531.710     5536.130     5536.130     5536.700     5536.710
  1870:     5549.430     5554.190     5558.860     5575.600     5575.600
  1875:     5575.600     5575.610     5575.610     5575.610     5575.610
  1880:     5575.610     5575.610     5575.860     5575.860     5579.610
  1885:     5580.610     5580.610     5584.480     5584.480     5585.600
  1890:     5585.610     5589.200     5589.200     5589.200     5589.210
  1895:     5589.210     5589.210     5589.210     5589.210     5589.210
  1900:     5593.210     5594.210     5594.210     5599.200     5599.210
  1905:     5633.900     5633.900     5633.900     5633.910     5633.910
  1910:     5633.910     5633.910     5633.910     5633.910     5637.910
  1915:     5638.910     5638.910     5643.900     5643.910     5649.800
  1920:     5649.830     5652.390     5652.420     5652.860     5654.600
  1925:     5654.600     5654.600     5654.610     5654.610     5654.610
  1930:     5654.610     5654.610     5654.610     5658.610     5659.610
  1935:     5659.610     5664.600     5664.610     5666.760     5666.760
  1940:     5666.760     5666.770     5666.770     5666.770     5666.770
  1945:     5666.770     5666.770     5670.770     5671.770     5671.770
  1950:     5676.760     5676.770     5895.720     5895.720     5895.720
  1955:     5895.730     5895.730     5895.730     5895.730     5895.730
  1960:     5895.730     5899.730     5900.730     5900.730     5904.320
  1965:     5904.320     5905.720     5905.730     5909.960     5909.960
  1970:     5909.960     5909.970     5909.970     5909.970     5909.970
  1975:     5909.970     5909.970     5913.970     5914.970     5914.970
  1980:     5919.960     5919.970     5981.570     5989.100     6003.870
  1985:     6011.190     6015.090     6029.660     6035.660     6083.940
  1990:     6192.710     6192.710     6192.710     6192.720     6192.720
  1995:     6192.720     6192.720     6192.720     6192.720     6196.720
  2000:     6197.720     6197.720     6202.110     6202.110     6202.710
  2005:     6202.720     6204.410     6204.410     6204.410     6204.420
  2010:     6204.420     6204.420     6204.420     6204.420     6204.420
  2015:     6208.420     6208.710     6209.420     6209.420     6214.410
  2020:     6214.420     6217.230     6217.230     6217.230     6217.240
  2025:     6217.240     6217.240     6217.240     6217.240     6217.240
  2030:     6221.240     6222.240     6222.240     6227.230     6227.240
  2035:     6263.480     6263.480     6263.480     6263.490     6263.490
  2040:     6263.490     6263.490     6263.490     6263.490     6264.100
  2045:     6264.100     6267.490     6268.490     6268.490     6269.120
  2050:     6269.120     6273.480     6273.490     6293.420     6293.420
  2055:     6293.420     6293.430     6293.430     6293.430     6293.430
  2060:     6293.430     6293.430     6297.430     6298.430     6298.430
  2065:     6303.420     6303.430     6330.660     6330.660     6330.660
  2070:     6330.670     6330.670     6330.670     6330.670     6330.670
  2075:     6330.670     6330.960     6330.960     6334.670     6335.670
  2080:     6335.670     6340.660     6340.670     6364.240     6365.350
  2085:     6764.680     6779.320     6779.410     6792.530     6810.320
  2090:     6838.900     6851.890     6852.630     6860.250     6872.090
  2095:     6872.090     6872.090     6872.100     6872.100     6872.100
  2100:     6872.100     6872.100     6872.100     6876.100     6877.100
  2105:     6877.100     6882.090     6882.100     6911.870     6911.870
  2110:     6911.870     6911.880     6911.880     6911.880     6911.880
  2115:     6911.880     6911.880     6915.880     6916.880     6916.880
  2120:     6921.870     6921.880     6937.840     6937.840     6937.840
  2125:     6937.850     6937.850     6937.850     6937.850     6937.850
  2130:     6937.850     6941.850     6942.670     6942.690     6942.790
  2135:     6942.850     6942.850     6944.850     6944.930     6945.020
  2140:     6945.040     6947.170     6947.170     6947.840     6947.850
  2145:     6960.830     6960.830     6960.830     6960.840     6960.840
  2150:     6960.840     6960.840     6960.840     6960.840     6961.090
  2155:     6961.090     6961.240     6961.240     6964.840     6965.840
  2160:     6965.840     6970.830     6970.840     6986.090     6992.810
  2165:     6998.930     7012.310     7012.310     7012.310     7012.320
  2170:     7012.320     7012.320     7012.320     7012.320     7012.320
  2175:     7016.320     7017.320     7017.320     7022.100     7022.100
  2180:     7022.310     7022.320     7025.270     7025.270     7025.270
  2185:     7025.280     7025.280     7025.280     7025.280     7025.280
  2190:     7025.280     7025.910     7025.910     7029.280     7030.280
  2195:     7030.280     7035.270     7035.280     7038.080     7038.080
  2200:     7038.080     7038.090     7038.090     7038.090     7038.090
  2205:     7038.090     7038.090     7042.090     7043.090     7043.090
  2210:     7048.080     7048.090     7087.710     7087.710     7087.710
  2215:     7087.720     7087.720     7087.720     7087.720     7087.720
  2220:     7087.720     7091.720     7092.720     7092.720     7097.710
  2225:     7097.720     7133.340     7133.340     7133.340     7133.350
  2230:     7133.350     7133.350     7133.350     7133.350     7133.350
  2235:     7137.350     7138.350     7138.350     7142.050     7142.050
  2240:     7143.340     7143.350     7144.750     7144.750     7144.750
  2245:     7144.760     7144.760     7144.760     7144.760     7144.760
  2250:     7144.760     7148.760     7148.800     7148.800     7149.760
  2255:     7149.760     7154.750     7154.760     7156.130     7156.130
  2260:     7156.130     7156.140     7156.140     7156.140     7156.140
  2265:     7156.140     7156.140     7160.140     7161.140     7161.140
  2270:     7166.130     7166.140     7172.720     7172.720     7172.720
  2275:     7172.730     7172.730     7172.730     7172.730     7172.730
  2280:     7172.730     7175.430     7175.430     7176.730     7177.730
  2285:     7177.730     7182.720     7182.730     7203.080     7220.420
  2290:     7220.420     7220.420     7220.430     7220.430     7220.430
  2295:     7220.430     7220.430     7220.430     7220.810     7220.810
  2300:     7224.430     7225.430     7225.430     7230.420     7230.430
  2305:     7308.100     7308.330     7319.450     7324.850     7356.150
  2310:     7357.180     7365.050     7365.050     7365.050     7365.060
  2315:     7365.060     7365.060     7365.060     7365.060     7365.060
  2320:     7369.050     7369.050     7369.060     7370.060     7370.060
  2325:     7370.810     7370.810     7375.050     7375.060     7376.460
  2330:     7376.460     7376.460     7376.470     7376.470     7376.470
  2335:     7376.470     7376.470     7376.470     7376.780     7376.780
  2340:     7380.470     7381.470     7381.470     7386.460     7386.470
  2345:     7394.260     7394.260     7394.260     7394.270     7394.270
  2350:     7394.270     7394.270     7394.270     7394.270     7398.270
  2355:     7399.270     7399.270     7404.260     7404.270     7476.090
  2360:     7476.090     7476.090     7476.100     7476.100     7476.100
  2365:     7476.100     7476.100     7476.100     7480.100     7481.100
  2370:     7481.100     7486.090     7486.100     7489.110     7489.110
  2375:     7489.110     7489.120     7489.120     7489.120     7489.120
  2380:     7489.120     7489.120     7492.740     7492.740     7493.120
  2385:     7494.120     7494.120     7498.570     7498.570     7499.110
  2390:     7499.120     7670.690     7670.690     7670.690     7670.700
  2395:     7670.700     7670.700     7670.700     7670.700     7670.700
  2400:     7674.700     7675.700     7675.700     7680.690     7680.700
  2405:     7716.530     7716.530     7716.530     7716.540     7716.540
  2410:     7716.540     7716.540     7716.540     7716.540     7720.540
  2415:     7721.540     7721.540     7721.710     7721.710     7726.530
  2420:     7726.540     7735.400     7735.400     7735.400     7735.410
  2425:     7735.410     7735.410     7735.410     7735.410     7735.410
  2430:     7739.410     7740.410     7740.410     7745.400     7745.410
  2435:     7791.640     7791.640     7791.640     7791.650     7791.650
  2440:     7791.650     7791.650     7791.650     7791.650     7795.650
  2445:     7796.650     7796.650     7801.640     7801.650     7810.890
  2450:     7810.890     7810.890     7810.900     7810.900     7810.900
  2455:     7810.900     7810.900     7810.900     7814.900     7815.900
  2460:     7815.900     7820.890     7820.900     7950.730     7962.340
  2465:     7986.780     7986.780     7986.780     7986.790     7986.790
  2470:     7986.790     7986.790     7986.790     7986.790     7990.790
  2475:     7991.790     7991.790     7996.110     7996.110     7996.780
  2480:     7996.790     8006.320     8006.320     8006.320     8006.330
  2485:     8006.330     8006.330     8006.330     8006.330     8006.330
  2490:     8006.470     8006.470     8010.330     8011.330     8011.330
  2495:     8014.630     8014.630     8016.320     8016.330     8036.880
  2500:     8036.970     8037.010     8037.660     8037.690     8067.590
  2505:     8067.590     8067.590     8067.600     8067.600     8067.600
  2510:     8067.600     8067.600     8067.600     8067.850     8067.850
  2515:     8071.600     8072.600     8072.600     8077.590     8077.600
  2520:     8080.530     8080.530     8080.530     8080.540     8080.540
  2525:     8080.540     8080.540     8080.540     8080.540     8081.120
  2530:     8081.120     8081.930     8081.930     8084.540     8085.540
  2535:     8085.540     8090.530     8090.540     8094.610     8094.610
  2540:     8094.610     8094.620     8094.620     8094.620     8094.620
  2545:     8094.620     8094.620     8095.080     8095.080     8098.620
  2550:     8099.620     8099.620     8104.610     8104.620     8182.170
  2555:     8186.200     8193.800     8195.660     8210.080     8210.080
  2560:     8210.080     8210.090     8210.090     8210.090     8210.090
  2565:     8210.090     8210.090     8211.170     8211.170     8214.090
  2570:     8215.090     8215.090     8217.070     8217.070     8220.080
  2575:     8220.090     8373.800     8373.800     8373.800     8373.810
  2580:     8373.810     8373.810     8373.810     8373.810     8373.810
  2585:     8377.810     8378.810     8378.810     8383.800     8383.810
  2590:     8389.430     8389.430     8389.430     8389.440     8389.440
  2595:     8389.440     8389.440     8389.440     8389.440     8391.480
  2600:     8391.480     8392.000     8392.000     8393.440     8394.440
  2605:     8394.440     8399.430     8399.440     8399.450     8399.450
  2610:     8399.450     8399.460     8399.460     8399.460     8399.460
  2615:     8399.460     8399.460     8399.790     8399.790     8400.270
  2620:     8400.270     8400.560     8400.560     8402.020     8402.740
  2625:     8403.460     8404.460     8404.460     8409.450     8409.460
  2630:     8434.790     8434.900     8451.050     8451.050     8451.050
  2635:     8451.060     8451.060     8451.060     8451.060     8451.060
  2640:     8451.060     8451.180     8451.180     8455.060     8456.060
  2645:     8456.060     8461.050     8461.060     8503.990     8503.990
  2650:     8503.990     8504.000     8504.000     8504.000     8504.000
  2655:     8504.000     8504.000     8508.000     8509.000     8509.000
  2660:     8513.850     8513.850     8513.990     8514.000     8568.340
  2665:     8568.340     8568.340     8568.350     8568.350     8568.350
  2670:     8568.350     8568.350     8568.350     8572.320     8572.320
  2675:     8572.350     8573.350     8573.350     8578.260     8578.340
  2680:     8578.350     8578.500     8578.750     8578.870     8578.920
  2685:     8578.950     8579.010     8579.540     8580.310     8580.410
  2690:     8584.440     8584.440     8584.440     8584.450     8584.450
  2695:     8584.450     8584.450     8584.450     8584.450     8587.180
  2700:     8587.180     8588.450     8589.450     8589.450     8594.440
  2705:     8594.450     8594.550     8594.550     8594.550     8594.560
  2710:     8594.560     8594.560     8594.560     8594.560     8594.560
  2715:     8598.560     8599.560     8599.560     8604.550     8604.560
  2720:     8606.140     8606.140     8606.140     8606.150     8606.150
  2725:     8606.150     8606.150     8606.150     8606.150     8608.180
  2730:     8608.180     8610.150     8611.150     8611.150     8616.140
  2735:     8616.150     8632.200     8632.200     8632.200     8632.210
  2740:     8632.210     8632.210     8632.210     8632.210     8632.210
  2745:     8636.210     8637.210     8637.210     8642.200     8642.210
  2750:     8691.210     8708.870     8708.870     8708.870     8708.880
  2755:     8708.880     8708.880     8708.880     8708.880     8708.880
  2760:     8712.880     8713.880     8713.880     8716.570     8716.570
  2765:     8718.870     8718.880     8726.060     8726.060     8726.060
  2770:     8726.070     8726.070     8726.070     8726.070     8726.070
  2775:     8726.070     8730.070     8731.070     8731.070     8736.060
  2780:     8736.070     8896.720     8896.720     8896.720     8896.730
  2785:     8896.730     8896.730     8896.730     8896.730     8896.730
  2790:     8900.730     8901.730     8901.730     8906.720     8906.730
  2795:     8910.420     8910.420     8910.420     8910.430     8910.430
  2800:     8910.430     8910.430     8910.430     8910.430     8914.430
  2805:     8915.430     8915.430     8920.420     8920.430     8934.510
  2810:     8934.510     8934.510     8934.520     8934.520     8934.520
  2815:     8934.520     8934.520     8934.520     8938.520     8939.520
  2820:     8939.520     8944.510     8944.520     9260.870     9260.930
  2825:     9264.640     9264.640     9264.640     9264.650     9264.650
  2830:     9264.650     9264.650     9264.650     9264.650     9268.650
  2835:     9269.650     9269.650     9274.170     9274.170     9274.360
  2840:     9274.360     9274.640     9274.650     9280.740     9280.740
  2845:     9280.740     9280.750     9280.750     9280.750     9280.750
  2850:     9280.750     9280.750     9284.750     9285.750     9285.750
  2855:     9290.740     9290.750     9307.760     9307.760     9307.760
  2860:     9307.770     9307.770     9307.770     9307.770     9307.770
  2865:     9307.770     9311.770     9312.520     9312.520     9312.770
  2870:     9312.770     9317.760     9317.770     9319.660     9319.660
  2875:     9319.660     9319.670     9319.670     9319.670     9319.670
  2880:     9319.670     9319.670     9319.720     9319.720     9323.670
  2885:     9324.670     9324.670     9329.660     9329.670     9350.890
  2890:     9350.890     9350.890     9350.900     9350.900     9350.900
  2895:     9350.900     9350.900     9350.900     9354.900     9355.900
  2900:     9355.900     9360.890     9360.900     9362.950     9363.020
  2905:     9363.110     9367.560     9367.560     9367.560     9367.570
  2910:     9367.570     9367.570     9367.570     9367.570     9367.570
  2915:     9368.380     9368.380     9371.570     9372.570     9372.570
  2920:     9377.560     9377.570     9465.510     9468.570     9468.570
  2925:     9468.570     9468.580     9468.580     9468.580     9468.580
  2930:     9468.580     9468.580     9472.580     9473.580     9473.580
  2935:     9474.250     9474.250     9475.290     9475.290     9476.410
  2940:     9476.410     9478.570     9478.580     9479.700     9479.700
  2945:     9479.700     9479.710     9479.710     9479.710     9479.710
  2950:     9479.710     9479.710     9483.710     9484.710     9484.710
  2955:     9489.700     9489.710     9536.580     9536.580     9536.580
  2960:     9536.590     9536.590     9536.590     9536.590     9536.590
  2965:     9536.590     9540.590     9541.590     9541.590     9542.230
  2970:     9542.230     9546.580     9546.590     9666.120     9666.120
  2975:     9666.120     9666.130     9666.130     9666.130     9666.130
  2980:     9666.130     9666.130     9669.160     9669.320     9669.330
  2985:     9669.620     9670.130     9670.580     9670.580     9671.130
  2990:     9671.130     9676.120     9676.130     9678.110     9678.110
  2995:     9678.110     9678.120     9678.120     9678.120     9678.120
  3000:     9678.120     9678.120     9682.120     9683.120     9683.120
  3005:     9684.150     9684.150     9688.110     9688.120     9710.280
  3010:     9747.860     9747.860     9747.860     9747.870     9747.870
  3015:     9747.870     9747.870     9747.870     9747.870     9751.160
  3020:     9751.870     9752.870     9752.870     9757.860     9757.870
  3025:     9767.370     9767.370     9767.370     9767.380     9767.380
  3030:     9767.380     9767.380     9767.380     9767.380     9771.380
  3035:     9772.380     9772.380     9777.370     9777.380     9820.900
  3040:     9820.900     9820.900     9820.910     9820.910     9820.910
  3045:     9820.910     9820.910     9820.910     9821.250     9821.250
  3050:     9823.520     9823.520     9824.910     9825.910     9825.910
  3055:     9830.900     9830.910     9870.360     9870.360     9870.360
  3060:     9870.370     9870.370     9870.370     9870.370     9870.370
  3065:     9870.370     9874.370     9875.370     9875.370     9880.360
  3070:     9880.370    10018.910    10019.400    10020.330    10020.830
  3075:    10020.870    10021.100    10022.030    10022.030    10022.030
  3080:    10022.040    10022.040    10022.040    10022.040    10022.040
  3085:    10022.040    10022.300    10022.300    10025.730    10025.730
  3090:    10026.040    10026.380    10026.380    10027.040    10027.040
  3095:    10032.030    10032.040    10163.310    10163.310    10163.310
  3100:    10163.320    10163.320    10163.320    10163.320    10163.320
  3105:    10163.320    10167.320    10168.320    10168.320    10173.310
  3110:    10173.320    10178.680    10178.680    10178.680    10178.690
  3115:    10178.690    10178.690    10178.690    10178.690    10178.690
  3120:    10182.690    10183.690    10183.690    10188.680    10188.690
  3125:    10222.130    10222.130    10222.130    10222.140    10222.140
  3130:    10222.140    10222.140    10222.140    10222.140    10223.090
  3135:    10223.090    10226.140    10227.140    10227.140    10230.140
  3140:    10230.140    10232.130    10232.140    10259.900    10261.680
  3145:    10261.680    10261.680    10261.690    10261.690    10261.690
  3150:    10261.690    10261.690    10261.690    10265.690    10266.690
  3155:    10266.690    10271.680    10271.690    10286.250    10286.250
  3160:    10286.250    10286.260    10286.260    10286.260    10286.260
  3165:    10286.260    10286.260    10290.260    10291.260    10291.260
  3170:    10296.250    10296.260    10314.830    10314.860    10322.450
  3175:    10322.450    10322.450    10322.460    10322.460    10322.460
  3180:    10322.460    10322.460    10322.460    10326.460    10327.460
  3185:    10327.460    10332.450    10332.460    10334.130    10334.130
  3190:    10334.130    10334.140    10334.140    10334.140    10334.140
  3195:    10334.140    10334.140    10338.140    10339.140    10339.140
  3200:    10344.130    10344.140    10419.430    10455.530    10455.530
  3205:    10455.530    10455.540    10455.540    10455.540    10455.540
  3210:    10455.540    10455.540    10459.540    10460.540    10460.540
  3215:    10465.530    10465.540    10469.340    10469.360    10470.950
  3220:    10479.570    10479.570    10479.570    10479.580    10479.580
  3225:    10479.580    10479.580    10479.580    10479.580    10479.640
  3230:    10479.640    10483.580    10484.580    10484.580    10489.570
  3235:    10489.580    10525.430    10526.210    10576.660    10576.660
  3240:    10576.660    10576.670    10576.670    10576.670    10576.670
  3245:    10576.670    10576.670    10580.670    10581.670    10581.670
  3250:    10586.660    10586.670    10666.700    10681.410    10695.000
  3255:    10695.000    10695.000    10695.010    10695.010    10695.010
  3260:    10695.010    10695.010    10695.010    10699.010    10700.010
  3265:    10700.010    10705.000    10705.010    10800.010
