File: C:\MED-PC IV\DATA\!2025-03-14_09h11m.Subject 57



Start Date: 03/14/25
End Date: 03/14/25
Subject: 57
Experiment: OralFentSA
Group: One
Box: 1
Start Time:  9:11:54
End Time: 12:12:11
MSN: Golden_Liq_SelfAdmin_EXT
F:       0.000
G:     346.000
H:   10800.010
I:       0.000
J:       0.000
K:       0.000
L:       0.000
M:       0.000
N:       0.000
O:       0.000
P:       0.000
Q:       0.000
R:       0.000
S:       0.000
U:       0.000
V:       0.000
W:       0.000
X:       0.000
Y:       0.000
Z:       0.000
A:
     0:        0.000        0.000      180.000        4.000        0.000
     5:        5.000        0.000        5.000        0.000        0.000
    10:        1.000        0.000       10.000 100000000.00       27.000
    15:       25.000      640.000        0.000        0.000        0.000
    20:        0.000
B:
     0:        0.000        0.000        0.000        0.000        0.000
     5:        0.000        0.000        0.000        0.000        0.000
    10:        0.000        0.000     1000.000 10000000000.        0.000
    15:        0.000        0.000        0.000        0.000        0.000
    20:        0.000
C:
     0:        0.000       19.000        0.000       31.000      191.000
     5:    10793.890        3.550       16.000     2274.430      142.152
    10:       31.000       15.000        0.000        0.000        0.000
    15:        0.000        0.000        0.000        0.000        0.000
    20:        0.000
D:
     0:      164.600       67.590       51.970       27.980       40.290
     5:        6.800        3.880       95.600      532.210       93.200
    10:      135.790      403.040        2.290      638.570        7.070
    15:        3.550
E:
     0:       19.000       11.000       26.000       27.000        6.000
     5:        6.000        2.000        4.000       22.000       24.000
    10:       19.000       11.000        6.000        6.000        6.000
    15:        6.000        6.000        6.000        6.000        6.000
    20:        6.000        6.000        6.000        6.000        6.000
    25:        6.000        6.000        6.000        6.000        6.000
    30:        6.000        6.000        2.000        4.000       22.000
    35:       24.000       21.000       22.000       21.000       22.000
    40:       19.000       11.000        6.000        6.000        6.000
    45:        6.000        2.000        4.000       22.000       24.000
    50:       19.000       11.000        6.000        6.000        6.000
    55:        6.000        6.000        6.000        6.000       23.000
    60:       23.000       23.000        2.000        4.000       22.000
    65:       24.000       19.000       11.000        6.000        6.000
    70:        6.000        6.000        6.000        6.000        6.000
    75:        6.000        6.000        6.000        6.000        6.000
    80:        6.000        6.000        6.000        6.000        6.000
    85:        6.000        6.000        6.000        6.000        6.000
    90:        6.000        2.000        4.000       22.000       24.000
    95:       19.000       11.000        6.000        6.000        6.000
   100:        6.000       23.000        2.000        4.000       22.000
   105:       24.000       21.000       22.000       21.000       22.000
   110:        6.000        6.000        6.000        6.000        6.000
   115:       19.000       11.000        2.000        4.000       22.000
   120:       24.000       21.000       22.000       21.000       22.000
   125:       21.000       22.000       19.000       11.000        2.000
   130:        4.000       22.000       24.000       21.000       22.000
   135:        6.000       19.000       11.000       23.000       23.000
   140:       23.000        6.000        6.000        6.000        6.000
   145:        6.000        6.000        2.000        4.000       22.000
   150:       24.000       21.000       22.000       19.000       11.000
   155:        6.000        6.000        6.000       23.000       23.000
   160:        2.000        4.000       22.000       24.000       19.000
   165:       11.000        6.000        6.000        6.000        6.000
   170:        6.000        6.000        2.000        4.000       22.000
   175:       24.000       19.000       11.000        2.000        4.000
   180:       22.000       24.000       19.000       11.000       23.000
   185:       23.000       23.000        6.000        6.000        6.000
   190:        6.000        6.000        6.000        6.000        6.000
   195:        6.000        6.000        6.000        6.000        6.000
   200:        6.000        6.000        6.000        6.000        6.000
   205:        6.000        6.000        6.000        6.000        6.000
   210:        6.000        6.000        2.000        4.000       22.000
   215:       24.000       21.000       22.000       19.000       11.000
   220:       23.000        6.000        6.000        6.000        6.000
   225:        6.000        2.000        4.000       22.000       24.000
   230:       19.000       11.000        6.000        2.000        4.000
   235:       22.000       24.000        6.000        6.000       21.000
   240:       22.000       19.000       11.000        6.000        6.000
   245:        6.000        6.000        6.000        2.000        4.000
   250:       22.000       24.000       21.000       22.000       19.000
   255:       11.000        6.000        6.000        6.000        6.000
   260:        6.000        6.000        2.000        4.000       22.000
   265:       24.000        6.000        6.000        6.000        6.000
   270:        6.000        6.000       19.000       11.000        6.000
   275:        6.000        2.000        4.000       22.000       24.000
   280:        6.000        6.000        6.000        6.000        6.000
   285:        6.000        6.000        6.000        6.000        6.000
   290:       19.000       11.000        6.000       23.000        6.000
   295:        6.000        6.000        6.000        6.000        6.000
   300:        6.000        6.000        6.000        6.000        6.000
   305:        6.000        6.000        6.000        6.000        6.000
   310:        6.000        6.000        6.000        6.000        6.000
   315:        6.000        6.000        6.000        6.000        6.000
   320:       23.000        6.000        6.000        6.000        6.000
   325:        6.000        6.000        6.000        6.000        6.000
   330:        6.000        6.000        6.000        6.000        6.000
   335:        6.000        6.000        6.000        6.000        6.000
   340:        6.000        6.000        2.000        4.000       22.000
   345:       24.000      100.000
T:
     0:        0.000        0.000        0.000        0.000       56.170
     5:       59.360       64.610       64.610       64.610       64.620
    10:       74.610       74.620      229.220      231.160      286.000
    15:      286.260      287.990      289.210      289.710      289.760
    20:      293.090      294.090      294.690      421.050      563.660
    25:      564.430      565.420      565.640      565.750      577.260
    30:      577.270      578.680      580.830      580.830      580.830
    35:      580.840      582.770      582.770      587.470      587.470
    40:      590.830      590.840      648.430      649.680      649.920
    45:      651.350      707.220      707.220      707.220      707.230
    50:      717.220      717.230      759.200      759.450      759.530
    55:      760.540      760.550     1068.300     1069.390     1090.010
    60:     1151.650     1153.360     1187.190     1187.190     1187.190
    65:     1187.200     1197.190     1197.200     1215.180     1216.050
    70:     1218.520     1219.320     1219.350     1219.420     1219.950
    75:     1221.020     1221.750     1223.580     1224.060     1224.560
    80:     1224.640     1225.220     1226.040     1228.340     1229.360
    85:     1232.970     1233.140     1235.860     1248.440     1251.410
    90:     2020.910     2028.530     2028.530     2028.530     2028.540
    95:     2038.530     2038.540     2068.830     2113.560     5209.110
   100:     5210.680     6322.550     6340.820     6340.820     6340.820
   105:     6340.830     6345.390     6345.390     6346.340     6346.340
   110:     6347.630     6348.250     6348.260     6349.430     6349.800
   115:     6350.820     6350.830     6352.700     6352.700     6352.700
   120:     6352.710     6353.180     6353.180     6355.990     6355.990
   125:     6357.820     6357.820     6362.700     6362.710     6399.090
   130:     6399.090     6399.090     6399.100     6399.690     6399.690
   135:     6402.980     6409.090     6409.100     6420.830     6421.110
   140:     6424.520     6455.690     6456.210     6456.280     6456.430
   145:     6456.570     6456.850     6529.680     6529.680     6529.680
   150:     6529.690     6531.430     6531.430     6539.680     6539.690
   155:     6625.290     6626.040     6642.010     6655.120     6655.510
   160:     6671.210     6671.210     6671.210     6671.220     6681.210
   165:     6681.220     7203.430     7301.330     7301.630     7301.710
   170:     7301.780     7301.820     7348.350     7348.350     7348.350
   175:     7348.360     7358.350     7358.360     7361.750     7361.750
   180:     7361.750     7361.760     7371.750     7371.760     7425.150
   185:     7426.510     7428.630     7454.960     7455.170     7455.670
   190:     7468.180     7531.790     7532.340     7532.380     7537.930
   195:     7539.180     7540.070     7540.310     7543.000     7546.220
   200:     7547.050     7547.070     7548.210     7548.280     7548.440
   205:     7548.490     7548.870     7549.060     7549.830     7549.850
   210:     7550.260     7553.910     7624.670     7624.670     7624.670
   215:     7624.680     7625.920     7625.920     7634.670     7634.680
   220:     7719.280     7760.470     7760.500     7764.860     7765.200
   225:     7777.650     7797.870     7797.870     7797.870     7797.880
   230:     7807.870     7807.880     8200.920     8412.470     8412.470
   235:     8412.470     8412.480     8414.770     8415.860     8421.870
   240:     8421.870     8422.470     8422.480     8535.420     8536.350
   245:     8536.370     8536.480     8536.530     8627.240     8627.240
   250:     8627.240     8627.250     8628.240     8628.240     8637.240
   255:     8637.250     9265.820     9265.980     9266.060     9266.180
   260:     9266.210     9266.230     9922.940     9922.940     9922.940
   265:     9922.950     9930.020     9930.780     9930.980     9932.020
   270:     9932.070     9932.730     9932.940     9932.950     9933.630
   275:     9933.720     9935.770     9935.770     9935.770     9935.780
   280:     9939.330     9939.410     9939.920     9940.630     9942.160
   285:     9943.480     9943.870     9944.130     9944.460     9945.560
   290:     9945.770     9945.780     9947.610     9976.960    10063.360
   295:    10063.560    10066.460    10067.810    10068.250    10070.930
   300:    10071.620    10072.250    10076.450    10078.150    10082.430
   305:    10082.960    10084.850    10087.990    10095.010    10095.680
   310:    10095.750    10098.560    10098.640    10098.930    10101.600
   315:    10101.830    10102.060    10102.550    10102.950    10103.100
   320:    10154.840    10211.440    10212.030    10257.060    10265.480
   325:    10265.880    10265.910    10266.570    10780.490    10780.960
   330:    10780.980    10784.820    10785.180    10785.250    10788.360
   335:    10788.380    10788.590    10788.800    10788.840    10790.410
   340:    10791.130    10792.260    10793.880    10793.880    10793.880
   345:    10793.890    10800.010
