File: C:\MED-PC IV\DATA\!2025-02-24_09h43m.Subject 60



Start Date: 02/24/25
End Date: 02/24/25
Subject: 60
Experiment: OralFentSA
Group: One
Box: 4
Start Time:  9:43:27
End Time: 12:43:55
MSN: Golden_Liq_SelfAdmin
F:       0.000
G:    1607.000
H:   10800.010
I:       0.000
J:       0.000
K:       0.000
L:       0.000
M:       0.000
N:       0.000
O:       0.000
P:       0.000
Q:       0.000
R:       0.000
S:       0.000
U:       0.000
V:       0.000
W:       0.000
X:       0.000
Y:       0.000
Z:       0.000
A:
     0:        0.000        0.000      180.000        4.000        0.000
     5:        5.000        0.000        5.000        0.000        0.000
    10:        1.000        0.000       10.000 1000000000.0       21.000
    15:       11.000      640.000        0.000        0.000        0.000
    20:        0.000
B:
     0:        0.000        0.000        0.000      400.000        0.000
     5:      500.000        0.000      500.000        0.000        0.000
    10:        0.000        0.000     1000.000 100000000000        0.000
    15:        0.000        0.000        0.000        0.000        0.000
    20:        0.000
C:
     0:       46.000       47.000        0.000      255.000      515.000
     5:     8378.500        1.340       46.000      354.360        7.703
    10:      255.000       26.000        0.000        0.000        0.000
    15:        0.000        0.000        0.000        0.000        0.000
    20:        0.000
D:
     0:       11.460        2.490        8.800        6.180       28.420
     5:        2.820        2.680       23.170        6.020        1.510
    10:        2.670        3.150        2.330        1.120        2.530
    15:        1.040        1.980        1.790        2.800       10.280
    20:        1.210        5.690        9.990        1.700        5.190
    25:        2.690        2.970       14.620      107.570        2.550
    30:        0.960        0.770        2.000        1.430        2.200
    35:        2.180        1.950       19.910        2.330        2.070
    40:        6.200        5.570       19.020        4.790        4.220
    45:        1.340
E:
     0:       19.000       11.000       26.000       27.000        6.000
     5:        6.000        6.000        6.000        6.000        6.000
    10:        6.000        6.000        6.000        6.000        6.000
    15:        6.000        6.000        6.000        6.000        6.000
    20:        2.000        4.000       22.000       24.000       12.000
    25:       13.000        8.000        5.000       17.000       21.000
    30:       22.000       18.000       14.000       10.000       19.000
    35:       11.000        6.000        6.000        6.000        6.000
    40:        6.000        6.000        6.000        6.000        6.000
    45:        6.000        6.000        2.000        4.000       22.000
    50:       24.000       12.000       13.000        8.000        5.000
    55:       17.000        6.000        6.000       18.000       14.000
    60:       10.000       19.000       11.000        6.000        2.000
    65:        4.000       22.000       24.000       12.000       13.000
    70:        8.000        5.000       17.000       21.000       22.000
    75:       21.000       22.000       18.000       14.000       10.000
    80:        6.000       19.000       11.000        2.000        4.000
    85:       22.000       24.000       12.000       13.000        8.000
    90:        5.000       17.000       18.000       14.000       10.000
    95:        6.000       21.000       22.000       19.000       11.000
   100:        2.000        4.000       22.000       24.000       12.000
   105:       13.000        8.000        5.000       17.000       18.000
   110:       14.000       10.000       19.000       11.000        6.000
   115:        6.000        6.000        6.000        6.000        6.000
   120:        2.000        4.000       22.000       24.000       12.000
   125:       13.000        8.000        5.000       17.000       21.000
   130:       22.000       21.000       22.000        6.000       18.000
   135:       14.000       10.000        6.000        6.000       19.000
   140:       11.000       23.000        6.000        6.000       23.000
   145:        2.000        4.000       22.000       24.000       12.000
   150:       13.000        8.000        5.000       17.000       21.000
   155:       22.000       21.000       22.000       21.000       22.000
   160:        6.000       18.000       14.000       10.000       19.000
   165:       11.000        6.000        6.000        6.000        6.000
   170:        6.000        6.000        6.000        6.000        6.000
   175:        6.000        6.000        6.000        6.000        6.000
   180:        6.000        6.000        6.000        2.000        4.000
   185:       22.000       24.000       12.000       13.000        8.000
   190:        5.000       17.000       21.000       22.000       21.000
   195:       22.000       18.000       14.000       10.000       19.000
   200:       11.000        6.000        6.000        6.000        6.000
   205:        2.000        4.000       22.000       24.000       12.000
   210:       13.000        8.000        5.000       17.000       21.000
   215:       22.000       21.000       22.000       21.000       22.000
   220:       21.000       22.000       21.000       22.000       21.000
   225:       22.000       21.000       22.000       18.000       14.000
   230:       10.000        6.000       19.000       11.000        6.000
   235:        6.000        6.000        6.000        6.000        6.000
   240:        6.000        6.000        6.000        6.000        2.000
   245:        4.000       22.000       24.000       12.000       13.000
   250:        8.000        5.000       17.000       21.000       22.000
   255:       21.000       22.000       21.000       22.000       21.000
   260:       22.000        6.000       18.000       14.000       10.000
   265:       23.000        6.000       19.000       11.000        6.000
   270:        6.000        6.000        6.000        6.000        6.000
   275:        6.000        6.000        6.000        6.000        6.000
   280:        6.000        6.000        6.000        6.000        6.000
   285:        6.000        6.000        6.000        6.000       23.000
   290:        6.000       23.000       23.000       23.000        6.000
   295:        6.000        6.000        6.000        6.000        6.000
   300:        6.000       23.000        6.000        6.000        6.000
   305:        6.000        6.000        6.000        6.000        6.000
   310:        6.000        6.000        6.000        6.000        6.000
   315:        6.000        6.000        6.000        6.000        6.000
   320:        6.000        6.000        6.000        6.000        6.000
   325:        6.000        6.000        6.000        6.000        6.000
   330:        2.000        4.000       22.000       24.000       12.000
   335:       13.000        8.000        5.000       17.000       21.000
   340:       22.000       21.000       22.000       21.000       22.000
   345:       21.000       22.000       21.000       22.000       21.000
   350:       22.000       21.000       22.000       21.000       22.000
   355:       21.000       22.000       21.000       22.000       21.000
   360:       22.000       21.000       22.000       21.000       22.000
   365:        6.000       18.000       14.000       10.000       19.000
   370:       11.000        6.000       23.000       23.000       23.000
   375:       23.000       23.000        6.000        6.000        6.000
   380:        2.000        4.000       22.000       24.000       12.000
   385:       13.000        8.000        5.000       17.000       21.000
   390:       22.000       21.000       22.000        6.000       18.000
   395:       14.000       10.000       19.000       11.000       23.000
   400:        6.000       23.000        2.000        4.000       22.000
   405:       24.000       12.000       13.000        8.000        5.000
   410:       17.000       21.000       22.000       21.000       22.000
   415:       21.000       22.000       21.000       22.000       21.000
   420:       22.000       21.000       22.000       21.000       22.000
   425:       21.000       22.000       21.000       22.000       21.000
   430:       22.000        6.000       18.000       21.000       22.000
   435:       21.000       22.000       21.000       22.000       21.000
   440:       22.000       14.000       10.000        6.000       19.000
   445:       11.000        6.000        6.000        2.000        4.000
   450:       22.000       24.000       12.000       13.000        8.000
   455:        5.000       17.000       21.000       22.000       21.000
   460:       22.000        6.000        6.000       18.000       14.000
   465:       10.000       19.000       11.000        6.000        6.000
   470:        6.000        6.000        6.000        6.000        6.000
   475:        6.000        6.000        6.000        6.000        6.000
   480:        6.000       23.000       23.000        6.000        6.000
   485:        6.000        6.000        6.000        2.000        4.000
   490:       22.000       24.000       12.000       13.000        8.000
   495:        5.000       17.000       21.000       22.000       21.000
   500:       22.000       21.000       22.000       21.000       22.000
   505:       21.000       22.000       21.000       22.000       21.000
   510:       22.000        6.000        6.000        6.000       18.000
   515:       14.000       10.000       19.000       11.000        6.000
   520:        6.000        6.000        6.000        6.000        6.000
   525:        6.000        6.000        6.000        6.000        6.000
   530:        6.000        6.000        6.000        6.000        6.000
   535:        6.000        6.000        6.000        6.000        6.000
   540:        6.000        6.000        6.000        6.000        2.000
   545:        4.000       22.000       24.000       12.000       13.000
   550:        8.000        5.000       17.000       21.000       22.000
   555:       21.000       22.000        6.000        6.000        6.000
   560:       18.000       14.000       10.000        6.000       19.000
   565:       11.000        2.000        4.000       22.000       24.000
   570:       12.000       13.000        8.000        5.000       17.000
   575:       21.000       22.000        6.000        6.000        6.000
   580:       18.000       14.000       10.000       21.000       22.000
   585:       21.000       22.000       21.000       22.000       21.000
   590:       22.000       21.000       22.000        6.000       19.000
   595:       11.000        6.000       23.000       23.000        2.000
   600:        4.000       22.000       24.000       12.000       13.000
   605:        8.000        5.000       17.000       21.000       22.000
   610:       21.000       22.000       21.000       22.000       21.000
   615:       22.000        6.000       18.000       14.000       10.000
   620:       19.000       11.000        2.000        4.000       22.000
   625:       24.000       12.000       13.000        8.000        5.000
   630:       17.000       21.000       22.000       21.000       22.000
   635:       21.000       22.000       21.000       22.000        6.000
   640:        6.000        6.000        6.000        6.000        6.000
   645:        6.000        6.000        6.000        6.000       18.000
   650:        6.000        6.000        6.000        6.000        6.000
   655:       14.000       10.000        6.000        6.000        6.000
   660:        6.000        6.000       19.000       11.000        6.000
   665:        6.000        6.000        6.000        6.000        2.000
   670:        4.000       22.000       24.000       12.000       13.000
   675:        8.000        5.000       17.000       21.000       22.000
   680:       21.000       22.000       21.000       22.000       21.000
   685:       22.000       21.000       22.000       21.000       22.000
   690:       21.000       22.000       18.000       14.000       10.000
   695:       19.000       11.000        6.000        2.000        4.000
   700:       22.000       24.000       12.000       13.000        8.000
   705:        5.000       17.000       21.000       22.000       21.000
   710:       22.000       21.000       22.000       21.000       22.000
   715:        6.000        6.000        6.000       18.000       14.000
   720:       10.000       21.000       22.000       21.000       22.000
   725:       21.000       22.000       21.000       22.000       21.000
   730:       22.000        6.000       19.000       11.000        6.000
   735:        6.000        6.000        6.000        6.000        6.000
   740:        6.000        6.000        6.000        6.000        6.000
   745:        6.000        6.000        6.000        6.000        6.000
   750:        6.000        6.000        6.000        6.000        6.000
   755:        6.000        6.000        6.000       23.000        6.000
   760:        6.000        6.000        6.000        6.000        6.000
   765:        6.000        6.000        6.000        6.000        6.000
   770:        6.000        6.000        6.000        6.000        6.000
   775:        6.000        6.000        6.000        6.000        6.000
   780:        6.000        6.000        6.000        2.000        4.000
   785:       22.000       24.000       12.000       13.000        8.000
   790:        5.000       17.000       18.000       14.000       10.000
   795:        6.000        6.000        6.000        6.000        6.000
   800:        6.000        6.000        6.000       19.000       11.000
   805:        2.000        4.000       22.000       24.000       12.000
   810:       13.000        8.000        5.000       17.000       21.000
   815:       22.000       21.000       22.000       18.000       14.000
   820:       10.000       19.000        6.000       11.000        2.000
   825:        4.000       22.000       24.000       12.000       13.000
   830:        8.000        5.000       17.000       21.000       22.000
   835:       21.000       22.000       21.000       22.000        6.000
   840:       18.000        6.000       14.000       10.000       19.000
   845:       11.000        6.000        6.000        6.000        6.000
   850:        6.000        6.000        6.000        6.000        6.000
   855:        6.000        6.000        6.000        6.000        6.000
   860:        6.000        2.000        4.000       22.000       24.000
   865:       12.000       13.000        8.000        5.000       17.000
   870:       21.000       22.000       21.000       22.000       18.000
   875:       14.000       10.000        6.000        6.000        6.000
   880:       19.000       11.000        2.000        4.000       22.000
   885:       24.000       12.000       13.000        8.000        5.000
   890:       17.000       21.000       22.000       21.000       22.000
   895:       21.000       22.000       21.000       22.000       21.000
   900:       22.000       21.000       22.000       21.000       22.000
   905:        6.000        6.000       18.000       14.000       10.000
   910:       19.000       11.000       23.000        6.000        6.000
   915:        6.000        6.000       23.000        6.000        6.000
   920:        6.000        2.000        4.000       22.000       24.000
   925:       12.000       13.000        8.000        5.000       17.000
   930:       21.000       22.000       21.000       22.000       21.000
   935:       22.000       21.000       22.000       21.000       22.000
   940:       21.000       22.000       21.000       22.000       21.000
   945:       22.000        6.000        6.000       18.000       14.000
   950:       10.000       19.000       11.000        2.000        4.000
   955:       22.000       24.000       12.000       13.000        8.000
   960:        5.000       17.000       21.000       22.000       21.000
   965:       22.000       21.000       22.000       21.000       22.000
   970:       21.000       22.000       21.000       22.000       21.000
   975:       22.000       21.000       22.000       18.000       14.000
   980:       10.000       19.000       11.000        6.000        6.000
   985:        6.000        6.000        6.000        6.000        6.000
   990:        6.000        6.000        6.000        6.000        6.000
   995:        6.000        6.000        6.000        6.000        6.000
  1000:        6.000        6.000        6.000        6.000        6.000
  1005:        6.000        6.000        6.000        6.000        6.000
  1010:        2.000        4.000       22.000       24.000       12.000
  1015:       13.000        8.000        5.000       17.000       21.000
  1020:       22.000       21.000       22.000       21.000       22.000
  1025:       18.000       14.000       10.000       19.000       11.000
  1030:        6.000        6.000        6.000        6.000        2.000
  1035:        4.000       22.000       24.000       12.000       13.000
  1040:        8.000        5.000       17.000       21.000       22.000
  1045:       21.000       22.000       21.000       22.000       21.000
  1050:       22.000       21.000       22.000       21.000       22.000
  1055:       21.000       22.000        6.000        6.000       18.000
  1060:       14.000       10.000       19.000       11.000        2.000
  1065:        4.000       22.000       24.000       12.000       13.000
  1070:        8.000        5.000       17.000        6.000       18.000
  1075:       14.000       10.000        6.000       21.000       22.000
  1080:       21.000       22.000       21.000       22.000       21.000
  1085:       22.000        6.000       19.000       11.000        6.000
  1090:        6.000        6.000        2.000        4.000       22.000
  1095:       24.000       12.000       13.000        8.000        5.000
  1100:       17.000       21.000       22.000       21.000       22.000
  1105:        6.000       18.000       14.000       10.000        6.000
  1110:       19.000       11.000        6.000        2.000        4.000
  1115:       22.000       24.000       12.000       13.000        8.000
  1120:        5.000       17.000       21.000       22.000       21.000
  1125:       22.000        6.000        6.000        6.000        6.000
  1130:       18.000       14.000       10.000       19.000       11.000
  1135:        6.000        6.000        6.000        2.000        4.000
  1140:       22.000       24.000       12.000       13.000        8.000
  1145:        5.000       17.000       21.000       22.000       21.000
  1150:       22.000       21.000       22.000       21.000       22.000
  1155:       21.000       22.000       21.000       22.000        6.000
  1160:       18.000       14.000       10.000       19.000       11.000
  1165:        2.000        4.000       22.000       24.000       12.000
  1170:       13.000        8.000        5.000       17.000       21.000
  1175:       22.000       21.000       22.000       21.000       22.000
  1180:       21.000       22.000       21.000       22.000       21.000
  1185:       22.000       21.000       22.000       21.000       22.000
  1190:        6.000       18.000       14.000       10.000       19.000
  1195:       11.000        6.000        2.000        4.000       22.000
  1200:       24.000       12.000       13.000        8.000        5.000
  1205:       17.000       21.000       22.000        6.000       18.000
  1210:       14.000       10.000        6.000        6.000        6.000
  1215:       19.000       11.000        6.000        6.000        6.000
  1220:        6.000        6.000        2.000        4.000       22.000
  1225:       24.000       12.000       13.000        8.000        5.000
  1230:       17.000       21.000       22.000       21.000       22.000
  1235:       21.000       22.000       21.000       22.000        6.000
  1240:        6.000        6.000        6.000       18.000       14.000
  1245:       10.000       19.000       11.000        6.000        2.000
  1250:        4.000       22.000       24.000       12.000       13.000
  1255:        8.000        5.000       17.000       21.000       22.000
  1260:       21.000       22.000       21.000       22.000       21.000
  1265:       22.000       21.000       22.000       21.000       22.000
  1270:       21.000       22.000       21.000       22.000       21.000
  1275:       22.000       18.000       14.000       10.000       21.000
  1280:       22.000       21.000       22.000       21.000       22.000
  1285:       21.000       22.000       21.000       22.000       21.000
  1290:       22.000       19.000       11.000        6.000        6.000
  1295:        6.000        6.000        6.000        6.000        6.000
  1300:        6.000        6.000        6.000        6.000        6.000
  1305:        6.000        6.000        6.000        6.000        6.000
  1310:        6.000        6.000        6.000        6.000        6.000
  1315:        6.000        6.000        6.000        6.000        6.000
  1320:        6.000        6.000        6.000        6.000        2.000
  1325:        4.000       22.000       24.000       12.000       13.000
  1330:        8.000        5.000       17.000       21.000       22.000
  1335:       21.000       22.000        6.000        6.000        6.000
  1340:        6.000        6.000        6.000       18.000       14.000
  1345:       10.000       19.000       11.000        6.000        6.000
  1350:        6.000        6.000        6.000        6.000        6.000
  1355:        6.000        2.000        4.000       22.000       24.000
  1360:       12.000       13.000        8.000        5.000       17.000
  1365:       21.000       22.000       21.000       22.000       21.000
  1370:       22.000       21.000       22.000       21.000       22.000
  1375:       21.000       22.000       21.000       22.000        6.000
  1380:        6.000        6.000        6.000        6.000        6.000
  1385:       18.000       14.000       10.000        6.000        6.000
  1390:        6.000        6.000        6.000        6.000        6.000
  1395:        6.000        6.000       19.000       11.000        6.000
  1400:        6.000        2.000        4.000       22.000       24.000
  1405:       12.000       13.000        8.000        5.000       17.000
  1410:       21.000       22.000       21.000       22.000       18.000
  1415:       14.000       10.000        6.000       19.000       11.000
  1420:        2.000        4.000       22.000       24.000       12.000
  1425:       13.000        8.000        5.000       17.000       21.000
  1430:       22.000       21.000       22.000       18.000       14.000
  1435:       10.000        6.000        6.000       19.000       11.000
  1440:        6.000        6.000        6.000        6.000        2.000
  1445:        4.000       22.000       24.000       12.000       13.000
  1450:        8.000        5.000       17.000       21.000       22.000
  1455:       21.000       22.000       21.000       22.000       21.000
  1460:       22.000       21.000       22.000       21.000       22.000
  1465:       21.000       22.000       21.000       22.000       18.000
  1470:       14.000       10.000       19.000       11.000        6.000
  1475:        6.000        6.000        6.000        6.000        6.000
  1480:        6.000        6.000        6.000        6.000        6.000
  1485:        2.000        4.000       22.000       24.000       12.000
  1490:       13.000        8.000        5.000       17.000       21.000
  1495:       22.000       21.000       22.000       21.000       22.000
  1500:       18.000        6.000       14.000       10.000        6.000
  1505:        6.000        6.000       19.000       11.000        6.000
  1510:        6.000        6.000        6.000        6.000        6.000
  1515:        6.000        6.000        6.000        6.000        6.000
  1520:       23.000        2.000        4.000       22.000       24.000
  1525:       12.000       13.000        8.000        5.000       17.000
  1530:       21.000       22.000       21.000       22.000       21.000
  1535:       22.000       21.000       22.000       21.000       22.000
  1540:       21.000       22.000       21.000       22.000       18.000
  1545:        6.000       14.000       10.000        6.000       19.000
  1550:       11.000        2.000        4.000       22.000       24.000
  1555:       12.000       13.000        8.000        5.000       17.000
  1560:       21.000       22.000       21.000       22.000       21.000
  1565:       22.000       21.000       22.000        6.000        6.000
  1570:        6.000        6.000       18.000       14.000       10.000
  1575:        6.000       19.000       11.000        6.000        6.000
  1580:        6.000        6.000        6.000        6.000        6.000
  1585:        6.000        6.000        6.000        6.000        6.000
  1590:        6.000        6.000        6.000       23.000        6.000
  1595:        6.000        6.000        6.000        6.000        6.000
  1600:        6.000        6.000        6.000       23.000       23.000
  1605:        6.000        6.000      100.000
T:
     0:        0.000        0.000        0.000        0.000        2.070
     5:       76.200      156.000      156.120      156.680      157.030
    10:      249.230      250.420      318.850      319.200      323.490
    15:      327.330      327.870      327.930      327.950      328.040
    20:      356.710      356.710      356.710      356.720      356.720
    25:      356.720      356.720      356.720      356.720      357.540
    30:      357.540      360.720      361.720      361.720      366.710
    35:      366.720      368.180      368.430      368.790      368.840
    40:      373.950      376.320      376.850      390.770      391.410
    45:      434.630      434.890      470.980      470.980      470.980
    50:      470.990      470.990      470.990      470.990      470.990
    55:      470.990      473.480      474.650      474.990      475.990
    60:      475.990      480.980      480.990      482.750      484.560
    65:      484.560      484.560      484.570      484.570      484.570
    70:      484.570      484.570      484.570      484.860      484.860
    75:      485.840      485.840      488.570      489.570      489.570
    80:      493.370      494.560      494.570      506.130      506.130
    85:      506.130      506.140      506.140      506.140      506.140
    90:      506.140      506.140      510.140      511.140      511.140
    95:      512.320      515.470      515.470      516.130      516.140
   100:      536.480      536.480      536.480      536.490      536.490
   105:      536.490      536.490      536.490      536.490      540.490
   110:      541.490      541.490      546.480      546.490      564.910
   115:      687.930      691.680      692.100      692.300      709.010
   120:      719.510      719.510      719.510      719.520      719.520
   125:      719.520      719.520      719.520      719.520      721.140
   130:      721.140      721.580      721.580      722.340      723.520
   135:      724.520      724.520      725.210      727.320      729.510
   140:      729.520      747.030      771.040      801.440      813.600
   145:      820.360      820.360      820.360      820.370      820.370
   150:      820.370      820.370      820.370      820.370      821.610
   155:      821.610      821.810      821.810      821.980      821.980
   160:      823.050      824.370      825.370      825.370      830.360
   165:      830.370      930.010      930.870      931.370      931.530
   170:      931.750      932.500      932.810      932.930      936.600
   175:      937.290      937.320      937.430      938.310      938.550
   180:      939.240      953.390     1089.320     1095.590     1095.590
   185:     1095.590     1095.600     1095.600     1095.600     1095.600
   190:     1095.600     1095.600     1095.630     1095.630     1095.750
   195:     1095.750     1099.600     1100.600     1100.600     1105.590
   200:     1105.600     1118.770     1120.060     1124.580     1127.260
   205:     1178.470     1178.470     1178.470     1178.480     1178.480
   210:     1178.480     1178.480     1178.480     1178.480     1179.090
   215:     1179.090     1179.110     1179.110     1179.150     1179.150
   220:     1179.280     1179.280     1179.310     1179.310     1179.360
   225:     1179.360     1179.420     1179.420     1182.480     1183.480
   230:     1183.480     1184.500     1188.470     1188.480     1188.940
   235:     1201.100     1219.660     1312.430     1363.120     1387.950
   240:     1388.140     1426.060     1441.450     1441.640     1490.210
   245:     1490.210     1490.210     1490.220     1490.220     1490.220
   250:     1490.220     1490.220     1490.220     1490.310     1490.310
   255:     1490.410     1490.410     1490.780     1490.780     1490.830
   260:     1490.830     1491.730     1494.220     1495.220     1495.220
   265:     1495.630     1498.040     1500.210     1500.220     1501.900
   270:     1510.020     1515.260     1522.280     1534.960     1535.130
   275:     1540.480     1540.680     1552.070     1553.090     1553.180
   280:     1605.420     1608.370     1608.690     1614.780     1632.780
   285:     1647.070     1654.730     1674.030     1712.930     1727.630
   290:     1748.340     1787.140     1788.230     1788.890     1887.800
   295:     1899.680     1923.220     1965.040     1971.880     1980.870
   300:     2039.530     2163.040     2169.620     2169.830     2179.660
   305:     2181.470     2181.730     2181.860     2189.580     2202.560
   310:     2248.310     2266.140     2277.250     2576.520     2576.640
   315:     2576.800     2579.850     2579.860     2580.890     2669.400
   320:     2669.430     2669.470     2669.650     2833.310     2834.090
   325:     2834.220     2834.430     2846.820     2850.300     2863.790
   330:     2884.070     2884.070     2884.070     2884.080     2884.080
   335:     2884.080     2884.080     2884.080     2884.080     2884.090
   340:     2884.090     2884.140     2884.140     2884.200     2884.200
   345:     2884.280     2884.280     2884.310     2884.310     2884.380
   350:     2884.380     2885.010     2885.010     2885.100     2885.100
   355:     2885.230     2885.230     2885.520     2885.520     2885.550
   360:     2885.550     2885.570     2885.570     2885.820     2885.820
   365:     2886.750     2888.080     2889.080     2889.080     2894.070
   370:     2894.080     2895.790     2920.100     2921.330     2924.580
   375:     2924.980     2926.910     2944.730     2955.060     2967.870
   380:     3012.400     3012.400     3012.400     3012.410     3012.410
   385:     3012.410     3012.410     3012.410     3012.410     3012.430
   390:     3012.430     3012.450     3012.450     3015.560     3016.410
   395:     3017.410     3017.410     3022.400     3022.410     3039.470
   400:     3043.270     3063.350     3069.740     3069.740     3069.740
   405:     3069.750     3069.750     3069.750     3069.750     3069.750
   410:     3069.750     3069.770     3069.770     3069.800     3069.800
   415:     3070.160     3070.160     3070.500     3070.500     3070.660
   420:     3070.660     3070.850     3070.850     3071.250     3071.250
   425:     3071.310     3071.310     3071.550     3071.550     3071.620
   430:     3071.620     3072.080     3073.750     3073.970     3073.970
   435:     3074.190     3074.190     3074.300     3074.300     3074.680
   440:     3074.680     3074.750     3074.750     3075.530     3079.740
   445:     3079.750     3081.900     3082.790     3089.570     3089.570
   450:     3089.570     3089.580     3089.580     3089.580     3089.580
   455:     3089.580     3089.580     3089.620     3089.620     3089.910
   460:     3089.910     3090.700     3091.500     3093.580     3094.580
   465:     3094.580     3099.570     3099.580     3102.940     3104.020
   470:     3104.620     3104.730     3104.870     3105.020     3123.200
   475:     3123.530     3129.710     3201.770     3219.140     3219.360
   480:     3227.570     3234.350     3236.260     3275.250     3275.410
   485:     3275.630     3281.660     3282.170     3285.210     3285.210
   490:     3285.210     3285.220     3285.220     3285.220     3285.220
   495:     3285.220     3285.220     3285.260     3285.260     3285.710
   500:     3285.710     3286.110     3286.110     3286.360     3286.360
   505:     3286.660     3286.660     3286.710     3286.710     3286.980
   510:     3286.980     3287.750     3288.100     3288.190     3289.220
   515:     3290.220     3290.220     3295.210     3295.220     3296.620
   520:     3299.090     3300.080     3300.480     3301.600     3305.900
   525:     3308.090     3309.460     3309.550     3310.190     3310.270
   530:     3310.310     3310.430     3310.480     3310.610     3312.930
   535:     3312.990     3313.020     3313.370     3313.550     3476.840
   540:     3477.190     3477.600     3490.910     3500.360     3514.690
   545:     3514.690     3514.690     3514.700     3514.700     3514.700
   550:     3514.700     3514.700     3514.700     3514.740     3514.740
   555:     3514.930     3514.930     3515.740     3516.520     3516.560
   560:     3518.700     3519.700     3519.700     3520.630     3524.690
   565:     3524.700     3537.620     3537.620     3537.620     3537.630
   570:     3537.630     3537.630     3537.630     3537.630     3537.630
   575:     3537.670     3537.670     3539.610     3539.700     3539.770
   580:     3541.630     3542.630     3542.630     3543.920     3543.920
   585:     3543.950     3543.950     3543.970     3543.970     3544.000
   590:     3544.000     3544.130     3544.130     3545.200     3547.620
   595:     3547.630     3551.790     3556.020     3556.400     3564.450
   600:     3564.450     3564.450     3564.460     3564.460     3564.460
   605:     3564.460     3564.460     3564.460     3564.480     3564.480
   610:     3564.500     3564.500     3564.860     3564.860     3564.910
   615:     3564.910     3566.250     3568.460     3569.460     3569.460
   620:     3574.450     3574.460     3588.450     3588.450     3588.450
   625:     3588.460     3588.460     3588.460     3588.460     3588.460
   630:     3588.460     3588.470     3588.470     3589.270     3589.270
   635:     3589.340     3589.340     3589.400     3589.400     3591.260
   640:     3591.520     3591.570     3591.800     3591.840     3591.930
   645:     3592.010     3592.120     3592.230     3592.450     3592.460
   650:     3592.560     3592.660     3592.780     3592.900     3593.440
   655:     3593.460     3593.460     3594.330     3594.410     3595.470
   660:     3595.720     3595.810     3598.450     3598.460     3611.040
   665:     3611.590     3627.930     3628.420     3630.250     3646.090
   670:     3646.090     3646.090     3646.100     3646.100     3646.100
   675:     3646.100     3646.100     3646.100     3646.320     3646.320
   680:     3646.400     3646.400     3646.550     3646.550     3646.900
   685:     3646.900     3646.940     3646.940     3646.960     3646.960
   690:     3647.040     3647.040     3650.100     3651.100     3651.100
   695:     3656.090     3656.100     3656.380     3676.860     3676.860
   700:     3676.860     3676.870     3676.870     3676.870     3676.870
   705:     3676.870     3676.870     3676.960     3676.960     3677.020
   710:     3677.020     3677.090     3677.090     3677.340     3677.340
   715:     3678.080     3678.530     3678.680     3680.870     3681.870
   720:     3681.870     3683.110     3683.110     3683.150     3683.150
   725:     3683.380     3683.380     3683.970     3683.970     3683.980
   730:     3683.980     3685.170     3686.860     3686.870     3693.310
   735:     3708.510     3744.290     3750.670     3750.980     3758.740
   740:     3771.280     3779.950     3792.920     3801.000     3851.810
   745:     3897.520     3939.300     3942.110     3974.010     4029.000
   750:     4044.240     4044.650     4062.000     4101.490     4437.380
   755:     4499.480     4509.100     4516.860     4538.080     4553.730
   760:     4555.270     4556.740     4556.790     4559.510     4559.770
   765:     4559.930     4563.880     4564.420     4565.030     4565.070
   770:     4565.380     4570.090     4570.780     4570.830     4571.080
   775:     4581.360     4590.300     4602.690     4603.050     4607.640
   780:     4608.560     4610.100     4610.590     4620.350     4620.350
   785:     4620.350     4620.360     4620.360     4620.360     4620.360
   790:     4620.360     4620.360     4624.360     4625.360     4625.360
   795:     4626.050     4626.960     4627.000     4627.100     4627.160
   800:     4627.290     4627.650     4627.780     4630.350     4630.360
   805:     4680.880     4680.880     4680.880     4680.890     4680.890
   810:     4680.890     4680.890     4680.890     4680.890     4681.310
   815:     4681.310     4681.730     4681.730     4684.890     4685.890
   820:     4685.890     4690.880     4690.880     4690.890     4714.170
   825:     4714.170     4714.170     4714.180     4714.180     4714.180
   830:     4714.180     4714.180     4714.180     4714.670     4714.670
   835:     4714.940     4714.940     4714.970     4714.970     4715.880
   840:     4718.180     4718.580     4719.180     4719.180     4724.170
   845:     4724.180     4729.650     4731.500     4731.510     4731.900
   850:     4735.940     4736.480     4737.110     4737.600     4737.980
   855:     4738.090     4738.150     4738.620     4741.940     4826.290
   860:     4848.370     4919.460     4919.460     4919.460     4919.470
   865:     4919.470     4919.470     4919.470     4919.470     4919.470
   870:     4919.540     4919.540     4919.690     4919.690     4923.470
   875:     4924.470     4924.470     4924.660     4925.240     4925.370
   880:     4929.460     4929.470     4963.480     4963.480     4963.480
   885:     4963.490     4963.490     4963.490     4963.490     4963.490
   890:     4963.490     4964.620     4964.620     4964.690     4964.690
   895:     4964.880     4964.880     4965.040     4965.040     4965.080
   900:     4965.080     4965.120     4965.120     4965.150     4965.150
   905:     4966.180     4967.180     4967.490     4968.490     4968.490
   910:     4973.480     4973.490     5136.790     5145.280     5146.510
   915:     5146.780     5360.100     5367.710     5382.410     5417.670
   920:     5435.990     5436.900     5436.900     5436.900     5436.910
   925:     5436.910     5436.910     5436.910     5436.910     5436.910
   930:     5436.950     5436.950     5437.190     5437.190     5437.340
   935:     5437.340     5437.690     5437.690     5438.090     5438.090
   940:     5438.110     5438.110     5438.260     5438.260     5438.330
   945:     5438.330     5439.880     5440.730     5440.910     5441.910
   950:     5441.910     5446.900     5446.910     5448.190     5448.190
   955:     5448.190     5448.200     5448.200     5448.200     5448.200
   960:     5448.200     5448.200     5448.900     5448.900     5448.930
   965:     5448.930     5448.950     5448.950     5448.990     5448.990
   970:     5449.220     5449.220     5449.240     5449.240     5452.110
   975:     5452.110     5452.150     5452.150     5452.200     5453.200
   980:     5453.200     5458.190     5458.200     5462.820     5463.160
   985:     5463.840     5464.100     5464.260     5468.620     5469.530
   990:     5470.650     5471.150     5472.570     5472.730     5479.270
   995:     5479.730     5479.900     5480.010     5480.290     5480.400
  1000:     5480.980     5481.320     5487.980     5488.670     5489.720
  1005:     5489.800     5490.930     5520.630     5521.280     5521.380
  1010:     5778.920     5778.920     5778.920     5778.930     5778.930
  1015:     5778.930     5778.930     5778.930     5778.930     5778.940
  1020:     5778.940     5778.960     5778.960     5779.310     5779.310
  1025:     5782.930     5783.930     5783.930     5788.920     5788.930
  1030:     5886.500     6002.000     6003.710     6003.790     6018.120
  1035:     6018.120     6018.120     6018.130     6018.130     6018.130
  1040:     6018.130     6018.130     6018.130     6018.160     6018.160
  1045:     6018.170     6018.170     6018.430     6018.430     6019.150
  1050:     6019.150     6019.200     6019.200     6019.360     6019.360
  1055:     6019.580     6019.580     6020.680     6021.200     6022.130
  1060:     6023.130     6023.130     6028.120     6028.130     6034.400
  1065:     6034.400     6034.400     6034.410     6034.410     6034.410
  1070:     6034.410     6034.410     6034.410     6035.370     6038.410
  1075:     6039.410     6039.410     6040.070     6041.400     6041.400
  1080:     6041.430     6041.430     6041.470     6041.470     6041.660
  1085:     6041.660     6043.290     6044.400     6044.410     6073.280
  1090:     6100.550     6100.810     6129.860     6129.860     6129.860
  1095:     6129.870     6129.870     6129.870     6129.870     6129.870
  1100:     6129.870     6129.950     6129.950     6130.150     6130.150
  1105:     6130.640     6133.870     6134.870     6134.870     6138.460
  1110:     6139.860     6139.870     6147.980     6162.910     6162.910
  1115:     6162.910     6162.920     6162.920     6162.920     6162.920
  1120:     6162.920     6162.920     6163.350     6163.350     6163.430
  1125:     6163.430     6164.920     6165.890     6165.910     6166.000
  1130:     6166.920     6167.920     6167.920     6172.910     6172.920
  1135:     6200.150     6212.090     6212.150     6269.080     6269.080
  1140:     6269.080     6269.090     6269.090     6269.090     6269.090
  1145:     6269.090     6269.090     6269.110     6269.110     6269.130
  1150:     6269.130     6269.150     6269.150     6269.450     6269.450
  1155:     6269.500     6269.500     6269.810     6269.810     6270.520
  1160:     6273.090     6274.090     6274.090     6279.080     6279.090
  1165:     6302.780     6302.780     6302.780     6302.790     6302.790
  1170:     6302.790     6302.790     6302.790     6302.790     6302.840
  1175:     6302.840     6302.990     6302.990     6303.420     6303.420
  1180:     6303.450     6303.450     6303.460     6303.460     6303.470
  1185:     6303.470     6303.570     6303.570     6303.640     6303.640
  1190:     6304.990     6306.790     6307.790     6307.790     6312.780
  1195:     6312.790     6327.230     6359.850     6359.850     6359.850
  1200:     6359.860     6359.860     6359.860     6359.860     6359.860
  1205:     6359.860     6360.290     6360.290     6362.040     6363.860
  1210:     6364.860     6364.860     6367.720     6368.410     6368.760
  1215:     6369.850     6369.860     6382.020     6382.670     6382.810
  1220:     6383.840     6384.090     6422.090     6422.090     6422.090
  1225:     6422.100     6422.100     6422.100     6422.100     6422.100
  1230:     6422.100     6422.140     6422.140     6422.390     6422.390
  1235:     6422.940     6422.940     6423.040     6423.040     6424.050
  1240:     6424.800     6424.820     6425.040     6426.100     6427.100
  1245:     6427.100     6432.090     6432.100     6433.160     6495.240
  1250:     6495.240     6495.240     6495.250     6495.250     6495.250
  1255:     6495.250     6495.250     6495.250     6495.280     6495.280
  1260:     6495.510     6495.510     6495.570     6495.570     6495.600
  1265:     6495.600     6495.680     6495.680     6495.740     6495.740
  1270:     6495.810     6495.810     6495.990     6495.990     6496.200
  1275:     6496.200     6499.250     6500.250     6500.250     6503.170
  1280:     6503.170     6503.220     6503.220     6503.500     6503.500
  1285:     6503.750     6503.750     6503.800     6503.800     6503.830
  1290:     6503.830     6505.240     6505.250     6515.160     6516.170
  1295:     6516.550     6517.140     6517.200     6524.150     6525.020
  1300:     6525.340     6538.660     6539.180     6539.380     6539.790
  1305:     6540.140     6541.140     6566.460     6566.920     6567.200
  1310:     6669.130     6727.990     6728.160     6731.630     6732.280
  1315:     6732.420     6733.270     6739.140     6739.860     6740.130
  1320:     6740.150     6740.850     7199.480     7518.270     7543.240
  1325:     7543.240     7543.240     7543.250     7543.250     7543.250
  1330:     7543.250     7543.250     7543.250     7543.280     7543.280
  1335:     7543.850     7543.850     7545.580     7546.320     7546.460
  1340:     7546.620     7546.940     7547.180     7547.250     7548.250
  1345:     7548.250     7553.240     7553.250     7555.480     7556.690
  1350:     7556.720     7563.600     7564.810     7566.600     7566.610
  1355:     7566.780     7568.530     7568.530     7568.530     7568.540
  1360:     7568.540     7568.540     7568.540     7568.540     7568.540
  1365:     7568.550     7568.550     7568.680     7568.680     7568.710
  1370:     7568.710     7568.730     7568.730     7568.770     7568.770
  1375:     7569.090     7569.090     7569.140     7569.140     7570.610
  1380:     7571.430     7571.540     7571.700     7571.730     7572.450
  1385:     7572.540     7573.540     7573.540     7573.710     7574.420
  1390:     7574.920     7575.050     7575.210     7575.220     7575.310
  1395:     7575.380     7575.480     7578.530     7578.540     7587.400
  1400:     7588.250     8076.380     8076.380     8076.380     8076.390
  1405:     8076.390     8076.390     8076.390     8076.390     8076.390
  1410:     8076.400     8076.400     8076.410     8076.410     8080.390
  1415:     8081.390     8081.390     8082.590     8086.380     8086.390
  1420:     8107.180     8107.180     8107.180     8107.190     8107.190
  1425:     8107.190     8107.190     8107.190     8107.190     8107.570
  1430:     8107.570     8107.620     8107.620     8111.190     8112.190
  1435:     8112.190     8112.760     8113.240     8117.180     8117.190
  1440:     8121.430     8122.100     8122.620     8122.650     8159.760
  1445:     8159.760     8159.760     8159.770     8159.770     8159.770
  1450:     8159.770     8159.770     8159.770     8159.790     8159.790
  1455:     8159.810     8159.810     8160.090     8160.090     8160.180
  1460:     8160.180     8160.210     8160.210     8160.470     8160.470
  1465:     8160.510     8160.510     8160.550     8160.550     8163.770
  1470:     8164.770     8164.770     8169.760     8169.770     8178.790
  1475:     8179.200     8180.170     8180.390     8200.480     8200.690
  1480:     8200.730     8212.960     8213.070     8213.170     8247.190
  1485:     8259.460     8259.460     8259.460     8259.470     8259.470
  1490:     8259.470     8259.470     8259.470     8259.470     8259.520
  1495:     8259.520     8259.550     8259.550     8259.680     8259.680
  1500:     8263.470     8264.260     8264.470     8264.470     8264.860
  1505:     8265.480     8265.530     8269.460     8269.470     8272.300
  1510:     8288.590     8289.260     8289.420     8307.020     8307.080
  1515:     8307.130     8307.770     8308.280     8323.100     8323.400
  1520:     8333.490     8344.820     8344.820     8344.820     8344.830
  1525:     8344.830     8344.830     8344.830     8344.830     8344.830
  1530:     8344.840     8344.840     8344.900     8344.900     8345.160
  1535:     8345.160     8345.250     8345.250     8345.300     8345.300
  1540:     8345.320     8345.320     8345.690     8345.690     8348.830
  1545:     8349.050     8349.830     8349.830     8350.660     8354.820
  1550:     8354.830     8378.490     8378.490     8378.490     8378.500
  1555:     8378.500     8378.500     8378.500     8378.500     8378.500
  1560:     8378.530     8378.530     8378.780     8378.780     8378.840
  1565:     8378.840     8379.080     8379.080     8379.840     8380.630
  1570:     8380.890     8381.420     8382.500     8383.500     8383.500
  1575:     8388.440     8388.490     8388.500     8388.520     8388.580
  1580:     8389.810     8417.160     8417.680     8417.710     8417.870
  1585:     8418.280     8418.710     8432.560     8477.540     8478.290
  1590:     8478.490     8478.580     8765.380     8778.650     8788.620
  1595:     8788.780     8849.360     8849.720     8850.490     8850.720
  1600:     8850.740     8857.760     8859.160     8888.430     8889.190
  1605:     9170.370     9170.880    10800.010
