File: C:\MED-PC IV\DATA\!2025-02-18_12h18m.Subject 70



Start Date: 02/18/25
End Date: 02/18/25
Subject: 70
Experiment: OralFentSA
Group: One
Box: 6
Start Time: 12:18:49
End Time: 15:20:29
MSN: Golden_Liq_SelfAdmin
F:       0.000
G:    1338.000
H:   10800.010
I:       0.000
J:       0.000
K:       0.000
L:       0.000
M:       0.000
N:       0.000
O:       0.000
P:       0.000
Q:       0.000
R:       0.000
S:       0.000
U:       0.000
V:       0.000
W:       0.000
X:       0.000
Y:       0.000
Z:       0.000
A:
     0:        0.000        0.000      180.000        4.000        0.000
     5:        5.000        0.000        5.000        0.000        0.000
    10:        1.000        0.000       10.000 100000000.00       25.000
    15:        7.000      640.000        0.000        0.000        0.000
    20:        0.000
B:
     0:        0.000        0.000        0.000      400.000        0.000
     5:      500.000        0.000      500.000        0.000        0.000
    10:        0.000        0.000     1000.000 10000000000.        0.000
    15:        0.000        0.000        0.000        0.000        0.000
    20:        0.000
C:
     0:       23.000       24.000        0.000       31.000      989.000
     5:     9825.430        2.670       21.000      308.210       14.677
    10:       31.000        7.000        0.000        0.000        0.000
    15:        0.000        0.000        0.000        0.000        0.000
    20:        0.000
D:
     0:       15.830        2.420        2.310       28.920       43.270
     5:       48.700        1.670        3.630      114.170        2.200
    10:        0.660        1.580        1.880        3.560       15.130
    15:        1.530        0.780        2.890        1.230       13.180
    20:        2.670
E:
     0:       19.000       11.000       26.000       27.000       23.000
     5:       23.000        6.000        6.000        6.000        6.000
    10:        6.000        6.000        6.000        6.000        6.000
    15:        2.000        4.000       22.000       24.000       12.000
    20:       13.000        8.000        5.000       17.000       18.000
    25:       14.000       10.000       19.000       11.000        6.000
    30:        6.000        6.000        6.000        6.000        6.000
    35:        6.000        6.000        6.000        2.000        4.000
    40:       22.000       24.000       12.000       13.000        8.000
    45:        5.000       17.000       18.000       14.000       10.000
    50:       19.000       11.000        2.000        4.000       22.000
    55:       24.000       12.000       13.000        8.000        5.000
    60:       17.000       21.000       22.000        6.000        6.000
    65:        6.000        6.000       18.000       14.000       10.000
    70:       19.000       11.000        6.000        2.000        4.000
    75:       22.000       24.000       12.000       13.000        8.000
    80:        5.000       17.000        6.000        6.000        6.000
    85:       18.000        6.000        6.000       14.000       10.000
    90:        6.000       19.000       11.000        6.000        2.000
    95:        4.000       22.000       24.000       12.000       13.000
   100:        8.000        5.000       17.000       21.000       22.000
   105:       18.000       21.000       22.000       14.000       10.000
   110:       19.000       11.000        6.000        2.000        4.000
   115:       22.000       24.000       12.000       13.000        8.000
   120:        5.000       17.000       18.000       14.000       10.000
   125:       19.000       11.000        6.000        6.000        6.000
   130:        6.000        2.000        4.000       22.000       24.000
   135:       12.000       13.000        8.000        5.000       17.000
   140:       18.000       14.000       10.000       19.000       11.000
   145:        6.000        2.000        4.000       22.000       24.000
   150:       12.000       13.000        8.000        5.000       17.000
   155:        6.000        6.000       18.000       14.000       10.000
   160:       21.000       22.000       21.000       22.000        6.000
   165:       19.000       11.000        6.000        6.000        6.000
   170:        6.000        2.000        4.000       22.000       24.000
   175:       12.000       13.000        8.000        5.000       17.000
   180:       18.000       14.000       10.000       19.000       11.000
   185:        2.000        4.000       22.000       24.000       12.000
   190:       13.000        8.000        5.000       17.000        6.000
   195:       18.000       14.000       10.000       19.000       11.000
   200:        6.000        6.000        6.000        6.000        2.000
   205:        4.000       22.000       24.000       12.000       13.000
   210:        8.000        5.000       17.000       18.000       14.000
   215:       10.000       19.000       11.000        6.000        6.000
   220:        6.000        6.000        2.000        4.000       22.000
   225:       24.000       12.000       13.000        8.000        5.000
   230:       17.000       21.000       22.000        6.000       18.000
   235:       14.000       10.000       19.000       11.000        6.000
   240:        6.000        6.000        6.000        6.000        6.000
   245:        6.000        6.000        6.000        6.000        6.000
   250:        6.000        6.000        6.000        6.000        6.000
   255:        6.000        6.000        6.000        6.000        6.000
   260:        6.000        6.000        6.000        6.000        6.000
   265:        6.000        6.000        6.000        6.000        6.000
   270:        6.000        6.000        2.000        4.000       22.000
   275:       24.000       12.000       13.000        8.000        5.000
   280:       17.000        6.000       18.000       14.000       10.000
   285:       19.000       11.000        6.000        6.000        6.000
   290:        6.000        6.000        6.000        6.000        6.000
   295:        6.000        6.000        6.000        6.000        6.000
   300:        6.000        6.000        6.000        6.000        6.000
   305:        6.000        6.000        6.000        6.000        6.000
   310:        6.000        6.000        6.000        6.000        6.000
   315:        6.000        6.000        6.000        6.000        6.000
   320:        6.000        6.000        6.000        6.000        6.000
   325:        6.000        6.000        6.000        6.000        6.000
   330:        6.000        6.000        6.000        6.000        6.000
   335:        6.000        6.000        6.000        6.000        6.000
   340:        6.000        6.000        6.000        6.000        6.000
   345:        6.000        6.000        6.000        6.000        6.000
   350:        6.000        6.000        6.000        6.000        6.000
   355:        6.000        6.000        6.000        6.000        6.000
   360:        6.000       23.000        6.000        6.000        6.000
   365:        6.000        6.000        6.000        6.000        6.000
   370:        6.000        6.000        6.000        6.000       23.000
   375:        6.000        6.000        6.000        6.000        6.000
   380:        6.000        6.000        2.000        4.000       22.000
   385:       24.000       12.000       13.000        8.000        5.000
   390:       17.000        6.000       18.000       14.000       10.000
   395:       19.000       11.000        6.000        6.000        6.000
   400:        6.000        6.000        6.000        6.000        6.000
   405:        6.000        6.000        6.000        6.000        6.000
   410:        6.000        6.000        6.000        6.000        6.000
   415:        6.000        6.000        6.000        6.000        6.000
   420:        6.000        6.000        6.000        6.000        6.000
   425:        6.000        6.000        6.000        6.000        6.000
   430:        6.000        6.000        6.000        6.000        6.000
   435:        6.000        6.000        6.000        6.000        6.000
   440:        6.000       23.000        6.000        6.000        2.000
   445:        4.000       22.000       24.000       12.000       13.000
   450:        8.000        5.000       17.000        6.000       18.000
   455:       14.000       10.000        6.000        6.000       19.000
   460:       11.000        6.000        6.000        6.000        6.000
   465:        6.000        6.000        6.000        6.000        6.000
   470:        6.000        6.000        6.000        6.000        6.000
   475:        6.000        6.000        6.000        6.000        6.000
   480:        6.000        6.000        6.000        6.000        6.000
   485:        6.000        6.000        6.000        6.000        6.000
   490:        6.000        6.000        6.000        6.000        6.000
   495:        2.000        4.000       22.000       24.000       12.000
   500:       13.000        8.000        5.000       17.000        6.000
   505:       18.000       14.000       10.000        6.000        6.000
   510:       19.000       11.000        6.000        6.000        6.000
   515:        6.000        6.000        6.000        6.000        6.000
   520:        6.000        6.000        6.000        6.000        6.000
   525:        6.000        6.000        6.000        6.000        6.000
   530:        6.000        6.000        6.000        6.000        6.000
   535:        6.000        6.000        6.000        6.000        6.000
   540:        6.000        6.000        6.000        6.000        6.000
   545:        6.000        6.000        6.000        6.000        6.000
   550:        6.000        6.000        6.000        6.000        6.000
   555:        6.000        6.000        6.000        6.000        6.000
   560:        6.000        6.000        6.000        6.000        6.000
   565:        6.000        6.000        6.000        6.000        6.000
   570:        6.000        6.000        6.000        6.000        6.000
   575:        6.000        6.000        6.000        6.000        6.000
   580:        6.000        6.000        6.000        6.000        6.000
   585:        6.000        6.000        6.000        6.000        6.000
   590:        6.000        6.000        6.000        6.000        6.000
   595:        6.000        6.000        6.000        6.000        6.000
   600:        6.000        6.000        6.000        6.000        6.000
   605:        6.000        6.000        6.000        6.000        6.000
   610:        6.000        6.000        6.000        6.000        6.000
   615:        6.000        6.000        6.000        6.000        6.000
   620:        6.000        6.000        6.000        6.000        6.000
   625:        6.000        6.000        6.000        6.000        6.000
   630:        6.000        6.000        6.000        6.000        6.000
   635:        6.000        6.000        6.000        6.000        6.000
   640:        6.000        6.000        6.000        6.000        6.000
   645:        6.000        6.000        6.000        6.000        6.000
   650:        6.000        6.000        6.000        6.000        6.000
   655:        6.000        6.000        6.000        6.000        6.000
   660:        6.000        6.000        6.000        6.000        6.000
   665:        6.000        6.000        6.000        6.000        6.000
   670:        6.000        6.000        6.000        6.000        6.000
   675:        6.000        6.000        6.000        6.000        6.000
   680:        6.000        6.000        6.000        6.000        6.000
   685:        6.000        6.000        6.000        6.000        6.000
   690:        6.000        6.000        6.000        6.000        6.000
   695:        6.000        6.000        6.000        6.000        6.000
   700:        6.000        6.000        6.000        6.000        6.000
   705:        6.000        6.000        6.000        6.000        6.000
   710:        6.000        6.000        6.000        6.000        6.000
   715:        6.000        6.000        6.000        6.000        6.000
   720:        6.000        6.000        6.000        6.000        6.000
   725:        6.000        6.000        6.000        6.000        6.000
   730:        6.000        6.000        6.000        6.000        6.000
   735:        6.000        6.000        6.000        6.000        6.000
   740:        6.000        6.000        6.000        6.000        6.000
   745:        6.000        6.000        6.000        6.000        6.000
   750:        6.000        6.000        6.000        6.000        6.000
   755:        6.000        6.000        6.000        6.000        6.000
   760:        6.000        6.000        6.000        6.000        6.000
   765:        6.000        6.000        6.000        6.000        6.000
   770:        6.000        6.000        6.000        6.000        6.000
   775:        6.000        6.000        6.000        6.000        6.000
   780:        6.000        6.000        6.000        6.000        6.000
   785:        6.000        6.000        6.000        6.000        6.000
   790:        6.000        6.000        6.000        6.000        6.000
   795:        6.000        6.000        6.000        6.000        6.000
   800:        6.000        6.000        6.000        6.000        6.000
   805:        6.000        6.000        6.000        6.000        6.000
   810:        6.000        6.000        6.000        6.000        6.000
   815:        6.000        6.000        6.000        6.000        6.000
   820:        6.000        6.000        6.000        6.000        6.000
   825:        6.000        6.000        6.000        6.000        6.000
   830:        6.000        6.000        6.000        6.000        6.000
   835:        6.000        6.000        6.000        6.000        6.000
   840:        6.000        6.000        6.000        6.000        6.000
   845:        6.000        6.000        6.000        6.000        6.000
   850:        6.000        6.000        6.000        6.000        6.000
   855:        6.000        6.000        6.000        6.000        6.000
   860:        6.000        6.000        6.000        6.000        6.000
   865:        6.000        6.000        6.000        6.000        6.000
   870:        6.000        6.000        6.000        6.000        6.000
   875:        6.000        6.000        6.000        6.000        6.000
   880:        6.000        6.000       23.000        6.000        6.000
   885:        2.000        4.000       22.000       24.000       12.000
   890:       13.000        8.000        5.000       17.000       18.000
   895:       14.000       10.000       19.000       11.000        6.000
   900:        6.000        6.000        6.000        6.000        6.000
   905:        6.000        6.000        6.000        6.000        6.000
   910:        6.000        6.000        6.000        6.000        6.000
   915:        6.000        6.000        6.000        6.000        6.000
   920:        6.000        6.000        6.000        6.000        6.000
   925:        6.000        6.000        6.000        6.000        6.000
   930:        6.000        6.000       23.000        6.000        6.000
   935:        6.000        6.000        6.000        6.000        6.000
   940:        6.000        6.000        6.000        6.000        6.000
   945:        6.000        6.000        6.000        6.000        6.000
   950:        6.000        6.000        6.000        6.000        6.000
   955:        6.000        6.000        6.000        6.000        6.000
   960:        6.000        6.000        6.000        6.000        6.000
   965:        6.000        6.000        6.000        6.000        6.000
   970:        6.000        6.000        6.000        6.000        6.000
   975:        6.000        6.000        6.000        6.000        6.000
   980:        6.000        6.000        6.000        6.000        6.000
   985:        6.000        6.000        6.000        6.000        6.000
   990:        6.000        6.000        6.000        6.000        6.000
   995:        6.000        6.000        6.000        6.000        6.000
  1000:        6.000        6.000        6.000        6.000        6.000
  1005:        6.000        6.000        6.000        6.000        6.000
  1010:        6.000        6.000        6.000        6.000        6.000
  1015:        6.000        6.000        6.000        6.000        6.000
  1020:        6.000        6.000        6.000        6.000        6.000
  1025:        6.000        6.000        6.000        6.000        6.000
  1030:        6.000        6.000        6.000        6.000        6.000
  1035:        6.000        6.000        6.000        6.000        6.000
  1040:        6.000        6.000        6.000        6.000        6.000
  1045:        6.000        6.000        6.000        6.000        6.000
  1050:        6.000        6.000        6.000        6.000        6.000
  1055:        6.000        6.000        6.000        6.000        6.000
  1060:        6.000        6.000        6.000        6.000        6.000
  1065:        6.000        6.000        6.000        6.000        6.000
  1070:        6.000        6.000        6.000        6.000        6.000
  1075:        6.000        6.000        6.000        6.000        6.000
  1080:        6.000        6.000        6.000        6.000        6.000
  1085:        6.000        6.000        6.000        6.000        6.000
  1090:        6.000        6.000        6.000        6.000        6.000
  1095:        2.000        4.000       22.000       24.000       12.000
  1100:       13.000        8.000        5.000       17.000        6.000
  1105:        6.000       18.000        6.000       14.000       10.000
  1110:       21.000       22.000       19.000       11.000        6.000
  1115:        6.000        6.000        2.000        4.000       22.000
  1120:       24.000       12.000       13.000        8.000        5.000
  1125:       17.000        6.000       18.000       14.000       10.000
  1130:       19.000       11.000        6.000        6.000        6.000
  1135:        6.000        6.000        6.000        6.000        6.000
  1140:        6.000        2.000        4.000       22.000       24.000
  1145:       12.000       13.000        8.000        5.000       17.000
  1150:        6.000       18.000       14.000       10.000       19.000
  1155:       11.000        6.000        6.000        6.000        6.000
  1160:        6.000        2.000        4.000       22.000       24.000
  1165:       12.000       13.000        8.000        5.000       17.000
  1170:        6.000        6.000        6.000        6.000        6.000
  1175:       18.000       14.000       10.000        6.000       19.000
  1180:       11.000        2.000        4.000       22.000       24.000
  1185:       12.000       13.000        8.000        5.000       17.000
  1190:       21.000       22.000       18.000       14.000       10.000
  1195:       19.000       11.000        6.000        6.000        2.000
  1200:        4.000       22.000       24.000       12.000       13.000
  1205:        8.000        5.000       17.000        6.000       18.000
  1210:       14.000       10.000       19.000       11.000        6.000
  1215:        6.000        6.000        6.000        6.000        6.000
  1220:        6.000        6.000        6.000        6.000        6.000
  1225:        6.000        6.000        6.000        6.000        6.000
  1230:        6.000        6.000        6.000        6.000        6.000
  1235:        6.000        6.000        6.000        6.000        6.000
  1240:        6.000        6.000        6.000        6.000        6.000
  1245:        6.000        6.000        6.000        6.000        6.000
  1250:        6.000        6.000        6.000        6.000        6.000
  1255:        6.000        6.000        6.000        6.000        6.000
  1260:        6.000        6.000        6.000        6.000        6.000
  1265:        6.000        6.000        6.000        6.000        6.000
  1270:        6.000        6.000        6.000        6.000        6.000
  1275:        6.000        6.000        6.000        6.000        6.000
  1280:        6.000        6.000        6.000        6.000        6.000
  1285:        6.000        6.000        6.000        6.000        6.000
  1290:        6.000        6.000        6.000        6.000        6.000
  1295:        6.000        6.000        6.000        6.000        6.000
  1300:        6.000        6.000        6.000        6.000        6.000
  1305:        6.000        6.000        6.000        6.000        6.000
  1310:        6.000        6.000        6.000        6.000        6.000
  1315:        6.000        6.000        6.000        6.000        6.000
  1320:        6.000        6.000        6.000        6.000        6.000
  1325:        6.000        6.000        6.000        6.000        6.000
  1330:        6.000        6.000        6.000        6.000        6.000
  1335:        6.000        6.000        6.000      100.000
T:
     0:        0.000        0.000        0.000        0.000        2.970
     5:        3.600       12.880       13.420       67.580       68.880
    10:       69.340       69.440       69.520       69.800       70.190
    15:       75.370       75.370       75.370       75.380       75.380
    20:       75.380       75.380       75.380       75.380       79.380
    25:       80.380       80.380       85.370       85.380       91.210
    30:       93.210       93.710       93.970       97.260       97.900
    35:      123.530      124.130      124.760      128.700      128.700
    40:      128.700      128.710      128.710      128.710      128.710
    45:      128.710      128.710      132.710      133.710      133.710
    50:      138.700      138.710      167.160      167.160      167.160
    55:      167.170      167.170      167.170      167.170      167.170
    60:      167.170      167.560      167.560      169.590      169.750
    65:      170.330      170.650      171.170      172.170      172.170
    70:      177.160      177.170      212.810      221.820      221.820
    75:      221.820      221.830      221.830      221.830      221.830
    80:      221.830      221.830      224.140      224.970      225.080
    85:      225.830      225.960      226.510      226.830      226.830
    90:      227.090      231.820      231.830      232.040      233.210
    95:      233.210      233.210      233.220      233.220      233.220
   100:      233.220      233.220      233.220      233.730      233.730
   105:      237.220      237.750      237.750      238.220      238.220
   110:      243.210      243.220      262.140      382.040      382.040
   115:      382.040      382.050      382.050      382.050      382.050
   120:      382.050      382.050      386.050      387.050      387.050
   125:      392.040      392.050      425.320      426.650      431.790
   130:      432.020      433.650      433.650      433.650      433.660
   135:      433.660      433.660      433.660      433.660      433.660
   140:      437.660      438.660      438.660      443.650      443.660
   145:      482.360      496.190      496.190      496.190      496.200
   150:      496.200      496.200      496.200      496.200      496.200
   155:      497.870      499.910      500.200      501.200      501.200
   160:      502.780      502.780      503.980      503.980      504.880
   165:      506.190      506.200      553.640      653.980      661.150
   170:      661.220      674.330      674.330      674.330      674.340
   175:      674.340      674.340      674.340      674.340      674.340
   180:      678.340      679.340      679.340      684.330      684.340
   185:      788.560      788.560      788.560      788.570      788.570
   190:      788.570      788.570      788.570      788.570      792.200
   195:      792.570      793.570      793.570      798.560      798.570
   200:      807.240      807.380      808.090      818.240      904.060
   205:      904.060      904.060      904.070      904.070      904.070
   210:      904.070      904.070      904.070      908.070      909.070
   215:      909.070      914.060      914.070     1018.240     1018.340
   220:     1032.490     1047.390     1079.200     1079.200     1079.200
   225:     1079.210     1079.210     1079.210     1079.210     1079.210
   230:     1079.210     1079.410     1079.410     1081.410     1083.210
   235:     1084.210     1084.210     1089.200     1089.210     1094.000
   240:     1097.180     1107.730     1109.910     1110.040     1112.670
   245:     1112.730     1112.790     1112.970     1113.150     1113.590
   250:     1118.480     1118.620     1120.590     1133.770     1134.900
   255:     1136.370     1136.810     1137.400     1137.500     1137.840
   260:     1169.340     1169.600     1204.280     1211.900     1264.190
   265:     1375.140     1415.510     1424.900     1425.560     1426.190
   270:     1426.240     1460.410     1472.630     1472.630     1472.630
   275:     1472.640     1472.640     1472.640     1472.640     1472.640
   280:     1472.640     1473.300     1476.640     1477.640     1477.640
   285:     1482.630     1482.640     1484.880     1485.060     1486.990
   290:     1488.200     1488.280     1488.470     1494.470     1495.370
   295:     1495.690     1497.100     1497.140     1497.310     1499.380
   300:     1505.460     1507.410     1523.370     1606.650     1792.180
   305:     1792.330     1938.940     1951.550     1978.250     1999.270
   310:     2004.980     2006.850     2050.830     2051.530     2051.610
   315:     2052.210     2053.100     2053.730     2054.230     2054.360
   320:     2055.550     2060.530     2060.700     2060.850     2061.190
   325:     2061.720     2062.120     2062.260     2064.670     2065.070
   330:     2065.370     2066.340     2066.590     2099.290     2100.450
   335:     2170.390     2171.670     2171.800     2181.610     2181.800
   340:     2241.080     2241.170     2278.180     2285.700     2296.060
   345:     2313.860     2319.470     2326.330     2326.490     2326.570
   350:     2326.600     2375.770     2376.170     2466.130     2557.410
   355:     2558.850     2559.060     2561.570     2562.530     2586.150
   360:     2590.010     2610.150     2684.490     2715.910     2726.080
   365:     2881.530     2881.680     2894.040     2916.070     3252.050
   370:     3279.880     3351.340     3353.160     3443.490     3583.430
   375:     3628.360     3630.770     3642.280     3654.290     3654.540
   380:     3676.320     3679.190     3691.140     3691.140     3691.140
   385:     3691.150     3691.150     3691.150     3691.150     3691.150
   390:     3691.150     3692.730     3695.150     3696.150     3696.150
   395:     3701.140     3701.150     3703.800     3729.720     3749.530
   400:     3749.680     3751.820     3790.020     3802.390     3806.150
   405:     3806.290     3862.920     3925.370     3947.220     3947.410
   410:     3951.930     4125.260     4152.960     4153.010     4184.610
   415:     4184.740     4186.380     4278.290     4408.420     4494.060
   420:     4509.620     4541.200     4541.660     4541.760     4542.650
   425:     4543.290     4554.220     4570.960     4591.740     4595.180
   430:     4610.920     4611.550     4612.530     4612.950     4613.230
   435:     4613.550     4614.020     4615.090     4615.470     4616.090
   440:     4616.170     4638.410     4669.830     4669.920     4671.570
   445:     4671.570     4671.570     4671.580     4671.580     4671.580
   450:     4671.580     4671.580     4671.580     4673.460     4675.580
   455:     4676.580     4676.580     4677.490     4681.400     4681.570
   460:     4681.580     4689.160     4689.370     4720.880     4723.930
   465:     4724.510     4724.720     4724.880     4724.980     4725.710
   470:     4729.410     4729.620     4730.960     4731.300     4732.100
   475:     4732.150     4732.350     4732.460     4732.710     4732.800
   480:     4732.960     4738.750     4740.100     4741.230     4742.770
   485:     4743.070     4745.010     4745.100     4745.710     4747.490
   490:     4751.780     4764.530     4788.240     4838.520     4846.540
   495:     4850.190     4850.190     4850.190     4850.200     4850.200
   500:     4850.200     4850.200     4850.200     4850.200     4853.760
   505:     4854.200     4855.200     4855.200     4857.950     4858.050
   510:     4860.190     4860.200     4877.980     4910.890     4948.590
   515:     4952.730     4973.920     5031.980     5032.240     5032.440
   520:     5034.430     5044.840     5045.630     5045.870     5045.970
   525:     5051.080     5051.590     5051.630     5052.620     5052.650
   530:     5052.740     5055.160     5055.670     5056.070     5056.510
   535:     5056.660     5057.070     5062.340     5063.800     5069.270
   540:     5069.610     5069.970     5070.450     5071.970     5073.620
   545:     5074.610     5074.910     5075.160     5075.310     5077.620
   550:     5077.790     5077.880     5078.920     5082.280     5082.480
   555:     5082.680     5086.220     5086.390     5086.740     5088.780
   560:     5089.320     5094.890     5096.540     5096.620     5098.910
   565:     5099.230     5099.540     5099.790     5118.100     5118.560
   570:     5118.910     5119.970     5120.330     5120.530     5124.730
   575:     5125.110     5131.750     5132.170     5138.020     5139.400
   580:     5141.940     5141.980     5142.090     5143.570     5144.350
   585:     5144.510     5145.180     5151.600     5152.280     5152.380
   590:     5154.030     5154.550     5154.830     5155.260     5155.420
   595:     5163.110     5163.370     5163.500     5163.780     5164.240
   600:     5164.460     5164.580     5164.890     5165.010     5168.310
   605:     5168.560     5169.170     5169.490     5189.460     5189.830
   610:     5189.890     5193.730     5194.320     5199.540     5199.900
   615:     5200.120     5200.330     5201.450     5201.700     5201.880
   620:     5203.440     5207.050     5207.300     5208.200     5208.990
   625:     5209.380     5210.200     5210.410     5210.710     5225.010
   630:     5225.160     5225.720     5226.120     5226.470     5226.900
   635:     5228.540     5229.770     5239.150     5239.280     5242.320
   640:     5251.850     5255.680     5256.170     5256.650     5256.840
   645:     5261.670     5262.170     5262.260     5268.560     5268.880
   650:     5274.080     5278.770     5278.890     5279.230     5279.360
   655:     5280.060     5286.650     5296.130     5296.500     5296.950
   660:     5297.110     5297.150     5297.430     5298.490     5299.010
   665:     5299.530     5299.710     5300.930     5301.330     5307.340
   670:     5308.140     5308.890     5310.640     5318.770     5319.300
   675:     5319.750     5319.850     5320.520     5320.900     5320.960
   680:     5321.080     5321.150     5321.180     5321.200     5321.250
   685:     5331.820     5332.100     5332.510     5344.500     5346.840
   690:     5347.060     5347.180     5347.350     5347.480     5347.650
   695:     5347.780     5349.580     5350.470     5350.780     5350.910
   700:     5351.080     5358.670     5358.720     5358.740     5359.700
   705:     5362.080     5370.210     5370.240     5370.450     5371.000
   710:     5371.910     5372.970     5373.030     5373.980     5374.420
   715:     5374.690     5374.880     5375.890     5377.470     5377.870
   720:     5378.210     5378.310     5378.420     5380.410     5394.940
   725:     5395.400     5395.430     5400.860     5401.030     5433.100
   730:     5531.720     5532.800     5567.260     5567.490     5568.460
   735:     5568.510     5568.830     5568.940     5569.060     5569.500
   740:     5579.370     5583.410     5583.850     5583.930     5605.270
   745:     5605.380     5606.080     5606.510     5606.720     5607.020
   750:     5607.600     5609.510     5609.730     5612.070     5614.240
   755:     5614.460     5620.170     5620.830     5636.760     5649.580
   760:     5650.070     5650.210     5650.790     5651.010     5652.150
   765:     5653.020     5653.690     5653.830     5653.940     5654.090
   770:     5654.250     5656.610     5656.670     5672.770     5673.300
   775:     5695.380     5711.520     5711.930     5712.160     5712.750
   780:     5730.730     5773.760     5814.540     5815.230     5815.390
   785:     5815.960     5816.370     5816.590     5816.830     5817.800
   790:     5818.350     5820.000     5820.050     5856.140     5856.310
   795:     5879.880     5880.230     5880.660     5881.410     5884.910
   800:     5886.510     5886.700     5886.840     5887.470     5888.760
   805:     5890.670     5892.220     5892.820     5893.390     5913.400
   810:     5913.770     5914.230     5914.810     5955.730     5963.180
   815:     5963.630     5964.140     5964.190     5965.000     5965.380
   820:     5965.430     5994.230     5997.930     5998.260     6000.080
   825:     6001.880     6002.110     6002.870     6003.010     6003.900
   830:     6005.300     6005.840     6006.140     6007.680     6008.700
   835:     6008.900     6008.980     6009.150     6010.650     6010.850
   840:     6011.110     6011.380     6178.180     6204.230     6208.270
   845:     6208.780     6210.070     6248.520     6248.970     6249.870
   850:     6254.400     6254.670     6254.750     6255.430     6256.010
   855:     6256.520     6259.680     6259.980     6260.660     6262.070
   860:     6262.220     6262.350     6262.500     6263.200     6263.500
   865:     6264.250     6267.890     6271.340     6304.730     6305.150
   870:     6308.960     6309.230     6309.310     6309.570     6310.290
   875:     6312.060     6315.240     6315.720     6316.350     6316.980
   880:     6319.300     6320.300     6749.210     6772.560     6786.710
   885:     6789.440     6789.440     6789.440     6789.450     6789.450
   890:     6789.450     6789.450     6789.450     6789.450     6793.450
   895:     6794.450     6794.450     6799.440     6799.450     6804.580
   900:     6819.770     6822.260     6826.260     6831.020     6831.280
   905:     6831.460     6831.640     6836.760     6876.640     6881.160
   910:     6881.420     6882.350     6883.390     6883.640     6883.730
   915:     6884.020     6885.740     6886.100     6886.200     6886.730
   920:     6886.840     6887.180     6887.400     6887.720     6888.120
   925:     6906.210     6909.740     6909.990     6910.820     6911.210
   930:     6911.390     6916.490     6926.850     6975.000     6975.080
   935:     6981.020     7139.780     7140.630     7331.480     7337.690
   940:     7353.440     7357.470     7362.640     7362.900     7362.980
   945:     7363.450     7364.350     7364.570     7364.690     7365.420
   950:     7365.500     7385.280     7385.560     7385.990     7386.520
   955:     7387.010     7387.260     7388.800     7388.930     7389.440
   960:     7389.640     7389.830     7396.150     7396.430     7396.550
   965:     7397.270     7397.590     7397.810     7398.050     7398.210
   970:     7398.410     7398.640     7399.780     7399.930     7400.200
   975:     7400.570     7400.850     7401.060     7401.200     7402.840
   980:     7415.910     7416.290     7418.150     7418.440     7423.940
   985:     7424.560     7428.200     7428.480     7431.990     7432.400
   990:     7470.040     7471.090     7497.430     7513.940     7514.360
   995:     7519.200     7547.020     7554.040     7554.260     7554.360
  1000:     7554.410     7554.880     7555.320     7561.020     7563.320
  1005:     7563.450     7563.800     7565.650     7565.750     7566.420
  1010:     7566.490     7566.540     7567.890     7568.700     7569.240
  1015:     7569.460     7569.550     7569.820     7570.580     7571.570
  1020:     7571.630     7571.670     7575.460     7576.260     7576.450
  1025:     7576.640     7576.920     7580.410     7586.340     7586.920
  1030:     7634.710     7634.790     7635.800     7637.890     7638.110
  1035:     7638.220     7638.300     7638.800     7639.490     7640.140
  1040:     7641.610     7642.090     7646.060     7646.710     7647.560
  1045:     7648.390     7648.500     7652.680     7653.100     7653.490
  1050:     7653.600     7654.350     7654.520     7656.690     7656.940
  1055:     7657.600     7662.640     7662.800     7662.990     7701.840
  1060:     7707.040     7707.320     7751.760     7752.300     7769.750
  1065:     7786.180     7786.590     7787.070     7792.530     7793.170
  1070:     7793.450     7793.570     7794.260     7799.470     7799.980
  1075:     7804.080     7805.890     7806.100     7806.230     7806.360
  1080:     7806.670     7815.900     7816.290     8076.880     8085.960
  1085:     8086.550     8153.020     8226.130     8284.800     8347.520
  1090:     8348.390     8374.790     8377.820     8378.090     8378.250
  1095:     8761.200     8761.200     8761.200     8761.210     8761.210
  1100:     8761.210     8761.210     8761.210     8761.210     8762.740
  1105:     8763.040     8765.210     8765.840     8766.210     8766.210
  1110:     8768.380     8768.380     8771.200     8771.210     8855.290
  1115:     8866.770     9403.440     9407.710     9407.710     9407.710
  1120:     9407.720     9407.720     9407.720     9407.720     9407.720
  1125:     9407.720     9408.500     9411.720     9412.720     9412.720
  1130:     9417.710     9417.720     9428.180     9437.720     9464.380
  1135:     9470.250     9470.530     9482.350     9483.610     9483.690
  1140:     9483.750     9515.790     9515.790     9515.790     9515.800
  1145:     9515.800     9515.800     9515.800     9515.800     9515.800
  1150:     9518.690     9519.800     9520.800     9520.800     9525.790
  1155:     9525.800     9526.670     9528.390     9555.660     9555.800
  1160:     9558.260     9562.650     9562.650     9562.650     9562.660
  1165:     9562.660     9562.660     9562.660     9562.660     9562.660
  1170:     9563.890     9565.090     9565.460     9565.560     9566.110
  1175:     9566.660     9567.660     9567.660     9570.120     9572.650
  1180:     9572.660     9576.920     9576.920     9576.920     9576.930
  1185:     9576.930     9576.930     9576.930     9576.930     9576.930
  1190:     9577.500     9577.500     9580.930     9581.930     9581.930
  1195:     9586.920     9586.930     9590.110     9806.270     9825.420
  1200:     9825.420     9825.420     9825.430     9825.430     9825.430
  1205:     9825.430     9825.430     9825.430     9828.100     9829.430
  1210:     9830.430     9830.430     9835.420     9835.430     9841.910
  1215:    10027.510    10027.680    10088.350    10127.690    10127.770
  1220:    10128.000    10133.180    10141.350    10154.090    10154.650
  1225:    10183.770    10184.260    10188.090    10188.380    10188.540
  1230:    10188.880    10189.140    10189.320    10190.490    10191.090
  1235:    10192.800    10193.070    10193.250    10193.830    10195.050
  1240:    10195.450    10195.680    10196.120    10197.270    10197.420
  1245:    10198.990    10201.380    10222.430    10222.660    10222.740
  1250:    10234.350    10234.610    10234.840    10235.160    10235.520
  1255:    10237.140    10237.350    10237.460    10238.040    10239.310
  1260:    10240.080    10240.120    10240.230    10241.090    10242.010
  1265:    10242.800    10243.560    10243.770    10250.350    10250.680
  1270:    10250.720    10251.690    10253.080    10253.240    10254.010
  1275:    10254.180    10255.910    10257.250    10257.580    10257.800
  1280:    10257.990    10258.170    10258.900    10260.190    10261.760
  1285:    10261.800    10261.860    10263.150    10263.250    10268.630
  1290:    10269.030    10269.440    10277.630    10277.870    10278.090
  1295:    10278.990    10279.500    10280.310    10280.730    10281.090
  1300:    10320.340    10320.430    10320.590    10321.950    10336.980
  1305:    10338.030    10339.420    10339.720    10340.730    10341.370
  1310:    10341.520    10342.010    10343.110    10348.270    10348.600
  1315:    10348.700    10350.250    10350.470    10350.660    10350.850
  1320:    10363.520    10365.050    10372.840    10373.970    10374.150
  1325:    10374.400    10492.960    10493.060    10604.180    10633.810
  1330:    10634.470    10634.760    10635.140    10662.610    10663.060
  1335:    10678.340    10786.170    10786.470    10800.010
