File: C:\MED-PC\Data\2025-03-27_08h40m_Subject 76.txt


Start Date: 03/27/25
End Date: 03/27/25
Subject: 76
Experiment: OralFentSA
Group: One
Box: 4
Start Time: 08:40:56
End Time: 11:41:45
MSN: Golden_Liq_SelfAdmin_EXT
F:       0.000
G:     535.000
H:   10800.000
I:       0.000
J:       0.000
K:       0.000
L:       0.000
M:       0.000
N:       0.000
O:       0.000
P:       0.000
Q:       0.000
R:       0.000
S:       0.000
U:       0.000
V:       0.000
W:       0.000
X:       0.000
Y:       0.000
Z:       0.000
A:
     0:        0.000        0.000      180.000        4.000        0.000
     5:        5.000        0.000        5.000        0.000        0.000
    10:        1.000        0.000       10.000   100000.000       20.000
    15:       19.000      600.000        0.000        0.000        0.000
    20:        0.000
B:
     0:        0.000        0.000        0.000        0.000        0.000
     5:        0.000        0.000        0.000        0.000        0.000
    10:        0.000        0.000     1000.000 10000000.000        0.000
    15:        0.000        0.000        0.000        0.000        0.000
    20:        0.000
C:
     0:        0.000       47.000       51.000       55.000      140.000
     5:    10708.300       73.670       32.000     5293.080      165.409
    10:       55.000       51.000        0.000        0.000        0.000
    15:        0.000        0.000        0.000        0.000        0.000
    20:        0.000
D:
     0:      217.210        3.850        5.730        8.240       67.030
     5:        1.580        4.090        3.190       41.610       45.170
    10:        3.940       50.880      111.520        8.760       29.250
    15:       42.270      147.340        8.290       14.570        1.710
    20:      556.250       59.810        8.070     3096.880       10.620
    25:       39.260      129.200      127.860        5.550       12.370
    30:      357.310       73.670
E:
     0:       19.000       11.000       26.000       27.000        1.000
     5:        6.000        6.000        6.000        6.000        6.000
    10:        6.000        6.000        6.000        2.000        4.000
    15:       22.000       24.000       12.000       19.000       11.000
    20:        6.000        6.000        6.000        1.000        1.000
    25:        2.000        4.000       22.000       24.000       12.000
    30:        6.000        6.000        6.000        6.000       19.000
    35:       11.000        6.000        1.000        6.000        2.000
    40:        4.000       22.000       24.000       12.000       19.000
    45:       11.000        1.000        1.000        2.000        4.000
    50:       22.000       24.000       12.000        6.000        6.000
    55:       19.000       11.000        6.000        6.000        2.000
    60:        4.000       22.000       24.000       12.000       19.000
    65:       11.000        2.000        4.000       22.000       24.000
    70:       12.000        6.000       19.000       11.000        6.000
    75:        6.000        1.000        1.000        2.000        4.000
    80:       22.000       24.000       12.000       21.000       22.000
    85:       19.000       11.000        1.000        1.000        1.000
    90:        6.000        6.000        6.000        6.000        6.000
    95:        6.000        6.000        1.000        6.000        6.000
   100:        6.000        6.000        6.000        6.000        2.000
   105:        4.000       22.000       24.000       12.000       19.000
   110:       11.000        2.000        4.000       22.000       24.000
   115:       12.000       19.000       11.000        1.000        2.000
   120:        4.000       22.000       24.000       12.000        6.000
   125:       19.000       11.000        1.000        2.000        4.000
   130:       22.000       24.000       12.000        6.000       19.000
   135:       11.000        1.000        6.000        6.000        2.000
   140:        4.000       22.000       24.000       12.000        6.000
   145:        6.000        6.000        6.000       19.000       11.000
   150:        6.000        6.000        2.000        4.000       22.000
   155:       24.000       12.000       19.000       11.000        1.000
   160:        6.000        6.000        2.000        4.000       22.000
   165:       24.000       12.000       21.000       22.000       19.000
   170:       11.000        2.000        4.000       22.000       24.000
   175:       12.000       19.000       11.000        6.000        1.000
   180:        1.000        6.000        6.000        6.000        6.000
   185:        6.000        6.000        1.000        1.000        6.000
   190:        6.000        6.000        6.000        6.000        6.000
   195:        6.000        6.000        6.000        6.000        6.000
   200:        6.000        2.000        4.000       22.000       24.000
   205:       12.000        6.000        6.000        6.000        6.000
   210:       19.000       11.000        6.000        6.000        6.000
   215:        6.000        6.000        1.000        1.000        1.000
   220:        6.000        2.000        4.000       22.000       24.000
   225:       12.000       19.000       11.000        2.000        4.000
   230:       22.000       24.000       12.000       21.000       22.000
   235:       21.000       22.000       19.000       11.000        1.000
   240:        6.000        6.000        1.000        1.000        1.000
   245:        2.000        4.000       22.000       24.000       12.000
   250:       19.000       11.000        2.000        4.000       22.000
   255:       24.000       12.000       19.000       11.000        1.000
   260:        1.000        1.000        6.000        6.000        1.000
   265:        2.000        4.000       22.000       24.000       12.000
   270:        6.000       19.000       11.000        2.000        4.000
   275:       22.000       24.000       12.000       19.000       11.000
   280:        2.000        4.000       22.000       24.000       12.000
   285:       19.000       11.000        6.000        6.000        6.000
   290:        2.000        4.000       22.000       24.000       12.000
   295:       21.000       22.000       19.000       11.000        1.000
   300:        1.000        2.000        4.000       22.000       24.000
   305:       12.000       19.000       11.000        6.000        1.000
   310:        6.000        2.000        4.000       22.000       24.000
   315:       12.000       19.000       11.000        1.000        6.000
   320:        6.000        6.000        2.000        4.000       22.000
   325:       24.000       12.000        6.000       19.000       11.000
   330:        6.000        6.000        6.000        1.000        1.000
   335:        1.000        2.000        4.000       22.000       24.000
   340:       12.000       19.000       11.000        6.000        6.000
   345:        6.000        2.000        4.000       22.000       24.000
   350:       12.000        6.000       19.000       11.000        2.000
   355:        4.000       22.000       24.000       12.000       19.000
   360:       11.000        2.000        4.000       22.000       24.000
   365:       12.000       19.000       11.000        1.000        6.000
   370:        6.000        6.000        2.000        4.000       22.000
   375:       24.000       12.000       19.000       11.000        6.000
   380:        2.000        4.000       22.000       24.000       12.000
   385:       21.000       22.000        6.000       19.000       11.000
   390:        1.000        1.000        2.000        4.000       22.000
   395:       24.000       12.000       19.000       11.000        6.000
   400:        2.000        4.000       22.000       24.000       12.000
   405:       21.000       22.000       19.000       11.000        2.000
   410:        4.000       22.000       24.000       12.000       19.000
   415:       11.000        6.000        6.000        6.000        2.000
   420:        4.000       22.000       24.000       12.000       19.000
   425:       11.000        2.000        4.000       22.000       24.000
   430:       12.000       21.000       22.000       19.000       11.000
   435:        6.000        6.000        6.000        6.000        2.000
   440:        4.000       22.000       24.000       12.000       19.000
   445:       11.000        2.000        4.000       22.000       24.000
   450:       12.000       19.000       11.000        6.000        2.000
   455:        4.000       22.000       24.000       12.000       21.000
   460:       22.000       19.000       11.000        6.000        6.000
   465:        6.000        6.000        6.000        6.000        6.000
   470:        2.000        4.000       22.000       24.000       12.000
   475:        6.000        6.000        6.000        6.000       19.000
   480:       11.000        6.000        6.000        6.000        1.000
   485:        1.000        2.000        4.000       22.000       24.000
   490:       12.000       19.000       11.000        6.000        6.000
   495:        6.000        1.000        1.000        1.000        2.000
   500:        4.000       22.000       24.000       12.000       19.000
   505:       11.000        1.000        6.000        6.000        6.000
   510:        6.000        6.000        1.000        2.000        4.000
   515:       22.000       24.000       12.000       19.000       11.000
   520:        1.000        6.000        6.000        6.000        6.000
   525:        1.000        6.000        2.000        4.000       22.000
   530:       24.000       12.000       19.000       11.000        1.000
   535:      100.000
T:
     0:        0.000        0.000        0.000        0.000       13.130
     5:       47.910       89.630       89.980      101.550      157.760
    10:      160.100      166.420      166.740      170.330      170.330
    15:      170.330      170.340      170.340      180.330      180.340
    20:      387.550      392.360      394.680      405.500      410.700
    25:      465.620      465.620      465.620      465.630      465.630
    30:      469.480      469.610      469.980      472.210      475.620
    35:      475.630      502.420      514.360      560.060      563.560
    40:      563.560      563.560      563.570      563.570      573.560
    45:      573.570      615.240      681.980      759.040      759.040
    50:      759.040      759.050      759.050      764.780      764.830
    55:      769.040      769.050      770.680      791.780      802.200
    60:      802.200      802.200      802.210      802.210      812.200
    65:      812.210      841.670      841.670      841.670      841.680
    70:      841.680      849.920      851.670      851.680      881.130
    75:      881.430      970.450     1138.800     1163.480     1163.480
    80:     1163.480     1163.490     1163.490     1166.650     1166.650
    85:     1173.480     1173.490     1199.230     1212.090     1216.360
    90:     1230.520     1230.740     1260.370     1263.240     1264.280
    95:     1264.580     1436.530     1501.500     1510.680     1511.020
   100:     1511.800     1516.440     1521.050     1525.400     1534.980
   105:     1534.980     1534.980     1534.990     1534.990     1544.980
   110:     1544.990     1612.300     1612.300     1612.300     1612.310
   115:     1612.310     1622.300     1622.310     1643.370     1664.740
   120:     1664.740     1664.740     1664.750     1664.750     1666.330
   125:     1674.740     1674.750     1710.490     1760.740     1760.740
   130:     1760.740     1760.750     1760.750     1764.840     1770.740
   135:     1770.750     1812.280     1845.970     1846.240     1849.710
   140:     1849.710     1849.710     1849.720     1849.720     1852.910
   145:     1853.310     1853.570     1854.260     1859.710     1859.720
   150:     1861.700     1891.310     2013.770     2013.770     2013.770
   155:     2013.780     2013.780     2023.770     2023.780     2049.630
   160:     2055.390     2055.690     2093.610     2093.610     2093.610
   165:     2093.620     2093.620     2099.270     2099.270     2103.610
   170:     2103.620     2111.250     2111.250     2111.250     2111.260
   175:     2111.260     2121.250     2121.260     2156.430     2185.730
   180:     2234.130     2250.080     2251.230     2274.940     2275.350
   185:     2281.560     2377.450     2391.030     2393.420     2604.890
   190:     2604.950     2604.980     2610.250     2610.350     2612.920
   195:     2614.230     2615.280     2619.820     2620.820     2621.370
   200:     2622.100     2638.430     2638.430     2638.430     2638.440
   205:     2638.440     2642.380     2642.580     2644.120     2644.390
   210:     2648.430     2648.440     2668.650     2669.680     2736.750
   215:     2737.130     2785.220     2804.410     2850.670     2998.270
   220:     3016.040     3049.820     3049.820     3049.820     3049.830
   225:     3049.830     3059.820     3059.830     3065.120     3065.120
   230:     3065.120     3065.130     3065.130     3066.780     3066.780
   235:     3067.230     3067.230     3075.120     3075.130     3100.320
   240:     3116.010     3116.400     3150.660     3155.440     3168.880
   245:     3187.190     3187.190     3187.190     3187.200     3187.200
   250:     3197.190     3197.200     3251.910     3251.910     3251.910
   255:     3251.920     3251.920     3261.910     3261.920     3291.020
   260:     3334.540     3336.140     3363.440     3601.370     3614.650
   265:     3621.880     3621.880     3621.880     3621.890     3621.890
   270:     3630.650     3631.880     3631.890     3648.950     3648.950
   275:     3648.950     3648.960     3648.960     3658.950     3658.960
   280:     3715.480     3715.480     3715.480     3715.490     3715.490
   285:     3725.480     3725.490     3744.740     3745.970     3746.200
   290:     3758.250     3758.250     3758.250     3758.260     3758.260
   295:     3760.900     3760.900     3768.250     3768.260     3809.010
   300:     3812.920     3921.930     3921.930     3921.930     3921.940
   305:     3921.940     3931.930     3931.940     3964.210     4087.570
   310:     4107.250     4116.310     4116.310     4116.310     4116.320
   315:     4116.320     4126.310     4126.320     4136.450     4263.660
   320:     4264.490     4268.750     4398.170     4398.170     4398.170
   325:     4398.180     4398.180     4406.470     4408.170     4408.180
   330:     4722.310     4803.490     4803.830     4816.010     4836.280
   335:     4846.350     4896.310     4896.310     4896.310     4896.320
   340:     4896.320     4906.310     4906.320     4910.890     4916.930
   345:     4918.820     4925.250     4925.250     4925.250     4925.260
   350:     4925.260     4926.970     4935.250     4935.260     5007.130
   355:     5007.130     5007.130     5007.140     5007.140     5017.130
   360:     5017.140     5045.830     5045.830     5045.830     5045.840
   365:     5045.840     5055.830     5055.840     5070.810     5602.090
   370:     5602.680     5607.440     5611.630     5611.630     5611.630
   375:     5611.640     5611.640     5621.630     5621.640     5671.450
   380:     5683.600     5683.600     5683.600     5683.610     5683.610
   385:     5689.170     5689.170     5691.680     5693.600     5693.610
   390:     5717.750     5717.860     5748.080     5748.080     5748.080
   395:     5748.090     5748.090     5758.080     5758.090     8844.970
   400:     8853.030     8853.030     8853.030     8853.040     8853.040
   405:     8861.160     8861.160     8863.030     8863.040     8865.880
   410:     8865.880     8865.880     8865.890     8865.890     8875.880
   415:     8875.890     8876.510     8877.070     8878.550     8963.570
   420:     8963.570     8963.570     8963.580     8963.580     8973.570
   425:     8973.580     8996.840     8996.840     8996.840     8996.850
   430:     8996.850     9000.110     9000.110     9006.840     9006.850
   435:     9036.110     9036.210     9041.350     9042.810     9180.040
   440:     9180.040     9180.040     9180.050     9180.050     9190.040
   445:     9190.050     9191.060     9191.060     9191.060     9191.070
   450:     9191.070     9201.060     9201.070     9320.270     9346.140
   455:     9346.140     9346.140     9346.150     9346.150     9346.360
   460:     9346.360     9356.140     9356.150     9474.010     9475.490
   465:     9478.560     9503.410     9503.490     9505.730     9505.780
   470:     9508.820     9508.820     9508.820     9508.830     9508.830
   475:     9514.380     9517.180     9518.350     9518.680     9518.820
   480:     9518.830     9625.180     9628.610     9661.360     9676.570
   485:     9682.310     9711.040     9711.040     9711.040     9711.050
   490:     9711.050     9721.040     9721.050     9723.420     9724.310
   495:     9724.960     9818.790     9844.440     9882.440     9930.170
   500:     9930.170     9930.170     9930.180     9930.180     9940.170
   505:     9940.180    10011.080    10287.490    10288.070    10291.060
   510:    10291.250    10293.440    10301.690    10328.630    10328.630
   515:    10328.630    10328.640    10328.640    10338.630    10338.640
   520:    10358.940    10402.310    10440.550    10498.040    10501.140
   525:    10583.400    10627.810    10708.290    10708.290    10708.290
   530:    10708.300    10708.300    10718.290    10718.300    10738.330
   535:    10800.000
