File: C:\MED-PC\Data\2025-03-27_12h03m_Subject 92.txt


Start Date: 03/27/25
End Date: 03/27/25
Subject: 92
Experiment: OralFentSA
Group: One
Box: 9
Start Time: 12:03:25
End Time: 15:03:56
MSN: Golden_Liq_SelfAdmin_EXT
F:       0.000
G:    1087.000
H:   10800.000
I:       0.000
J:       0.000
K:       0.000
L:       0.000
M:       0.000
N:       0.000
O:       0.000
P:       0.000
Q:       0.000
R:       0.000
S:       0.000
U:       0.000
V:       0.000
W:       0.000
X:       0.000
Y:       0.000
Z:       0.000
A:
     0:        0.000        0.000      180.000        4.000        0.000
     5:        5.000        0.000        5.000        0.000        0.000
    10:        1.000        0.000       10.000   100000.000       22.000
    15:       19.000      600.000        0.000        0.000        0.000
    20:        0.000
B:
     0:        0.000        0.000        0.000        0.000        0.000
     5:        0.000        0.000        0.000        0.000        0.000
    10:        0.000        0.000     1000.000 10000000.000        0.000
    15:        0.000        0.000        0.000        0.000        0.000
    20:        0.000
C:
     0:        0.000       77.000      135.000      163.000      242.000
     5:    10657.760       86.840       54.000     2943.540       54.510
    10:      163.000      135.000        0.000        0.000        0.000
    15:        0.000        0.000        0.000        0.000        0.000
    20:        0.000
D:
     0:      111.520       16.470       16.990       76.100       82.610
     5:      156.130       81.670       11.360       14.990       36.990
    10:        4.590        5.680      179.210       14.510       30.320
    15:       90.550       90.420       81.030       77.420       38.500
    20:       89.440      122.380        3.910       64.910       71.750
    25:       75.910        9.630       73.370       15.430       43.030
    30:      157.860      125.460       12.170       92.450        6.900
    35:       59.730        2.120        1.970       68.650      125.160
    40:       52.970       14.190       22.010        4.200        2.390
    45:        9.970       66.050       92.710        4.340       46.890
    50:        8.120       92.360        1.210       86.840
E:
     0:       19.000       11.000       26.000       27.000        6.000
     5:        6.000        2.000        4.000       22.000       24.000
    10:       12.000       21.000       22.000       20.000       19.000
    15:       11.000        6.000        2.000        4.000       22.000
    20:       24.000       12.000       21.000       22.000       21.000
    25:       22.000       19.000       11.000        6.000        1.000
    30:        6.000        6.000        6.000        6.000        1.000
    35:        2.000        4.000       22.000       24.000       12.000
    40:       21.000       22.000       21.000       22.000       19.000
    45:       11.000        2.000        4.000       22.000       24.000
    50:       12.000       19.000       11.000        6.000        2.000
    55:        4.000       22.000       24.000       12.000       19.000
    60:       11.000        6.000        6.000        6.000        6.000
    65:        6.000        6.000        6.000        6.000        2.000
    70:        4.000       22.000       24.000       12.000       21.000
    75:       22.000       21.000       22.000       19.000       11.000
    80:        6.000        2.000        4.000       22.000       24.000
    85:       12.000       19.000       11.000        6.000        2.000
    90:        4.000       22.000       24.000       12.000       19.000
    95:       11.000        2.000        4.000       22.000       24.000
   100:       12.000       21.000       22.000       21.000       22.000
   105:       21.000       22.000       21.000       22.000       19.000
   110:       11.000        1.000        6.000        2.000        4.000
   115:       22.000       24.000       12.000       21.000       22.000
   120:       21.000       22.000       21.000       22.000       21.000
   125:       22.000       21.000       22.000       21.000       22.000
   130:       19.000       11.000        6.000        6.000        6.000
   135:        6.000        6.000        6.000        6.000        2.000
   140:        4.000       22.000       24.000       12.000       19.000
   145:       11.000        6.000        6.000        1.000        6.000
   150:        6.000        6.000        6.000        6.000        6.000
   155:        6.000        1.000        1.000        1.000        1.000
   160:        1.000        1.000        1.000        1.000        2.000
   165:        4.000       22.000       24.000       12.000       21.000
   170:       22.000       19.000       11.000        6.000        6.000
   175:        6.000        6.000        6.000        6.000        6.000
   180:        6.000        2.000        4.000       22.000       24.000
   185:       12.000       21.000       22.000        6.000       21.000
   190:       22.000       21.000       22.000       21.000       22.000
   195:       19.000       11.000        2.000        4.000       22.000
   200:       24.000       12.000        6.000        6.000       21.000
   205:       22.000       21.000       22.000       19.000       11.000
   210:        2.000        4.000       22.000       24.000       12.000
   215:       21.000       22.000       19.000       11.000        1.000
   220:        6.000        6.000        6.000        6.000        6.000
   225:        2.000        4.000       22.000       24.000       12.000
   230:       21.000       22.000       19.000       11.000        6.000
   235:        6.000        6.000        6.000        6.000        2.000
   240:        4.000       22.000       24.000       12.000       19.000
   245:       11.000        6.000        6.000        6.000        6.000
   250:        6.000        6.000        6.000        6.000        6.000
   255:        6.000        6.000        6.000        6.000        2.000
   260:        4.000       22.000       24.000       12.000       19.000
   265:       11.000        2.000        4.000       22.000       24.000
   270:       12.000       21.000       22.000       21.000       22.000
   275:       21.000       22.000       21.000       22.000       19.000
   280:       11.000        2.000        4.000       22.000       24.000
   285:       12.000       19.000       11.000        1.000        6.000
   290:        6.000        6.000        6.000        6.000        1.000
   295:        1.000        1.000        2.000        4.000       22.000
   300:       24.000       12.000       19.000       11.000        1.000
   305:        6.000        6.000        6.000        6.000        6.000
   310:        6.000        6.000        6.000        2.000        4.000
   315:       22.000       24.000       12.000       21.000       22.000
   320:       21.000       22.000       21.000       22.000       19.000
   325:       11.000        1.000        6.000        6.000        6.000
   330:        6.000        2.000        4.000       22.000       24.000
   335:       12.000       21.000       22.000       21.000       22.000
   340:       19.000       11.000        6.000        1.000        1.000
   345:        1.000        1.000        1.000        2.000        4.000
   350:       22.000       24.000       12.000       19.000       11.000
   355:        6.000        2.000        4.000       22.000       24.000
   360:       12.000       19.000       11.000        6.000        6.000
   365:        6.000        6.000        6.000        2.000        4.000
   370:       22.000       24.000       12.000       21.000       22.000
   375:       19.000       11.000        1.000        1.000        1.000
   380:        1.000        6.000        6.000        6.000        6.000
   385:        2.000        4.000       22.000       24.000       12.000
   390:       19.000       11.000        2.000        4.000       22.000
   395:       24.000       12.000       20.000       19.000       11.000
   400:        2.000        4.000       22.000       24.000       12.000
   405:       19.000       11.000        1.000        2.000        4.000
   410:       22.000       24.000       12.000        6.000        6.000
   415:       21.000       22.000       19.000       11.000        2.000
   420:        4.000       22.000       24.000       12.000       21.000
   425:       22.000       21.000       22.000       21.000       22.000
   430:       21.000       22.000       19.000       11.000        2.000
   435:        4.000       22.000       24.000       12.000       19.000
   440:       11.000        1.000        2.000        4.000       22.000
   445:       24.000       12.000       21.000       22.000       19.000
   450:       11.000        6.000        6.000        6.000        6.000
   455:        6.000        2.000        4.000       22.000       24.000
   460:       12.000       21.000       22.000       21.000       22.000
   465:       21.000       22.000       21.000       22.000       19.000
   470:       11.000        2.000        4.000       22.000       24.000
   475:       12.000       21.000       22.000       19.000       11.000
   480:        1.000        1.000        1.000        6.000        6.000
   485:        6.000        6.000        2.000        4.000       22.000
   490:       24.000       12.000       19.000       11.000        2.000
   495:        4.000       22.000       24.000       12.000       21.000
   500:       22.000       21.000       22.000       19.000       11.000
   505:        1.000        1.000        6.000        6.000        6.000
   510:        1.000        6.000        6.000        6.000        1.000
   515:        2.000        4.000       22.000       24.000       12.000
   520:        6.000       19.000       11.000        2.000        4.000
   525:       22.000       24.000       12.000       21.000       22.000
   530:       19.000       11.000        2.000        4.000       22.000
   535:       24.000       12.000       21.000       22.000       21.000
   540:       22.000       19.000       11.000        1.000        6.000
   545:        6.000        1.000        1.000        1.000        2.000
   550:        4.000       22.000       24.000       12.000       21.000
   555:       22.000       21.000       22.000       19.000       11.000
   560:        6.000        6.000        6.000        6.000        1.000
   565:        1.000        1.000        6.000        6.000        6.000
   570:        6.000        6.000        1.000        1.000        6.000
   575:        2.000        4.000       22.000       24.000       12.000
   580:       19.000       11.000        6.000        6.000        1.000
   585:        1.000        1.000        1.000        1.000        1.000
   590:        1.000        1.000        1.000        1.000        1.000
   595:        1.000        1.000        1.000        1.000        1.000
   600:        1.000        1.000        2.000        4.000       22.000
   605:       24.000       12.000       19.000       11.000        6.000
   610:        1.000        1.000        1.000        1.000        2.000
   615:        4.000       22.000       24.000       12.000       19.000
   620:       11.000        1.000        2.000        4.000       22.000
   625:       24.000       12.000       21.000       22.000       21.000
   630:       22.000       21.000       22.000       19.000       11.000
   635:        1.000        1.000        6.000        6.000        6.000
   640:        1.000        6.000        6.000        2.000        4.000
   645:       22.000       24.000       12.000       21.000       22.000
   650:       21.000       22.000       19.000       11.000        6.000
   655:        2.000        4.000       22.000       24.000       12.000
   660:       21.000       22.000       19.000       11.000        6.000
   665:        6.000        6.000        6.000        6.000        6.000
   670:        6.000        6.000        6.000        6.000        6.000
   675:        6.000        6.000        6.000        1.000        1.000
   680:        6.000        6.000        6.000        6.000        1.000
   685:        2.000        4.000       22.000       24.000       12.000
   690:       21.000       22.000       21.000       22.000        6.000
   695:       19.000       11.000        2.000        4.000       22.000
   700:       24.000       12.000       19.000       11.000        6.000
   705:        6.000        1.000        1.000        1.000        1.000
   710:        1.000        1.000        6.000        2.000        4.000
   715:       22.000       24.000       12.000       19.000       11.000
   720:        2.000        4.000       22.000       24.000       12.000
   725:       19.000       11.000        1.000        1.000        1.000
   730:        1.000        2.000        4.000       22.000       24.000
   735:       12.000       21.000       22.000       21.000       22.000
   740:       19.000       11.000        1.000        1.000        1.000
   745:        1.000        2.000        4.000       22.000       24.000
   750:       12.000        6.000       21.000       22.000       21.000
   755:       22.000       21.000       22.000       19.000       11.000
   760:        2.000        4.000       22.000       24.000       12.000
   765:        6.000       19.000       11.000        1.000        2.000
   770:        4.000       22.000       24.000       12.000       19.000
   775:       11.000        6.000        1.000        1.000        1.000
   780:        1.000        1.000        2.000        4.000       22.000
   785:       24.000       12.000       19.000       11.000        2.000
   790:        4.000       22.000       24.000       12.000       19.000
   795:       11.000        1.000        1.000        1.000        1.000
   800:        1.000        1.000        2.000        4.000       22.000
   805:       24.000       12.000       21.000       22.000       19.000
   810:       11.000        1.000        1.000        6.000        6.000
   815:        6.000        6.000        6.000        6.000        6.000
   820:        6.000        6.000        6.000        1.000        2.000
   825:        4.000       22.000       24.000       12.000       19.000
   830:       11.000        1.000        1.000        6.000        1.000
   835:        2.000        4.000       22.000       24.000       12.000
   840:       21.000       22.000       21.000       22.000       21.000
   845:       22.000       19.000       11.000        6.000        1.000
   850:        1.000        6.000        6.000        1.000        2.000
   855:        4.000       22.000       24.000       12.000       21.000
   860:       22.000       19.000       11.000        1.000        1.000
   865:        1.000        2.000        4.000       22.000       24.000
   870:       12.000       19.000       11.000        6.000        1.000
   875:        2.000        4.000       22.000       24.000       12.000
   880:       21.000       22.000       21.000       22.000       19.000
   885:       11.000        1.000        1.000        1.000        1.000
   890:        2.000        4.000       22.000       24.000       12.000
   895:        6.000       19.000       11.000        6.000        6.000
   900:        2.000        4.000       22.000       24.000       12.000
   905:       21.000       22.000        6.000       21.000       22.000
   910:       21.000       22.000       19.000       11.000        1.000
   915:        1.000        6.000        1.000        6.000        2.000
   920:        4.000       22.000       24.000       12.000       21.000
   925:       22.000       21.000       22.000        6.000       19.000
   930:       11.000        6.000        6.000        6.000        6.000
   935:        6.000        6.000        6.000        6.000        6.000
   940:        6.000        6.000        6.000        6.000        6.000
   945:        6.000        2.000        4.000       22.000       24.000
   950:       12.000       19.000       11.000        2.000        4.000
   955:       22.000       24.000       12.000       19.000       11.000
   960:        6.000        6.000        6.000        6.000        2.000
   965:        4.000       22.000       24.000       12.000       19.000
   970:       11.000        1.000        6.000        6.000        6.000
   975:        6.000        6.000        6.000        6.000        6.000
   980:        1.000        1.000        6.000        6.000        6.000
   985:        6.000        1.000        1.000        1.000        1.000
   990:        2.000        4.000       22.000       24.000       12.000
   995:        6.000       21.000       22.000       21.000       22.000
  1000:       21.000       22.000       19.000       11.000        1.000
  1005:        2.000        4.000       22.000       24.000       12.000
  1010:       21.000       22.000       21.000       22.000       19.000
  1015:       11.000        6.000        6.000        1.000        6.000
  1020:        6.000        6.000        2.000        4.000       22.000
  1025:       24.000       12.000       21.000       22.000        6.000
  1030:        6.000        6.000       19.000       11.000        6.000
  1035:        6.000        2.000        4.000       22.000       24.000
  1040:       12.000       19.000       11.000        1.000        6.000
  1045:        6.000        2.000        4.000       22.000       24.000
  1050:       12.000       19.000       11.000        1.000        2.000
  1055:        4.000       22.000       24.000       12.000        6.000
  1060:       21.000       22.000       21.000       22.000        6.000
  1065:        6.000       19.000       11.000        1.000        6.000
  1070:        6.000        6.000        6.000        6.000        6.000
  1075:        6.000        6.000        6.000        6.000        2.000
  1080:        4.000       22.000       24.000       12.000       19.000
  1085:       11.000        6.000      100.000
T:
     0:        0.000        0.000        0.000        0.000        1.420
     5:       17.150       26.630       26.630       26.630       26.640
    10:       26.640       26.720       26.720       29.900       36.630
    15:       36.640      138.160      147.320      147.320      147.320
    20:      147.330      147.330      148.220      148.220      151.460
    25:      151.460      157.320      157.330      163.800      172.940
    30:      202.510      304.410      304.670      304.850      325.020
    35:      335.620      335.620      335.620      335.630      335.630
    40:      337.340      337.340      345.180      345.180      345.620
    45:      345.630      392.690      392.690      392.690      392.700
    50:      392.700      402.690      402.700      409.690      467.100
    55:      467.100      467.100      467.110      467.110      477.100
    60:      477.110      543.210      543.470      548.260      550.880
    65:      552.570      552.660      554.950      561.440      564.660
    70:      564.660      564.660      564.670      564.670      566.610
    75:      566.610      571.190      571.190      574.660      574.670
    80:      647.280      672.140      672.140      672.140      672.150
    85:      672.150      682.140      682.150      828.280      838.220
    90:      838.220      838.220      838.230      838.230      848.220
    95:      848.230      928.220      928.220      928.220      928.230
   100:      928.230      928.980      928.980      931.190      931.190
   105:      933.520      933.520      935.400      935.400      938.220
   110:      938.230      946.180     1009.900     1045.230     1045.230
   115:     1045.230     1045.240     1045.240     1049.360     1049.360
   120:     1051.460     1051.460     1051.550     1051.550     1052.920
   125:     1052.920     1053.100     1053.100     1054.920     1054.920
   130:     1055.230     1055.240     1056.600     1056.720     1057.510
   135:     1061.790     1062.210     1064.950     1066.860     1068.320
   140:     1068.320     1068.320     1068.330     1068.330     1078.320
   145:     1078.330     1083.320     1126.620     1169.830     1189.440
   150:     1240.600     1240.890     1244.520     1245.800     1292.450
   155:     1296.780     1303.110     1304.190     1308.940     1398.950
   160:     1409.170     1409.600     1416.430     1416.630     1427.170
   165:     1427.170     1427.170     1427.180     1427.180     1428.400
   170:     1428.400     1437.170     1437.180     1464.170     1516.680
   175:     1517.110     1553.210     1553.600     1553.980     1622.430
   180:     1622.610     1627.670     1627.670     1627.670     1627.680
   185:     1627.680     1629.240     1629.240     1632.270     1634.470
   190:     1634.470     1637.120     1637.120     1637.220     1637.220
   195:     1637.670     1637.680     1639.040     1639.040     1639.040
   200:     1639.050     1639.050     1644.730     1645.370     1646.880
   205:     1646.880     1648.720     1648.720     1649.040     1649.050
   210:     1649.980     1649.980     1649.980     1649.990     1649.990
   215:     1651.440     1651.440     1659.980     1659.990     1728.860
   220:     1829.200     1893.600     1894.060     1896.930     1897.360
   225:     1905.990     1905.990     1905.990     1906.000     1906.000
   230:     1907.520     1907.520     1915.990     1916.000     1920.510
   235:     2020.320     2052.390     2109.240     2118.830     2157.760
   240:     2157.760     2157.760     2157.770     2157.770     2167.760
   245:     2167.770     2188.090     2191.890     2192.320     2195.560
   250:     2196.580     2205.650     2218.110     2228.250     2228.520
   255:     2230.250     2230.830     2230.970     2232.000     2238.360
   260:     2238.360     2238.360     2238.370     2238.370     2248.360
   265:     2248.370     2307.660     2307.660     2307.660     2307.670
   270:     2307.670     2307.780     2307.780     2310.330     2310.330
   275:     2311.380     2311.380     2314.380     2314.380     2317.660
   280:     2317.670     2319.710     2319.710     2319.710     2319.720
   285:     2319.720     2329.710     2329.720     2332.140     2410.270
   290:     2421.550     2423.960     2509.780     2519.310     2549.320
   295:     2552.940     2554.620     2584.900     2584.900     2584.900
   300:     2584.910     2584.910     2594.900     2594.910     2621.220
   305:     2675.330     2675.430     2675.550     2675.590     2679.730
   310:     2680.340     2681.420     2681.780     2781.140     2781.140
   315:     2781.140     2781.150     2781.150     2783.620     2783.620
   320:     2785.390     2785.390     2787.430     2787.430     2791.140
   325:     2791.150     2825.910     2862.180     2928.170     2928.460
   330:     2928.860     2930.380     2930.380     2930.380     2930.390
   335:     2930.390     2932.840     2932.840     2936.040     2936.040
   340:     2940.380     2940.390     3007.810     3013.750     3068.880
   345:     3074.910     3079.360     3080.290     3094.240     3094.240
   350:     3094.240     3094.250     3094.250     3104.240     3104.250
   355:     3132.750     3162.080     3162.080     3162.080     3162.090
   360:     3162.090     3172.080     3172.090     3251.530     3251.860
   365:     3269.570     3269.800     3332.740     3362.160     3362.160
   370:     3362.160     3362.170     3362.170     3364.270     3364.270
   375:     3372.160     3372.170     3452.690     3458.500     3458.600
   380:     3463.690     3484.550     3547.250     3583.390     3583.880
   385:     3586.290     3586.290     3586.290     3586.300     3586.300
   390:     3596.290     3596.300     3601.890     3601.890     3601.890
   395:     3601.900     3601.900     3603.410     3611.890     3611.900
   400:     3622.750     3622.750     3622.750     3622.760     3622.760
   405:     3632.750     3632.760     3635.570     3691.510     3691.510
   410:     3691.510     3691.520     3691.520     3695.430     3695.630
   415:     3696.810     3696.810     3701.510     3701.520     3702.130
   420:     3702.130     3702.130     3702.140     3702.140     3703.750
   425:     3703.750     3704.800     3704.800     3708.030     3708.030
   430:     3709.750     3709.750     3712.130     3712.140     3713.420
   435:     3713.420     3713.420     3713.430     3713.430     3723.420
   440:     3723.430     3780.740     3793.350     3793.350     3793.350
   445:     3793.360     3793.360     3793.960     3793.960     3803.350
   450:     3803.360     3858.270     3870.640     4156.110     4159.140
   455:     4159.440     4171.360     4171.360     4171.360     4171.370
   460:     4171.370     4172.370     4172.370     4176.540     4176.540
   465:     4177.230     4177.230     4179.580     4179.580     4181.360
   470:     4181.370     4182.520     4182.520     4182.520     4182.530
   475:     4182.530     4187.200     4187.200     4192.520     4192.530
   480:     4224.630     4225.980     4226.490     4254.280     4254.370
   485:     4254.650     4296.090     4379.100     4379.100     4379.100
   490:     4379.110     4379.110     4389.100     4389.110     4392.770
   495:     4392.770     4392.770     4392.780     4392.780     4396.360
   500:     4396.360     4399.710     4399.710     4402.770     4402.780
   505:     4412.360     4418.850     4468.690     4468.760     4469.200
   510:     4536.880     4616.270     4616.430     4617.750     4648.900
   515:     4665.170     4665.170     4665.170     4665.180     4665.180
   520:     4674.810     4675.170     4675.180     4682.180     4682.180
   525:     4682.180     4682.190     4682.190     4685.880     4685.880
   530:     4692.180     4692.190     4757.970     4757.970     4757.970
   535:     4757.980     4757.980     4762.580     4762.580     4763.270
   540:     4763.270     4767.970     4767.980     4775.710     4831.350
   545:     4877.340     4936.490     4949.920     4951.060     4959.430
   550:     4959.430     4959.430     4959.440     4959.440     4962.430
   555:     4962.430     4965.660     4965.660     4969.430     4969.440
   560:     4974.870     4975.430     4976.410     4976.580     5036.830
   565:     5038.650     5045.280     5087.870     5088.670     5089.470
   570:     5090.080     5091.720     5118.430     5118.730     5171.520
   575:     5175.220     5175.220     5175.220     5175.230     5175.230
   580:     5185.220     5185.230     5218.260     5219.090     5250.130
   585:     5254.410     5254.940     5258.770     5259.430     5259.630
   590:     5260.050     5260.640     5263.910     5264.860     5265.020
   595:     5265.530     5270.980     5271.770     5272.200     5273.000
   600:     5278.690     5279.750     5291.070     5291.070     5291.070
   605:     5291.080     5291.080     5301.070     5301.080     5448.940
   610:     5464.040     5464.680     5470.040     5544.230     5559.230
   615:     5559.230     5559.230     5559.240     5559.240     5569.230
   620:     5569.240     5599.100     5614.740     5614.740     5614.740
   625:     5614.750     5614.750     5616.410     5616.410     5618.000
   630:     5618.000     5620.700     5620.700     5624.740     5624.750
   635:     5635.260     5694.200     5740.210     5740.280     5740.930
   640:     5768.000     5800.320     5800.480     5868.240     5868.240
   645:     5868.240     5868.250     5868.250     5869.020     5869.020
   650:     5872.220     5872.220     5878.240     5878.250     5880.420
   655:     5883.810     5883.810     5883.810     5883.820     5883.820
   660:     5891.010     5891.010     5893.810     5893.820     5976.270
   665:     6016.700     6017.090     6023.900     6031.750     6031.770
   670:     6032.120     6034.460     6035.970     6036.160     6036.600
   675:     6038.870     6067.980     6157.660     6174.300     6234.790
   680:     6282.330     6285.000     6286.570     6368.790     6414.640
   685:     6434.340     6434.340     6434.340     6434.350     6434.350
   690:     6435.700     6435.700     6439.350     6439.350     6441.250
   695:     6444.340     6444.350     6446.440     6446.440     6446.440
   700:     6446.450     6446.450     6456.440     6456.450     6506.180
   705:     6534.390     6539.200     6546.610     6551.370     6552.020
   710:     6595.950     6667.070     6695.820     6753.980     6753.980
   715:     6753.980     6753.990     6753.990     6763.980     6763.990
   720:     6767.880     6767.880     6767.880     6767.890     6767.890
   725:     6777.880     6777.890     6793.830     6808.170     6809.240
   730:     6850.200     6872.160     6872.160     6872.160     6872.170
   735:     6872.170     6872.730     6872.730     6873.320     6873.320
   740:     6882.160     6882.170     6904.460     6971.110     6979.710
   745:     6984.170     7020.560     7020.560     7020.560     7020.570
   750:     7020.570     7022.690     7025.500     7025.500     7028.040
   755:     7028.040     7030.240     7030.240     7030.560     7030.570
   760:     7030.900     7030.900     7030.900     7030.910     7030.910
   765:     7032.880     7040.900     7040.910     7079.810     7203.070
   770:     7203.070     7203.070     7203.080     7203.080     7213.070
   775:     7213.080     7271.730     7315.280     7330.360     7342.140
   780:     7342.200     7346.130     7363.100     7363.100     7363.100
   785:     7363.110     7363.110     7373.100     7373.110     7392.370
   790:     7392.370     7392.370     7392.380     7392.380     7402.370
   795:     7402.380     7439.430     7440.870     7444.730     7444.970
   800:     7447.440     7452.590     7455.430     7455.430     7455.430
   805:     7455.440     7455.440     7456.730     7456.730     7465.430
   810:     7465.440     7551.970     7558.980     7580.600     7582.860
   815:     7586.190     7600.170     7600.440     7601.870     7602.110
   820:     7614.400     7614.570     7685.750     7713.970     7830.640
   825:     7830.640     7830.640     7830.650     7830.650     7840.640
   830:     7840.650     7841.610     7847.240     7883.620     7934.820
   835:     8125.960     8125.960     8125.960     8125.970     8125.970
   840:     8127.250     8127.250     8130.530     8130.530     8133.220
   845:     8133.220     8135.960     8135.970     8140.160     8165.250
   850:     8167.280     8217.510     8217.730     8230.890     8236.020
   855:     8236.020     8236.020     8236.030     8236.030     8239.130
   860:     8239.130     8246.020     8246.030     8273.950     8274.290
   865:     8284.210     8381.240     8381.240     8381.240     8381.250
   870:     8381.250     8391.240     8391.250     8403.260     8457.270
   875:     8486.110     8486.110     8486.110     8486.120     8486.120
   880:     8490.250     8490.250     8494.900     8494.900     8496.110
   885:     8496.120     8597.200     8600.810     8601.930     8602.250
   890:     8609.890     8609.890     8609.890     8609.900     8609.900
   895:     8614.100     8619.890     8619.900     8631.640     8631.940
   900:     8640.770     8640.770     8640.770     8640.780     8640.780
   905:     8641.400     8641.400     8643.170     8646.370     8646.370
   910:     8648.630     8648.630     8650.770     8650.780     8708.310
   915:     8745.620     8755.750     8784.540     8819.350     8823.030
   920:     8823.030     8823.030     8823.040     8823.040     8828.960
   925:     8828.960     8830.670     8830.670     8833.010     8833.030
   930:     8833.040     8834.190     8835.430     8835.580     8836.760
   935:     8837.840     8842.260     9025.890     9026.280     9040.050
   940:     9040.240     9042.500     9051.360     9051.510     9052.180
   945:     9052.390     9058.750     9058.750     9058.750     9058.760
   950:     9058.760     9068.750     9068.760     9070.610     9070.610
   955:     9070.610     9070.620     9070.620     9080.610     9080.620
   960:     9136.670     9217.860     9219.280     9220.600     9231.670
   965:     9231.670     9231.670     9231.680     9231.680     9241.670
   970:     9241.680     9293.290     9324.390     9325.040     9325.320
   975:     9325.390     9325.620     9325.730     9329.980     9330.720
   980:     9348.320     9351.570     9382.770     9384.400     9384.740
   985:     9417.130     9510.530     9514.290     9516.090     9517.090
   990:     9573.990     9573.990     9573.990     9574.000     9574.000
   995:     9578.340     9579.290     9579.290     9580.580     9580.580
  1000:     9583.980     9583.980     9583.990     9584.000     9795.530
  1005:     9818.720     9818.720     9818.720     9818.730     9818.730
  1010:     9819.120     9819.120     9820.800     9820.800     9828.720
  1015:     9828.730     9865.620     9866.220     9888.790     9998.540
  1020:    10055.030    10072.520    10091.950    10091.950    10091.950
  1025:    10091.960    10091.960    10094.250    10094.250    10100.080
  1030:    10100.540    10101.280    10101.950    10101.960    10103.020
  1035:    10108.810    10110.510    10110.510    10110.510    10110.520
  1040:    10110.520    10120.510    10120.520    10136.870    10202.880
  1045:    10203.140    10222.660    10222.660    10222.660    10222.670
  1050:    10222.670    10232.660    10232.670    10409.610    10465.070
  1055:    10465.070    10465.070    10465.080    10465.080    10466.290
  1060:    10467.340    10467.340    10469.320    10469.320    10471.520
  1065:    10472.090    10475.070    10475.080    10490.700    10506.800
  1070:    10549.770    10556.150    10556.440    10562.570    10563.800
  1075:    10564.020    10564.070    10564.180    10653.510    10657.750
  1080:    10657.750    10657.750    10657.760    10657.760    10667.750
  1085:    10667.760    10744.600    10800.000
