File: C:\MED-PC\Data\2025-03-19_09h12m_Subject 75.txt


Start Date: 03/19/25
End Date: 03/19/25
Subject: 75
Experiment: OralFentSA
Group: One
Box: 3
Start Time: 09:12:54
End Time: 12:14:33
MSN: 20241014_Golden_Liq_SelfAdmin
F:       0.000
G:     920.000
H:   10800.000
I:       0.000
J:       0.000
K:       0.000
L:       0.000
M:       0.000
N:       0.000
O:       0.000
P:       0.000
Q:       0.000
R:       0.000
S:       0.000
U:       0.000
V:       0.000
W:       0.000
X:       0.000
Y:       0.000
Z:       0.000
A:
     0:        0.000        0.000      180.000        4.000        0.000
     5:        5.000        0.000        5.000        0.000        0.000
    10:        1.000        0.000       10.000  3000000.000       24.000
    15:       13.000      640.000        0.000        0.000        0.000
    20:        0.000
B:
     0:        0.000        0.000        0.000      400.000        0.000
     5:      500.000        0.000      500.000        0.000        0.000
    10:        0.000        0.000     1000.000 300000000.000        0.000
    15:        0.000        0.000        0.000        0.000        0.000
    20:        0.000
C:
     0:       45.000       46.000       43.000       70.000      193.000
     5:    10667.540       22.080       25.000     1793.960       71.758
    10:       70.000       43.000        0.000        0.000        0.000
    15:        0.000        0.000        0.000        0.000        0.000
    20:        0.000
D:
     0:       19.580       48.510      478.770       66.810        4.630
     5:       27.680       12.270       60.070       80.780        4.410
    10:       10.530       27.090       20.720        7.970        2.480
    15:      204.140       19.650        5.430       41.860       18.600
    20:      194.620      343.400       57.140       14.740       22.080
E:
     0:       19.000       11.000       26.000       27.000        6.000
     5:        6.000        6.000        6.000        6.000        6.000
    10:        6.000        6.000        6.000        6.000        2.000
    15:        4.000       22.000       24.000       12.000       13.000
    20:        8.000        5.000       17.000       18.000       21.000
    25:       22.000       21.000       22.000       14.000       10.000
    30:       19.000       11.000        2.000        4.000       22.000
    35:       24.000       12.000       13.000        8.000        5.000
    40:       17.000       18.000       20.000       14.000       10.000
    45:       19.000       11.000        6.000        2.000        4.000
    50:       22.000       24.000       12.000       13.000        8.000
    55:        5.000       17.000       21.000       22.000       21.000
    60:       22.000       21.000       22.000       18.000       14.000
    65:       10.000       19.000       11.000        2.000        4.000
    70:       22.000       24.000       12.000       13.000        8.000
    75:        5.000       17.000       18.000       14.000       10.000
    80:       19.000       11.000        6.000        6.000        6.000
    85:        6.000        6.000        2.000        4.000       22.000
    90:       24.000       12.000       13.000        8.000        5.000
    95:       17.000       18.000       14.000       10.000       19.000
   100:       11.000        6.000        6.000        1.000        2.000
   105:        4.000       22.000       24.000       12.000       13.000
   110:        8.000        5.000       17.000       18.000       14.000
   115:       10.000       19.000       11.000        6.000        6.000
   120:        6.000        1.000        1.000        1.000        2.000
   125:        4.000       22.000       24.000       12.000       13.000
   130:        8.000        5.000       17.000       18.000       14.000
   135:       10.000       19.000       11.000        2.000        4.000
   140:       22.000       24.000       12.000       13.000        8.000
   145:        5.000       17.000       21.000       22.000       21.000
   150:       22.000       21.000       22.000       18.000        6.000
   155:       14.000       10.000       19.000       11.000        2.000
   160:        4.000       22.000       24.000       12.000       13.000
   165:        8.000        5.000       17.000       18.000       14.000
   170:       10.000       19.000       11.000        6.000        1.000
   175:        1.000        2.000        4.000       22.000       24.000
   180:       12.000       13.000        8.000        5.000       17.000
   185:       18.000       14.000       10.000       19.000       11.000
   190:        1.000        2.000        4.000       22.000       24.000
   195:       12.000       13.000        8.000        5.000       17.000
   200:       18.000       14.000       10.000       19.000       11.000
   205:        6.000        6.000        6.000        6.000        2.000
   210:        4.000       22.000       24.000       12.000       13.000
   215:        8.000        5.000       17.000       18.000       14.000
   220:       10.000       19.000       11.000        2.000        4.000
   225:       22.000       24.000       12.000       13.000        8.000
   230:        5.000       17.000       18.000       14.000       10.000
   235:       19.000       11.000        2.000        4.000       22.000
   240:       24.000       12.000       13.000        8.000        5.000
   245:       17.000       18.000       14.000       10.000       19.000
   250:       11.000        6.000        6.000        6.000        6.000
   255:        6.000        6.000        6.000        6.000        6.000
   260:        6.000        2.000        4.000       22.000       24.000
   265:       12.000       13.000        8.000        5.000       17.000
   270:       21.000       22.000       21.000       22.000       21.000
   275:       22.000       18.000       14.000       10.000       19.000
   280:       11.000        6.000        6.000        6.000        6.000
   285:        6.000        6.000        6.000        6.000        6.000
   290:        6.000        1.000        6.000        6.000        6.000
   295:        6.000        6.000        6.000        6.000        6.000
   300:        6.000        6.000        2.000        4.000       22.000
   305:       24.000       12.000       13.000        8.000        5.000
   310:       17.000       21.000       22.000       18.000       14.000
   315:       10.000       19.000       11.000        2.000        4.000
   320:       22.000       24.000       12.000       13.000        8.000
   325:        5.000       17.000       21.000       22.000       18.000
   330:       14.000       10.000       19.000       11.000        2.000
   335:        4.000       22.000       24.000       12.000       13.000
   340:        8.000        5.000       17.000       21.000       22.000
   345:       18.000       14.000       10.000       19.000       11.000
   350:        2.000        4.000       22.000       24.000       12.000
   355:       13.000        8.000        5.000       17.000       18.000
   360:       14.000       10.000       19.000       11.000        2.000
   365:        4.000       22.000       24.000       12.000       13.000
   370:        8.000        5.000       17.000       21.000       22.000
   375:       18.000       14.000       10.000       21.000       22.000
   380:       19.000       11.000        2.000        4.000       22.000
   385:       24.000       12.000       13.000        8.000        5.000
   390:       17.000       18.000       20.000       14.000       10.000
   395:       19.000       11.000        2.000        4.000       22.000
   400:       24.000       12.000       13.000        8.000        5.000
   405:       17.000       21.000       22.000       18.000       14.000
   410:       10.000       19.000       11.000        2.000        4.000
   415:       22.000       24.000       12.000       13.000        8.000
   420:        5.000       17.000       21.000       22.000       18.000
   425:        6.000       14.000       10.000        6.000        6.000
   430:       19.000       11.000        2.000        4.000       22.000
   435:       24.000       12.000       13.000        8.000        5.000
   440:       17.000       21.000       22.000       18.000       14.000
   445:       10.000       19.000       11.000        6.000        6.000
   450:        6.000        2.000        4.000       22.000       24.000
   455:       12.000       13.000        8.000        5.000       17.000
   460:       18.000       14.000       10.000       21.000       22.000
   465:       19.000       11.000        6.000        6.000        2.000
   470:        4.000       22.000       24.000       12.000       13.000
   475:        8.000        5.000       17.000       18.000       14.000
   480:       10.000       19.000       11.000        2.000        4.000
   485:       22.000       24.000       12.000       13.000        8.000
   490:        5.000       17.000       18.000       14.000       10.000
   495:       19.000       11.000        2.000        4.000       22.000
   500:       24.000       12.000       13.000        8.000        5.000
   505:       17.000       18.000       14.000       10.000       19.000
   510:       11.000        2.000        4.000       22.000       24.000
   515:       12.000       13.000        8.000        5.000       17.000
   520:       18.000       14.000       10.000       19.000       11.000
   525:        6.000        6.000        2.000        4.000       22.000
   530:       24.000       12.000       13.000        8.000        5.000
   535:       17.000       18.000       14.000       10.000        6.000
   540:       19.000       11.000        6.000        6.000        6.000
   545:        6.000        6.000        6.000        6.000        2.000
   550:        4.000       22.000       24.000       12.000       13.000
   555:        8.000        5.000       17.000       18.000       14.000
   560:       10.000       19.000       11.000        2.000        4.000
   565:       22.000       24.000       12.000       13.000        8.000
   570:        5.000       17.000       18.000       14.000       10.000
   575:       19.000       11.000        2.000        4.000       22.000
   580:       24.000       12.000       13.000        8.000        5.000
   585:       17.000        6.000       18.000       14.000       10.000
   590:        6.000        6.000       19.000       11.000        6.000
   595:        6.000        6.000        6.000        6.000        6.000
   600:        6.000        6.000        6.000        6.000        6.000
   605:        1.000        1.000        1.000        1.000        1.000
   610:        1.000        1.000        1.000        1.000        1.000
   615:        1.000        6.000        6.000        6.000        2.000
   620:        4.000       22.000       24.000       12.000       13.000
   625:        8.000        5.000       17.000       18.000       14.000
   630:       10.000       19.000       11.000        6.000        1.000
   635:        6.000        6.000        6.000        6.000        6.000
   640:        2.000        4.000       22.000       24.000       12.000
   645:       13.000        8.000        5.000       17.000       21.000
   650:       22.000       18.000       14.000       10.000       19.000
   655:       11.000        6.000        6.000        6.000        6.000
   660:        6.000        2.000        4.000       22.000       24.000
   665:       12.000       13.000        8.000        5.000       17.000
   670:       21.000       22.000       21.000       22.000       18.000
   675:       14.000       10.000        6.000       19.000       11.000
   680:        1.000        1.000        1.000        1.000        1.000
   685:        1.000        1.000        1.000        1.000        1.000
   690:        1.000        1.000        1.000        1.000        1.000
   695:        1.000        6.000        2.000        4.000       22.000
   700:       24.000       12.000       13.000        8.000        5.000
   705:       17.000       18.000       14.000       10.000       19.000
   710:       11.000        6.000        6.000        1.000        6.000
   715:        6.000        6.000        6.000        6.000        6.000
   720:        6.000        6.000        6.000        6.000        6.000
   725:        6.000        6.000        1.000        1.000        2.000
   730:        4.000       22.000       24.000       12.000       13.000
   735:        8.000        5.000       17.000       18.000       14.000
   740:       10.000       21.000       22.000       19.000       11.000
   745:        1.000        2.000        4.000       22.000       24.000
   750:       12.000       13.000        8.000        5.000       17.000
   755:       18.000       14.000       10.000       19.000       11.000
   760:        6.000        6.000        6.000        2.000        4.000
   765:       22.000       24.000       12.000       13.000        8.000
   770:        5.000       17.000       18.000       14.000       10.000
   775:       19.000       11.000        1.000        6.000        6.000
   780:        6.000        6.000        6.000        6.000        6.000
   785:        6.000        6.000        6.000        6.000        6.000
   790:        6.000        6.000        6.000        6.000        6.000
   795:        6.000        6.000        6.000        6.000        6.000
   800:        6.000        6.000        6.000        6.000        6.000
   805:        6.000        6.000        6.000        6.000        6.000
   810:        6.000        6.000        6.000        6.000        6.000
   815:        6.000        6.000        6.000        6.000        6.000
   820:        6.000        6.000        6.000        6.000        6.000
   825:        6.000        6.000        6.000        6.000        6.000
   830:        6.000        6.000        6.000        6.000        6.000
   835:        6.000        6.000        6.000        6.000        6.000
   840:        2.000        4.000       22.000       24.000       12.000
   845:       13.000        8.000        5.000       17.000       18.000
   850:       14.000       10.000       21.000       22.000       19.000
   855:       11.000        6.000        2.000        4.000       22.000
   860:       24.000       12.000       13.000        8.000        5.000
   865:       17.000       18.000       14.000       10.000       19.000
   870:       11.000        6.000        6.000        6.000        2.000
   875:        4.000       22.000       24.000       12.000       13.000
   880:        8.000        5.000       17.000       18.000       14.000
   885:       10.000       19.000       11.000        6.000        2.000
   890:        4.000       22.000       24.000       12.000       13.000
   895:        8.000        5.000       17.000       18.000       14.000
   900:       10.000       19.000       11.000        2.000        4.000
   905:       22.000       24.000       12.000       13.000        8.000
   910:        5.000       17.000       18.000       14.000       10.000
   915:       19.000       11.000        6.000        6.000        6.000
   920:      100.000
T:
     0:        0.000        0.000        0.000        0.000       40.300
     5:       43.140       44.320       44.470       50.640       50.690
    10:       52.980       64.820       65.080       81.270      315.520
    15:      315.520      315.520      315.530      315.530      315.530
    20:      315.530      315.530      315.530      319.530      319.700
    25:      319.700      320.510      320.510      320.530      320.530
    30:      325.520      325.530      327.120      327.120      327.120
    35:      327.130      327.130      327.130      327.130      327.130
    40:      327.130      331.130      331.510      332.130      332.130
    45:      337.120      337.130      346.710      353.110      353.110
    50:      353.110      353.120      353.120      353.120      353.120
    55:      353.120      353.120      353.430      353.430      354.950
    60:      354.950      355.620      355.620      357.120      358.120
    65:      358.120      363.110      363.120      597.390      597.390
    70:      597.390      597.400      597.400      597.400      597.400
    75:      597.400      597.400      601.400      602.400      602.400
    80:      607.390      607.400      645.910      646.140      721.890
    85:      721.990      722.220      805.690      805.690      805.690
    90:      805.700      805.700      805.700      805.700      805.700
    95:      805.700      809.700      810.700      810.700      815.690
   100:      815.700     1284.470     1294.910     1360.360     1363.260
   105:     1363.260     1363.260     1363.270     1363.270     1363.270
   110:     1363.270     1363.270     1363.270     1367.270     1368.270
   115:     1368.270     1373.260     1373.270     1430.080     1436.410
   120:     1440.730     1498.120     1629.920     1632.500     1669.360
   125:     1669.360     1669.360     1669.370     1669.370     1669.370
   130:     1669.370     1669.370     1669.370     1673.370     1674.370
   135:     1674.370     1679.360     1679.370     1688.890     1688.890
   140:     1688.890     1688.900     1688.900     1688.900     1688.900
   145:     1688.900     1688.900     1690.210     1690.210     1691.000
   150:     1691.000     1691.280     1691.280     1692.900     1693.530
   155:     1693.900     1693.900     1698.890     1698.900     1701.930
   160:     1701.930     1701.930     1701.940     1701.940     1701.940
   165:     1701.940     1701.940     1701.940     1705.940     1706.940
   170:     1706.940     1711.930     1711.940     1729.620     1798.150
   175:     1798.310     1891.390     1891.390     1891.390     1891.400
   180:     1891.400     1891.400     1891.400     1891.400     1891.400
   185:     1895.400     1896.400     1896.400     1901.390     1901.400
   190:     2013.800     2033.850     2033.850     2033.850     2033.860
   195:     2033.860     2033.860     2033.860     2033.860     2033.860
   200:     2037.860     2038.860     2038.860     2043.850     2043.860
   205:     2046.130     2052.510     2061.010     2061.190     2068.040
   210:     2068.040     2068.040     2068.050     2068.050     2068.050
   215:     2068.050     2068.050     2068.050     2072.050     2073.050
   220:     2073.050     2078.040     2078.050     2225.470     2225.470
   225:     2225.470     2225.480     2225.480     2225.480     2225.480
   230:     2225.480     2225.480     2229.480     2230.480     2230.480
   235:     2235.470     2235.480     2343.110     2343.110     2343.110
   240:     2343.120     2343.120     2343.120     2343.120     2343.120
   245:     2343.120     2347.120     2348.120     2348.120     2353.110
   250:     2353.120     2403.190     2405.030     2407.730     2410.780
   255:     2412.060     2412.840     2432.360     2435.200     2450.910
   260:     2451.440     2486.850     2486.850     2486.850     2486.860
   265:     2486.860     2486.860     2486.860     2486.860     2486.860
   270:     2487.010     2487.010     2487.140     2487.140     2488.640
   275:     2488.640     2490.860     2491.860     2491.860     2496.850
   280:     2496.860     2567.640     2569.130     2571.100     2574.930
   285:     2576.990     2577.970     2580.070     2580.100     2580.740
   290:     2582.420     2630.890     2648.490     2650.190     2654.080
   295:     2654.530     2654.830     2657.340     2657.480     2658.390
   300:     2814.920     2887.900     2889.400     2889.400     2889.400
   305:     2889.410     2889.410     2889.410     2889.410     2889.410
   310:     2889.410     2889.880     2889.880     2893.410     2894.410
   315:     2894.410     2899.400     2899.410     2901.150     2901.150
   320:     2901.150     2901.160     2901.160     2901.160     2901.160
   325:     2901.160     2901.160     2904.250     2904.250     2905.160
   330:     2906.160     2906.160     2911.150     2911.160     3674.430
   335:     3674.430     3674.430     3674.440     3674.440     3674.440
   340:     3674.440     3674.440     3674.440     3675.640     3675.640
   345:     3678.440     3679.440     3679.440     3684.430     3684.440
   350:     3725.470     3725.470     3725.470     3725.480     3725.480
   355:     3725.480     3725.480     3725.480     3725.480     3729.480
   360:     3730.480     3730.480     3735.470     3735.480     3775.970
   365:     3775.970     3775.970     3775.980     3775.980     3775.980
   370:     3775.980     3775.980     3775.980     3777.430     3777.430
   375:     3779.980     3780.980     3780.980     3782.610     3782.610
   380:     3785.970     3785.980     3796.260     3796.260     3796.260
   385:     3796.270     3796.270     3796.270     3796.270     3796.270
   390:     3796.270     3800.270     3800.310     3801.270     3801.270
   395:     3806.260     3806.270     3900.850     3900.850     3900.850
   400:     3900.860     3900.860     3900.860     3900.860     3900.860
   405:     3900.860     3901.200     3901.200     3904.860     3905.860
   410:     3905.860     3910.850     3910.860     3927.020     3927.020
   415:     3927.020     3927.030     3927.030     3927.030     3927.030
   420:     3927.030     3927.030     3928.020     3928.020     3931.030
   425:     3931.440     3932.030     3932.030     3932.510     3933.320
   430:     3937.020     3937.030     3937.540     3937.540     3937.540
   435:     3937.550     3937.550     3937.550     3937.550     3937.550
   440:     3937.550     3937.960     3937.960     3941.550     3942.550
   445:     3942.550     3947.540     3947.550     3948.080     3956.490
   450:     3964.840     3967.570     3967.570     3967.570     3967.580
   455:     3967.580     3967.580     3967.580     3967.580     3967.580
   460:     3971.580     3972.580     3972.580     3973.180     3973.180
   465:     3977.570     3977.580     3994.670     3996.710     4013.990
   470:     4013.990     4013.990     4014.000     4014.000     4014.000
   475:     4014.000     4014.000     4014.000     4018.000     4019.000
   480:     4019.000     4023.990     4024.000     4026.310     4026.310
   485:     4026.310     4026.320     4026.320     4026.320     4026.320
   490:     4026.320     4026.320     4030.320     4031.320     4031.320
   495:     4036.310     4036.320     4036.970     4036.970     4036.970
   500:     4036.980     4036.980     4036.980     4036.980     4036.980
   505:     4036.980     4040.980     4041.980     4041.980     4046.970
   510:     4046.980     4068.340     4068.340     4068.340     4068.350
   515:     4068.350     4068.350     4068.350     4068.350     4068.350
   520:     4072.350     4073.350     4073.350     4078.340     4078.350
   525:     4089.070     4089.260     4097.850     4097.850     4097.850
   530:     4097.860     4097.860     4097.860     4097.860     4097.860
   535:     4097.860     4101.860     4102.860     4102.860     4105.830
   540:     4107.850     4107.860     4109.600     4110.500     4116.820
   545:     4116.980     4142.230     4142.290     4149.650     4152.940
   550:     4152.940     4152.940     4152.950     4152.950     4152.950
   555:     4152.950     4152.950     4152.950     4156.950     4157.950
   560:     4157.950     4162.940     4162.950     4178.310     4178.310
   565:     4178.310     4178.320     4178.320     4178.320     4178.320
   570:     4178.320     4178.320     4182.320     4183.320     4183.320
   575:     4188.310     4188.320     4223.230     4223.230     4223.230
   580:     4223.240     4223.240     4223.240     4223.240     4223.240
   585:     4223.240     4225.720     4227.240     4228.240     4228.240
   590:     4231.400     4232.090     4233.230     4233.240     6102.430
   595:     6113.010     6113.190     6113.600     6113.800     6113.820
   600:     6114.130     6115.400     6115.600     6182.400     6184.000
   605:     6209.920     6215.470     6220.860     6265.650     6265.700
   610:     6269.420     6275.010     6279.550     6284.510     6296.140
   615:     6296.250     6615.060     6657.520     6659.800     6667.590
   620:     6667.590     6667.590     6667.600     6667.600     6667.600
   625:     6667.600     6667.600     6667.600     6671.600     6672.600
   630:     6672.600     6677.590     6677.600     6871.740     6882.060
   635:     6898.600     6898.820     6898.840     6965.430     6996.380
   640:     7023.290     7023.290     7023.290     7023.300     7023.300
   645:     7023.300     7023.300     7023.300     7023.300     7023.400
   650:     7023.400     7027.300     7028.300     7028.300     7033.290
   655:     7033.300     7042.950     7045.130     7045.440     7046.090
   660:     7046.130     7084.060     7084.060     7084.060     7084.070
   665:     7084.070     7084.070     7084.070     7084.070     7084.070
   670:     7084.690     7084.690     7087.190     7087.190     7088.070
   675:     7089.070     7089.070     7089.500     7094.060     7094.070
   680:     7107.750     7212.690     7273.060     7273.880     7395.580
   685:     7396.100     7396.220     7396.460     7417.410     7417.990
   690:     7464.190     7464.290     7598.140     7598.330     7598.800
   695:     7598.870     7602.950     7607.990     7607.990     7607.990
   700:     7608.000     7608.000     7608.000     7608.000     7608.000
   705:     7608.000     7612.000     7613.000     7613.000     7617.990
   710:     7618.000     7649.860     7649.970     7715.770     7897.130
   715:     7900.650     7903.810     7903.930     7906.180     7912.520
   720:     7913.800     8169.180     8269.820     8270.090     8271.960
   725:     8360.480     8362.120     8837.710     8839.180     8903.760
   730:     8903.760     8903.760     8903.770     8903.770     8903.770
   735:     8903.770     8903.770     8903.770     8907.770     8908.770
   740:     8908.770     8912.170     8912.170     8913.760     8913.770
   745:     8916.350     8920.020     8920.020     8920.020     8920.030
   750:     8920.030     8920.030     8920.030     8920.030     8920.030
   755:     8924.030     8925.030     8925.030     8930.020     8930.030
   760:     8938.630     8939.800     8944.170     8947.360     8947.360
   765:     8947.360     8947.370     8947.370     8947.370     8947.370
   770:     8947.370     8947.370     8951.370     8952.370     8952.370
   775:     8957.360     8957.370     9069.790     9141.990     9142.100
   780:     9153.780     9153.810     9203.060     9249.330     9252.490
   785:     9256.560     9259.180     9262.430     9263.810     9266.240
   790:     9268.070     9271.290     9272.070     9273.250     9278.380
   795:     9281.860     9283.120     9284.160     9285.280     9359.230
   800:     9359.900     9360.190     9364.970     9367.270     9371.280
   805:     9372.870     9373.230     9396.450     9399.050     9399.220
   810:     9399.560     9400.790     9403.470     9404.230     9406.380
   815:     9406.800     9407.310     9407.810     9407.900     9408.170
   820:     9408.860     9410.040     9410.840     9411.210     9411.600
   825:     9411.870     9411.910     9412.080     9412.680     9413.690
   830:     9414.370     9414.600     9414.690     9415.160     9416.120
   835:     9416.640     9417.240     9418.520     9443.490     9444.070
   840:     9731.190     9731.190     9731.190     9731.200     9731.200
   845:     9731.200     9731.200     9731.200     9731.200     9735.200
   850:     9736.200     9736.200     9738.830     9738.830     9741.190
   855:     9741.200    10074.600    10237.450    10237.450    10237.450
   860:    10237.460    10237.460    10237.460    10237.460    10237.460
   865:    10237.460    10241.460    10242.460    10242.460    10247.450
   870:    10247.460    10294.600    10425.150    10425.240    10554.100
   875:    10554.100    10554.100    10554.110    10554.110    10554.110
   880:    10554.110    10554.110    10554.110    10558.110    10559.110
   885:    10559.110    10564.100    10564.110    10568.850    10570.960
   890:    10570.960    10570.960    10570.970    10570.970    10570.970
   895:    10570.970    10570.970    10570.970    10574.970    10575.970
   900:    10575.970    10580.960    10580.970    10667.530    10667.530
   905:    10667.530    10667.540    10667.540    10667.540    10667.540
   910:    10667.540    10667.540    10671.540    10672.540    10672.540
   915:    10677.530    10677.540    10689.620    10733.320    10746.820
   920:    10800.000
