File: C:\MED-PC\Data\2025-03-19_12h34m_Subject 91.txt


Start Date: 03/19/25
End Date: 03/19/25
Subject: 91
Experiment: OralFentSA
Group: One
Box: 8
Start Time: 12:34:10
End Time: 15:34:42
MSN: 20241014_Golden_Liq_SelfAdmin
F:       0.000
G:    2096.000
H:   10800.000
I:       0.000
J:       0.000
K:       0.000
L:       0.000
M:       0.000
N:       0.000
O:       0.000
P:       0.000
Q:       0.000
R:       0.000
S:       0.000
U:       0.000
V:       0.000
W:       0.000
X:       0.000
Y:       0.000
Z:       0.000
A:
     0:        0.000        0.000      180.000        4.000        0.000
     5:        5.000        0.000        5.000        0.000        0.000
    10:        1.000        0.000       10.000  3000000.000       17.000
    15:       13.000      640.000        0.000        0.000        0.000
    20:        0.000
B:
     0:        0.000        0.000        0.000      400.000        0.000
     5:      500.000        0.000      500.000        0.000        0.000
    10:        0.000        0.000     1000.000 300000000.000        0.000
    15:        0.000        0.000        0.000        0.000        0.000
    20:        0.000
C:
     0:       19.000       20.000        6.000       29.000     1800.000
     5:    10002.950        2.100       18.000      114.810        6.378
    10:       29.000        6.000        0.000        0.000        0.000
    15:        0.000        0.000        0.000        0.000        0.000
    20:        0.000
D:
     0:        4.860        1.230        1.590        4.090       56.500
     5:        1.290        6.380        3.640        5.230        0.690
    10:        4.610        4.260        6.940        9.140        0.900
    15:        0.830        0.530        2.100
E:
     0:       19.000       11.000       26.000       27.000        6.000
     5:        6.000        6.000        6.000        6.000        6.000
    10:        6.000        6.000        6.000        6.000        6.000
    15:        6.000        6.000        6.000        6.000        6.000
    20:        6.000        2.000        4.000       22.000       24.000
    25:       12.000       13.000        8.000        5.000       17.000
    30:       21.000       22.000       18.000        6.000       14.000
    35:       10.000        6.000        6.000       19.000       11.000
    40:        2.000        4.000       22.000       24.000       12.000
    45:       13.000        8.000        5.000       17.000        6.000
    50:        6.000       18.000       14.000       10.000       19.000
    55:       11.000        6.000        6.000        6.000        6.000
    60:        6.000        6.000        6.000        6.000        6.000
    65:        6.000        6.000        6.000        6.000        1.000
    70:        6.000        2.000        4.000       22.000       24.000
    75:       12.000       13.000        8.000        5.000       17.000
    80:        6.000       18.000       14.000       10.000       20.000
    85:       19.000       11.000        6.000        6.000        6.000
    90:        6.000        6.000        6.000        2.000        4.000
    95:       22.000       24.000       12.000       13.000        8.000
   100:        5.000       17.000       21.000       22.000       21.000
   105:       22.000       21.000       22.000       21.000       22.000
   110:       18.000        6.000       14.000       10.000        6.000
   115:        6.000        6.000        6.000       19.000       11.000
   120:        6.000        6.000        6.000        6.000        6.000
   125:        6.000        6.000        6.000        6.000        2.000
   130:        4.000       22.000       24.000       12.000       13.000
   135:        8.000        5.000       17.000       18.000       14.000
   140:       10.000       19.000       11.000        6.000        6.000
   145:        6.000        6.000        6.000        6.000        6.000
   150:        6.000        6.000        6.000        6.000        6.000
   155:        6.000        6.000        6.000        6.000        6.000
   160:        6.000        6.000        6.000        6.000        6.000
   165:        6.000        6.000        6.000        6.000        6.000
   170:        6.000        6.000        6.000        6.000        6.000
   175:        6.000        6.000        6.000        6.000        6.000
   180:        6.000        6.000        6.000        6.000        2.000
   185:        4.000       22.000       24.000       12.000       13.000
   190:        8.000        5.000       17.000       18.000       14.000
   195:       10.000       21.000       22.000       21.000       22.000
   200:       19.000       11.000        2.000        4.000       22.000
   205:       24.000       12.000       13.000        8.000        5.000
   210:       17.000        6.000       18.000        6.000       14.000
   215:       10.000       19.000       11.000        6.000        6.000
   220:        1.000        6.000        6.000        6.000        6.000
   225:        6.000        6.000        6.000        6.000        6.000
   230:        6.000        6.000        6.000        6.000        6.000
   235:        6.000        6.000        6.000        6.000        6.000
   240:        6.000        6.000        6.000        6.000        6.000
   245:        6.000        6.000        6.000        6.000        6.000
   250:        6.000        6.000        6.000        6.000        6.000
   255:        6.000        6.000        6.000        6.000        6.000
   260:        6.000        6.000        6.000        6.000        6.000
   265:        6.000        6.000        6.000        6.000        6.000
   270:        6.000        6.000        6.000        6.000        6.000
   275:        6.000        6.000        6.000        6.000        6.000
   280:        6.000        6.000        6.000        6.000        6.000
   285:        6.000        6.000        6.000        6.000        6.000
   290:        6.000        6.000        6.000        6.000        6.000
   295:        6.000        6.000        6.000        6.000        6.000
   300:        6.000        6.000        6.000        6.000        6.000
   305:        6.000        6.000        6.000        6.000        6.000
   310:        6.000        6.000        6.000        6.000        6.000
   315:        6.000        6.000        6.000        6.000        6.000
   320:        6.000        6.000        6.000        6.000        6.000
   325:        6.000        6.000        6.000        6.000        6.000
   330:        6.000        6.000        6.000        6.000        6.000
   335:        6.000        6.000        6.000        6.000        6.000
   340:        6.000        6.000        6.000        6.000        6.000
   345:        6.000        6.000        6.000        6.000        6.000
   350:        6.000        6.000        6.000        6.000        6.000
   355:        6.000        6.000        6.000        6.000        6.000
   360:        6.000        6.000        6.000        6.000        6.000
   365:        6.000        6.000        6.000        6.000        6.000
   370:        6.000        6.000        6.000        6.000        6.000
   375:        6.000        6.000        6.000        6.000        6.000
   380:        6.000        6.000        6.000        6.000        6.000
   385:        6.000        6.000        6.000        6.000        6.000
   390:        6.000        6.000        6.000        6.000        6.000
   395:        6.000        6.000        6.000        6.000        6.000
   400:        6.000        6.000        6.000        6.000        6.000
   405:        6.000        6.000        6.000        6.000        6.000
   410:        6.000        2.000        4.000       22.000       24.000
   415:       12.000       13.000        8.000        5.000       17.000
   420:       18.000       14.000       10.000        6.000        6.000
   425:        6.000       19.000       11.000        6.000        6.000
   430:        6.000        6.000        6.000        6.000        6.000
   435:        6.000        6.000        6.000        6.000        6.000
   440:        6.000        6.000        6.000        6.000        6.000
   445:        6.000        6.000        6.000        6.000        6.000
   450:        6.000        6.000        2.000        4.000       22.000
   455:       24.000       12.000       13.000        8.000        5.000
   460:       17.000       21.000       22.000        6.000        6.000
   465:       18.000       14.000       10.000        6.000        6.000
   470:        6.000        6.000        6.000       19.000       11.000
   475:        6.000        6.000        6.000        6.000        6.000
   480:        6.000        6.000        6.000        6.000        6.000
   485:        6.000        2.000        4.000       22.000       24.000
   490:       12.000       13.000        8.000        5.000       17.000
   495:       18.000       14.000       10.000        6.000       19.000
   500:       11.000        6.000        6.000        6.000        6.000
   505:        6.000        6.000        6.000        6.000        6.000
   510:        6.000        6.000        6.000        6.000        6.000
   515:        6.000        6.000        6.000        6.000        6.000
   520:        6.000        6.000        6.000        6.000        6.000
   525:        6.000        6.000        6.000        6.000        6.000
   530:        6.000        6.000        6.000        6.000        6.000
   535:        6.000        6.000        6.000        6.000        6.000
   540:        6.000        6.000        6.000        6.000        6.000
   545:        6.000        6.000        6.000        6.000        6.000
   550:        6.000        6.000        6.000        6.000        6.000
   555:        6.000        6.000        6.000        6.000        6.000
   560:        6.000        6.000        6.000        6.000        6.000
   565:        6.000        6.000        6.000        6.000        6.000
   570:        6.000        6.000        6.000        6.000        6.000
   575:        6.000        6.000        6.000        6.000        6.000
   580:        6.000        6.000        6.000        6.000        6.000
   585:        6.000        6.000        6.000        6.000        6.000
   590:        6.000        6.000        6.000        6.000        6.000
   595:        6.000        6.000        6.000        6.000        6.000
   600:        6.000        6.000        6.000        6.000        6.000
   605:        6.000        6.000        6.000        6.000        6.000
   610:        6.000        6.000        6.000        6.000        6.000
   615:        6.000        6.000        6.000        6.000        6.000
   620:        6.000        6.000        6.000        6.000        6.000
   625:        6.000        6.000        6.000        6.000        6.000
   630:        6.000        6.000        6.000        6.000        6.000
   635:        6.000        6.000        6.000        6.000        6.000
   640:        6.000        6.000        6.000        6.000        6.000
   645:        6.000        6.000        6.000        6.000        6.000
   650:        6.000        6.000        6.000        6.000        6.000
   655:        2.000        4.000       22.000       24.000       12.000
   660:       13.000        8.000        5.000       17.000        6.000
   665:       18.000       14.000       10.000        6.000       19.000
   670:       11.000        6.000        6.000        6.000        6.000
   675:        6.000        6.000        6.000        6.000        6.000
   680:        6.000        6.000        6.000        6.000        6.000
   685:        6.000        6.000        6.000        6.000        6.000
   690:        6.000        6.000        6.000        6.000        6.000
   695:        6.000        6.000        6.000        6.000        6.000
   700:        6.000        6.000        6.000        6.000        6.000
   705:        6.000        6.000        6.000        6.000        6.000
   710:        6.000        6.000        6.000        6.000        6.000
   715:        6.000        6.000        6.000        6.000        6.000
   720:        6.000        6.000        6.000        6.000        6.000
   725:        6.000        6.000        6.000        6.000        6.000
   730:        6.000        6.000        6.000        6.000        6.000
   735:        6.000        6.000        6.000        6.000        6.000
   740:        6.000        6.000        6.000        6.000        6.000
   745:        6.000        6.000        6.000        6.000        6.000
   750:        6.000        6.000        6.000        6.000        6.000
   755:        6.000        6.000        6.000        6.000        6.000
   760:        6.000        6.000        2.000        4.000       22.000
   765:       24.000       12.000       13.000        8.000        5.000
   770:       17.000       18.000        6.000        6.000        6.000
   775:       14.000       10.000        6.000        6.000        6.000
   780:        6.000       19.000       11.000        6.000        6.000
   785:        6.000        6.000        6.000        6.000        6.000
   790:        6.000        6.000        6.000        6.000        6.000
   795:        6.000        6.000        6.000        6.000        6.000
   800:        6.000        6.000        6.000        6.000        6.000
   805:        6.000        6.000        6.000        6.000        6.000
   810:        6.000        6.000        6.000        6.000        6.000
   815:        6.000        6.000        6.000        6.000        6.000
   820:        6.000        6.000        6.000        6.000        6.000
   825:        6.000        6.000        6.000        6.000        6.000
   830:        6.000        6.000        6.000        6.000        6.000
   835:        6.000        6.000        6.000        6.000        6.000
   840:        6.000        6.000        6.000        6.000        6.000
   845:        6.000        6.000        6.000        6.000        6.000
   850:        6.000        6.000        6.000        6.000        6.000
   855:        6.000        6.000        6.000        6.000        6.000
   860:        6.000        6.000        6.000        6.000        6.000
   865:        6.000        6.000        6.000        6.000        6.000
   870:        6.000        6.000        6.000        6.000        6.000
   875:        6.000        6.000        6.000        6.000        6.000
   880:        6.000        6.000        6.000        6.000        6.000
   885:        6.000        6.000        6.000        6.000        6.000
   890:        6.000        6.000        6.000        6.000        6.000
   895:        6.000        6.000        6.000        6.000        6.000
   900:        6.000        6.000        6.000        6.000        6.000
   905:        6.000        6.000        6.000        6.000        6.000
   910:        6.000        6.000        6.000        6.000        6.000
   915:        6.000        6.000        6.000        6.000        6.000
   920:        6.000        6.000        6.000        6.000        6.000
   925:        6.000        6.000        6.000        6.000        6.000
   930:        6.000        6.000        6.000        6.000        6.000
   935:        6.000        6.000        6.000        6.000        6.000
   940:        6.000        6.000        6.000        6.000        6.000
   945:        6.000        6.000        6.000        6.000        6.000
   950:        6.000        6.000        6.000        6.000        6.000
   955:        6.000        6.000        6.000        6.000        6.000
   960:        6.000        6.000        6.000        6.000        6.000
   965:        6.000        6.000        6.000        6.000        6.000
   970:        6.000        6.000        6.000        6.000        6.000
   975:        6.000        6.000        6.000        6.000        6.000
   980:        6.000        6.000        6.000        6.000        6.000
   985:        6.000        6.000        6.000        6.000        6.000
   990:        6.000        6.000        6.000        6.000        6.000
   995:        6.000        6.000        6.000        6.000        6.000
  1000:        6.000        6.000        6.000        6.000        6.000
  1005:        6.000        6.000        6.000        6.000        6.000
  1010:        6.000        6.000        6.000        6.000        6.000
  1015:        6.000        6.000        6.000        6.000        6.000
  1020:        6.000        6.000        6.000        6.000        6.000
  1025:        6.000        6.000        6.000        6.000        6.000
  1030:        6.000        6.000        6.000        6.000        6.000
  1035:        6.000        6.000        6.000        6.000        6.000
  1040:        6.000        6.000        6.000        6.000        6.000
  1045:        6.000        6.000        6.000        6.000        6.000
  1050:        6.000        6.000        6.000        6.000        6.000
  1055:        6.000        6.000        6.000        6.000        6.000
  1060:        6.000        6.000        6.000        6.000        6.000
  1065:        6.000        6.000        6.000        6.000        6.000
  1070:        1.000        6.000        6.000        6.000        6.000
  1075:        6.000        6.000        6.000        6.000        6.000
  1080:        6.000        6.000        6.000        6.000        6.000
  1085:        6.000        6.000        6.000        6.000        6.000
  1090:        6.000        6.000        6.000        6.000        6.000
  1095:        6.000        6.000        6.000        6.000        6.000
  1100:        6.000        6.000        6.000        6.000        6.000
  1105:        6.000        6.000        6.000        6.000        6.000
  1110:        6.000        6.000        6.000        6.000        6.000
  1115:        6.000        6.000        6.000        6.000        6.000
  1120:        6.000        6.000        6.000        6.000        6.000
  1125:        6.000        6.000        6.000        6.000        6.000
  1130:        6.000        6.000        6.000        6.000        6.000
  1135:        6.000        6.000        6.000        6.000        6.000
  1140:        6.000        6.000        6.000        6.000        6.000
  1145:        6.000        6.000        6.000        6.000        6.000
  1150:        6.000        6.000        6.000        6.000        6.000
  1155:        6.000        6.000        6.000        6.000        6.000
  1160:        6.000        6.000        6.000        6.000        6.000
  1165:        6.000        6.000        6.000        6.000        6.000
  1170:        6.000        6.000        6.000        6.000        6.000
  1175:        6.000        6.000        6.000        6.000        6.000
  1180:        6.000        6.000        6.000        6.000        6.000
  1185:        6.000        6.000        6.000        6.000        6.000
  1190:        6.000        6.000        6.000        6.000        6.000
  1195:        6.000        6.000        6.000        6.000        6.000
  1200:        6.000        6.000        6.000        6.000        6.000
  1205:        6.000        6.000        6.000        6.000        6.000
  1210:        6.000        6.000        6.000        6.000        6.000
  1215:        6.000        6.000        6.000        6.000        6.000
  1220:        6.000        6.000        6.000        6.000        6.000
  1225:        6.000        6.000        6.000        6.000        6.000
  1230:        6.000        6.000        6.000        6.000        6.000
  1235:        6.000        6.000        6.000        6.000        6.000
  1240:        6.000        6.000        6.000        6.000        6.000
  1245:        6.000        6.000        6.000        6.000        6.000
  1250:        6.000        6.000        6.000        6.000        6.000
  1255:        6.000        6.000        6.000        6.000        6.000
  1260:        6.000        6.000        6.000        6.000        6.000
  1265:        6.000        6.000        6.000        6.000        6.000
  1270:        6.000        6.000        6.000        6.000        6.000
  1275:        6.000        6.000        6.000        6.000        6.000
  1280:        6.000        6.000        6.000        6.000        6.000
  1285:        6.000        6.000        6.000        6.000        6.000
  1290:        6.000        6.000        6.000        6.000        6.000
  1295:        6.000        6.000        6.000        6.000        6.000
  1300:        6.000        6.000        6.000        6.000        6.000
  1305:        6.000        6.000        6.000        6.000        6.000
  1310:        6.000        6.000        6.000        6.000        6.000
  1315:        6.000        6.000        6.000        6.000        6.000
  1320:        6.000        6.000        6.000        6.000        6.000
  1325:        6.000        6.000        6.000        6.000        6.000
  1330:        6.000        6.000        6.000        6.000        6.000
  1335:        6.000        6.000        6.000        6.000        6.000
  1340:        6.000        6.000        6.000        6.000        6.000
  1345:        6.000        6.000        6.000        6.000        6.000
  1350:        6.000        6.000        6.000        6.000        6.000
  1355:        6.000        6.000        6.000        6.000        6.000
  1360:        6.000        6.000        6.000        6.000        6.000
  1365:        6.000        6.000        6.000        6.000        6.000
  1370:        6.000        6.000        6.000        6.000        6.000
  1375:        6.000        6.000        6.000        6.000        6.000
  1380:        6.000        6.000        6.000        6.000        6.000
  1385:        6.000        6.000        6.000        6.000        6.000
  1390:        6.000        6.000        6.000        6.000        6.000
  1395:        6.000        6.000        6.000        6.000        6.000
  1400:        6.000        6.000        6.000        6.000        6.000
  1405:        6.000        6.000        2.000        4.000       22.000
  1410:       24.000       12.000       13.000        8.000        5.000
  1415:       17.000       21.000       22.000       18.000        6.000
  1420:        6.000       14.000       10.000       19.000       11.000
  1425:        6.000        6.000        6.000        6.000        6.000
  1430:        6.000        6.000        6.000        6.000        6.000
  1435:        6.000        6.000        6.000        6.000        6.000
  1440:        6.000        6.000        6.000        6.000        6.000
  1445:        6.000        6.000        6.000        6.000        6.000
  1450:        6.000        6.000        6.000        6.000        6.000
  1455:        6.000        6.000        6.000        6.000        6.000
  1460:        6.000        6.000        6.000        6.000        6.000
  1465:        6.000        6.000        6.000        6.000        6.000
  1470:        6.000        6.000        6.000        6.000        6.000
  1475:        6.000        6.000        6.000        6.000        6.000
  1480:        6.000        6.000        6.000        6.000        6.000
  1485:        6.000        6.000        6.000        6.000        6.000
  1490:        6.000        6.000        6.000        6.000        6.000
  1495:        6.000        6.000        6.000        6.000        6.000
  1500:        6.000        6.000        6.000        6.000        6.000
  1505:        6.000        6.000        6.000        6.000        6.000
  1510:        6.000        6.000        6.000        6.000        6.000
  1515:        6.000        6.000        6.000        6.000        6.000
  1520:        6.000        6.000        6.000        6.000        2.000
  1525:        4.000       22.000       24.000       12.000       13.000
  1530:        8.000        5.000       17.000       18.000       14.000
  1535:       10.000        6.000        6.000        6.000        6.000
  1540:       19.000       11.000        6.000        6.000        6.000
  1545:        6.000        6.000        6.000        6.000        6.000
  1550:        6.000        6.000        6.000        6.000        6.000
  1555:        6.000        6.000        6.000        6.000        6.000
  1560:        6.000        6.000        6.000        6.000        6.000
  1565:        6.000        6.000        6.000        6.000        6.000
  1570:        6.000        6.000        6.000        6.000        6.000
  1575:        6.000        6.000        6.000        6.000        6.000
  1580:        6.000        6.000        6.000        6.000        6.000
  1585:        6.000        6.000        6.000        6.000        6.000
  1590:        6.000        6.000        6.000        6.000        6.000
  1595:        6.000        6.000        6.000        6.000        6.000
  1600:        6.000        6.000        6.000        6.000        6.000
  1605:        6.000        6.000        6.000        6.000        6.000
  1610:        6.000        6.000        6.000        6.000        6.000
  1615:        6.000        6.000        6.000        6.000        6.000
  1620:        6.000        6.000        6.000        6.000        6.000
  1625:        6.000        6.000        6.000        6.000        6.000
  1630:        6.000        6.000        6.000        6.000        6.000
  1635:        6.000        6.000        6.000        6.000        6.000
  1640:        6.000        6.000        6.000        6.000        6.000
  1645:        6.000        6.000        6.000        6.000        6.000
  1650:        6.000        6.000        6.000        6.000        6.000
  1655:        6.000        6.000        6.000        6.000        6.000
  1660:        6.000        6.000        6.000        6.000        6.000
  1665:        6.000        6.000        6.000        6.000        6.000
  1670:        6.000        6.000        6.000        6.000        6.000
  1675:        6.000        6.000        6.000        6.000        6.000
  1680:        6.000        6.000        6.000        6.000        6.000
  1685:        6.000        6.000        6.000        6.000        6.000
  1690:        6.000        6.000        6.000        6.000        6.000
  1695:        6.000        6.000        6.000        6.000        6.000
  1700:        6.000        6.000        6.000        6.000        6.000
  1705:        6.000        6.000        6.000        6.000        6.000
  1710:        6.000        6.000        6.000        6.000        6.000
  1715:        6.000        6.000        6.000        6.000        6.000
  1720:        6.000        6.000        6.000        6.000        6.000
  1725:        6.000        6.000        6.000        6.000        6.000
  1730:        6.000        6.000        6.000        6.000        6.000
  1735:        6.000        6.000        6.000        6.000        6.000
  1740:        6.000        6.000        6.000        6.000        6.000
  1745:        6.000        6.000        6.000        6.000        6.000
  1750:        6.000        6.000        6.000        1.000        6.000
  1755:        6.000        2.000        4.000       22.000       24.000
  1760:       12.000       13.000        8.000        5.000       17.000
  1765:       18.000       14.000       10.000        6.000        6.000
  1770:       19.000       11.000        6.000        6.000        6.000
  1775:        6.000        6.000        6.000        6.000        6.000
  1780:        6.000        6.000        6.000        6.000        6.000
  1785:        6.000        6.000        6.000        6.000        6.000
  1790:        6.000        6.000        6.000        2.000        4.000
  1795:       22.000       24.000       12.000       13.000        8.000
  1800:        5.000       17.000        6.000       18.000       14.000
  1805:       10.000       19.000       11.000        6.000        6.000
  1810:        6.000        6.000        6.000        6.000        6.000
  1815:        6.000        6.000        6.000        6.000        6.000
  1820:        6.000        6.000        6.000        6.000        6.000
  1825:        6.000        6.000        6.000        6.000        6.000
  1830:        6.000        6.000        6.000        6.000        6.000
  1835:        6.000        6.000        6.000        6.000        6.000
  1840:        6.000        6.000        6.000        6.000        6.000
  1845:        6.000        6.000        6.000        6.000        6.000
  1850:        6.000        6.000        6.000        6.000        6.000
  1855:        6.000        1.000        6.000        6.000        2.000
  1860:        4.000       22.000       24.000       12.000       13.000
  1865:        8.000        5.000       17.000        6.000       18.000
  1870:       14.000       10.000        6.000        6.000        6.000
  1875:       19.000       11.000        6.000        6.000        6.000
  1880:        6.000        6.000        6.000        6.000        6.000
  1885:        6.000        6.000        6.000        6.000        6.000
  1890:        6.000        6.000        6.000        6.000        6.000
  1895:        6.000        6.000        6.000        6.000        6.000
  1900:        6.000        2.000        4.000       22.000       24.000
  1905:       12.000       13.000        8.000        5.000       17.000
  1910:        6.000        6.000       18.000        6.000       14.000
  1915:       10.000       19.000       11.000        6.000        2.000
  1920:        4.000       22.000       24.000       12.000       13.000
  1925:        8.000        5.000       17.000       21.000       22.000
  1930:        6.000        6.000        6.000       18.000       14.000
  1935:       10.000        6.000        6.000        6.000       19.000
  1940:       11.000        6.000        6.000        6.000        6.000
  1945:        6.000        6.000        6.000        6.000        6.000
  1950:        6.000        6.000        6.000        6.000        6.000
  1955:        6.000        6.000        6.000        6.000        6.000
  1960:        6.000        6.000        6.000        6.000        6.000
  1965:        6.000        6.000        6.000        6.000        6.000
  1970:        6.000        6.000        6.000        6.000        6.000
  1975:        6.000        6.000        6.000        6.000        6.000
  1980:        6.000        6.000        6.000        6.000        6.000
  1985:        6.000        6.000        6.000        6.000        6.000
  1990:        6.000        6.000        6.000        6.000        6.000
  1995:        6.000        6.000        6.000        6.000        6.000
  2000:        6.000        6.000        6.000        6.000        6.000
  2005:        6.000        6.000        6.000        6.000        6.000
  2010:        6.000        6.000        6.000        6.000        6.000
  2015:        6.000        6.000        6.000        6.000        6.000
  2020:        6.000        6.000        6.000        6.000        6.000
  2025:        6.000        6.000        6.000        6.000        6.000
  2030:        6.000        6.000        6.000        6.000        6.000
  2035:        6.000        6.000        6.000        6.000        6.000
  2040:        6.000        6.000        6.000        6.000        6.000
  2045:        6.000        6.000        6.000        6.000        6.000
  2050:        6.000        6.000        6.000        6.000        6.000
  2055:        6.000        6.000        6.000        6.000        6.000
  2060:        6.000        6.000        6.000        6.000        6.000
  2065:        6.000        6.000        6.000        6.000        6.000
  2070:        6.000        6.000        6.000        6.000        6.000
  2075:        6.000        6.000        6.000        6.000        6.000
  2080:        6.000        6.000        6.000        6.000        6.000
  2085:        6.000        6.000        6.000        6.000        6.000
  2090:        6.000        6.000        6.000        6.000        6.000
  2095:        6.000      100.000
T:
     0:        0.000        0.000        0.000        0.000       85.150
     5:       85.380       86.890       87.770       87.880       88.580
    10:       89.390       90.180       92.040       92.760       92.830
    15:       92.880       95.230       99.440       99.620       99.690
    20:      100.060      131.030      131.030      131.030      131.040
    25:      131.040      131.040      131.040      131.040      131.040
    30:      131.350      131.350      135.040      135.900      136.040
    35:      136.040      137.520      138.470      141.030      141.040
    40:      147.170      147.170      147.170      147.180      147.180
    45:      147.180      147.180      147.180      147.180      148.410
    50:      148.810      151.180      152.180      152.180      157.170
    55:      157.180      180.150      182.160      182.350      195.530
    60:      198.150      200.890      202.010      204.730      204.950
    65:      205.190      213.090      214.010      263.160      290.750
    70:      318.430      358.440      358.440      358.440      358.450
    75:      358.450      358.450      358.450      358.450      358.450
    80:      360.040      362.450      363.450      363.450      363.610
    85:      368.440      368.450      376.990      377.100      378.180
    90:      379.200      379.330      385.790      391.660      391.660
    95:      391.660      391.670      391.670      391.670      391.670
   100:      391.670      391.670      392.300      392.300      392.920
   105:      392.920      393.280      393.280      393.870      393.870
   110:      395.670      395.760      396.670      396.670      399.900
   115:      401.190      401.280      401.600      401.660      401.670
   120:      402.080      404.040      404.090      404.320      404.600
   125:      404.740      405.160      405.440      405.610      446.760
   130:      446.760      446.760      446.770      446.770      446.770
   135:      446.770      446.770      446.770      450.770      451.770
   140:      451.770      456.760      456.770      503.270      503.590
   145:      504.190      512.130      567.110      585.170      589.060
   150:      594.600      646.700      646.740      773.550      807.920
   155:      847.520      849.590      850.030      850.280      850.510
   160:      852.340      852.540      852.610      853.550      855.080
   165:      859.690      862.210      865.340      865.560      865.850
   170:      866.080      866.930      867.740      868.030      871.020
   175:      873.670      873.950      874.190      908.490      908.590
   180:      908.710      926.100      989.870      990.410      994.560
   185:      994.560      994.560      994.570      994.570      994.570
   190:      994.570      994.570      994.570      998.570      999.570
   195:      999.570     1000.180     1000.180     1004.470     1004.470
   200:     1004.560     1004.570     1006.380     1006.380     1006.380
   205:     1006.390     1006.390     1006.390     1006.390     1006.390
   210:     1006.390     1007.680     1010.390     1010.580     1011.390
   215:     1011.390     1016.380     1016.390     1023.350     1023.400
   220:     1030.740     1191.770     1192.000     1226.920     1227.480
   225:     1227.700     1240.490     1242.660     1246.050     1249.350
   230:     1253.920     1256.270     1270.760     1271.960     1272.040
   235:     1274.830     1276.880     1279.130     1286.400     1286.770
   240:     1287.500     1287.870     1287.960     1288.110     1288.130
   245:     1288.670     1302.070     1302.120     1302.450     1306.960
   250:     1307.210     1307.390     1307.800     1307.890     1312.180
   255:     1312.270     1313.050     1318.630     1318.860     1322.060
   260:     1322.940     1323.090     1323.250     1323.390     1324.890
   265:     1325.610     1325.650     1325.750     1326.010     1327.100
   270:     1327.170     1328.510     1329.020     1329.080     1329.160
   275:     1329.640     1343.750     1344.570     1344.740     1344.930
   280:     1345.890     1346.100     1350.510     1350.980     1351.130
   285:     1351.520     1389.540     1391.360     1393.550     1394.760
   290:     1396.770     1397.250     1417.800     1418.640     1422.660
   295:     1427.680     1429.170     1429.350     1431.290     1431.600
   300:     1432.450     1435.880     1438.860     1439.310     1439.430
   305:     1440.450     1440.680     1440.830     1442.130     1442.500
   310:     1442.870     1445.790     1446.410     1446.810     1446.870
   315:     1447.110     1451.690     1451.990     1459.310     1459.840
   320:     1459.860     1459.880     1465.650     1467.650     1486.860
   325:     1490.120     1490.300     1490.510     1490.680     1490.760
   330:     1491.320     1493.280     1493.320     1493.450     1493.750
   335:     1493.820     1494.020     1558.830     1559.450     1560.730
   340:     1561.100     1561.130     1561.400     1561.470     1561.710
   345:     1563.840     1566.150     1566.280     1567.580     1569.780
   350:     1570.430     1570.810     1570.960     1571.280     1571.570
   355:     1578.390     1579.520     1580.480     1580.600     1581.680
   360:     1589.320     1590.400     1590.590     1590.660     1591.200
   365:     1591.630     1591.940     1592.220     1592.600     1592.650
   370:     1593.360     1594.250     1594.410     1595.280     1596.190
   375:     1597.160     1623.640     1624.490     1625.850     1734.740
   380:     1792.200     1796.810     1804.840     1805.380     1851.540
   385:     1893.290     1928.840     2072.660     2095.650     2099.630
   390:     2110.260     2110.880     2112.390     2115.050     2117.640
   395:     2117.690     2118.990     2119.200     2121.670     2342.160
   400:     2342.570     2343.260     2343.560     2344.230     2362.630
   405:     2363.110     2368.030     2370.710     2372.030     2372.960
   410:     2373.000     2378.430     2378.430     2378.430     2378.440
   415:     2378.440     2378.440     2378.440     2378.440     2378.440
   420:     2382.440     2383.440     2383.440     2384.820     2385.160
   425:     2385.380     2388.430     2388.440     2389.630     2393.930
   430:     2396.200     2396.790     2397.970     2398.320     2398.540
   435:     2400.600     2401.270     2401.780     2402.130     2402.250
   440:     2403.350     2422.100     2455.390     2455.660     2455.750
   445:     2456.000     2456.160     2459.260     2459.660     2460.000
   450:     2460.160     2460.830     2476.330     2476.330     2476.330
   455:     2476.340     2476.340     2476.340     2476.340     2476.340
   460:     2476.340     2478.010     2478.010     2479.980     2480.130
   465:     2480.340     2481.340     2481.340     2484.450     2484.780
   470:     2485.000     2485.190     2486.180     2486.330     2486.340
   475:     2486.510     2487.620     2487.870     2492.130     2494.390
   480:     2494.470     2494.850     2495.510     2495.620     2496.280
   485:     2496.740     2507.390     2507.390     2507.390     2507.400
   490:     2507.400     2507.400     2507.400     2507.400     2507.400
   495:     2511.400     2512.400     2512.400     2512.630     2517.390
   500:     2517.400     2527.220     2529.510     2530.230     2533.150
   505:     2533.990     2536.450     2537.090     2537.380     2555.100
   510:     2562.290     2563.390     2563.690     2565.360     2566.320
   515:     2566.400     2566.690     2566.990     2572.080     2573.180
   520:     2578.860     2579.460     2581.060     2582.480     2584.040
   525:     2584.290     2584.520     2586.210     2586.760     2587.460
   530:     2588.340     2588.730     2590.990     2591.800     2592.020
   535:     2593.360     2931.600     2933.560     2933.900     2938.700
   540:     2941.690     2942.170     2951.040     2973.700     2973.730
   545:     3018.530     3064.660     3084.110     3093.330     3093.590
   550:     3104.600     3116.670     3127.150     3132.950     3137.540
   555:     3140.050     3140.800     3141.070     3143.330     3143.600
   560:     3143.860     3144.150     3148.290     3148.650     3148.930
   565:     3149.980     3150.050     3151.080     3151.160     3186.800
   570:     3187.400     3188.180     3261.350     3271.780     3280.370
   575:     3291.980     3304.850     3306.920     3309.000     3309.930
   580:     3313.100     3314.240     3314.310     3315.570     3322.870
   585:     3324.460     3324.570     3324.630     3324.720     3324.850
   590:     3326.020     3326.090     3326.490     3333.110     3346.020
   595:     3347.270     3347.310     3350.310     3350.800     3350.870
   600:     3351.110     3352.490     3352.580     3358.230     3359.070
   605:     3360.940     3361.270     3361.830     3362.030     3364.670
   610:     3365.630     3366.090     3366.290     3366.490     3366.520
   615:     3380.240     3381.210     3381.650     3388.690     3389.330
   620:     3389.880     3390.780     3395.680     3395.720     3396.390
   625:     3398.000     3398.160     3407.790     3408.730     3409.490
   630:     3413.550     3413.670     3413.730     3413.960     3414.540
   635:     3414.910     3415.160     3415.440     3416.140     3416.350
   640:     3419.190     3419.370     3420.970     3421.170     3422.420
   645:     3422.710     3423.180     3423.240     3427.700     3428.840
   650:     3429.080     3430.050     3430.460     3445.800     3451.130
   655:     3463.320     3463.320     3463.320     3463.330     3463.330
   660:     3463.330     3463.330     3463.330     3463.330     3464.020
   665:     3467.330     3468.330     3468.330     3471.560     3473.320
   670:     3473.330     3479.380     3480.460     3480.720     3482.440
   675:     3482.490     3482.600     3484.660     3488.860     3616.810
   680:     3617.290     3630.550     3632.000     3636.200     3636.340
   685:     3637.270     3637.550     3637.990     3643.830     3644.830
   690:     3646.880     3681.570     3681.690     3682.480     3685.230
   695:     3686.280     3695.680     3946.350     3960.850     3961.350
   700:     3984.000     3984.340     3989.320     3991.090     3992.710
   705:     3993.420     3993.650     3993.750     3994.390     3994.560
   710:     3994.860     4017.760     4019.980     4027.000     4027.250
   715:     4035.030     4035.370     4035.680     4035.980     4036.200
   720:     4036.490     4036.640     4036.740     4037.600     4037.960
   725:     4038.200     4038.610     4038.830     4039.210     4039.320
   730:     4039.480     4039.570     4039.620     4039.740     4039.790
   735:     4039.870     4040.040     4040.530     4040.990     4041.550
   740:     4041.780     4041.880     4041.980     4042.050     4042.130
   745:     4042.320     4042.370     4042.490     4042.660     4042.870
   750:     4042.950     4043.000     4043.170     4043.350     4043.970
   755:     4044.100     4044.150     4044.410     4044.490     4046.880
   760:     4047.420     4052.700     4060.850     4060.850     4060.850
   765:     4060.860     4060.860     4060.860     4060.860     4060.860
   770:     4060.860     4064.860     4065.470     4065.640     4065.770
   775:     4065.860     4065.860     4066.220     4066.470     4066.500
   780:     4069.460     4070.850     4070.860     4075.830     4079.730
   785:     4080.390     4081.290     4084.710     4085.260     4093.800
   790:     4100.960     4102.230     4102.600     4103.240     4103.270
   795:     4103.770     4106.260     4106.750     4108.560     4108.580
   800:     4115.690     4127.140     4127.500     4138.660     4140.680
   805:     4146.580     4146.780     4146.840     4146.880     4147.430
   810:     4147.510     4148.100     4148.360     4148.580     4148.820
   815:     4149.080     4149.190     4149.450     4149.510     4149.690
   820:     4149.740     4149.870     4149.970     4150.080     4150.150
   825:     4150.220     4150.300     4152.620     4152.730     4152.770
   830:     4154.020     4154.120     4154.170     4154.230     4154.440
   835:     4156.110     4156.160     4156.220     4156.320     4157.050
   840:     4157.120     4157.420     4158.010     4158.150     4158.300
   845:     4158.490     4158.520     4204.260     4213.460     4231.670
   850:     4231.900     4252.610     4308.120     4446.700     4470.520
   855:     4473.910     4473.930     4476.850     4479.370     4487.160
   860:     4494.080     4494.260     4495.200     4495.390     4502.930
   865:     4502.960     4503.040     4503.070     4515.410     4527.940
   870:     4531.250     4536.790     4541.590     4546.480     4549.490
   875:     4549.800     4563.270     4564.410     4568.960     4569.200
   880:     4569.570     4570.070     4570.300     4570.810     4571.030
   885:     4571.120     4571.210     4571.300     4572.030     4572.220
   890:     4572.940     4573.260     4573.350     4573.430     4573.490
   895:     4573.680     4574.620     4574.720     4574.780     4575.050
   900:     4575.100     4575.330     4575.490     4575.570     4575.830
   905:     4596.580     4596.660     4598.610     4598.740     4600.630
   910:     4609.540     4609.640     4621.590     4625.710     4626.680
   915:     4626.770     4626.900     4630.200     4630.350     4630.860
   920:     4631.000     4631.290     4631.390     4631.490     4631.530
   925:     4631.600     4631.750     4631.900     4656.380     4656.540
   930:     4657.460     4657.580     4658.310     4658.400     4658.950
   935:     4663.170     4664.480     4665.550     4665.680     4665.750
   940:     4666.000     4672.410     4673.330     4674.240     4680.680
   945:     4681.360     4689.190     4690.080     4694.740     4698.430
   950:     4698.530     4702.600     4703.340     4703.620     4703.750
   955:     4709.820     4709.850     4715.580     4715.620     4715.680
   960:     4715.870     4720.140     4720.470     4722.950     4723.000
   965:     4726.040     4726.290     4729.380     4729.460     4729.930
   970:     4740.970     4741.160     4741.270     4745.590     4745.950
   975:     4746.700     4748.070     4767.170     4771.490     4772.540
   980:     4773.490     4782.770     4783.000     4785.930     4786.920
   985:     4787.030     4787.120     4787.470     4787.930     4788.420
   990:     4788.600     4788.870     4788.980     4789.390     4789.470
   995:     4791.770     4792.380     4827.390     4830.190     4834.950
  1000:     4835.680     4836.410     4836.550     4837.200     4837.790
  1005:     4845.090     4851.160     4851.840     4855.070     4863.850
  1010:     4864.710     4864.790     4864.830     4864.860     4864.920
  1015:     4871.970     4872.960     4873.100     4879.410     4881.430
  1020:     4881.650     4881.770     4882.190     4883.430     4883.870
  1025:     4884.000     4884.210     4885.930     4886.460     4892.690
  1030:     4894.420     4894.610     4895.500     4895.530     4896.300
  1035:     4897.020     4898.090     4902.560     4903.940     4904.530
  1040:     4931.560     4932.470     4956.410     4959.640     5038.470
  1045:     5082.700     5097.370     5097.540     5098.430     5101.960
  1050:     5103.300     5103.490     5103.820     5104.270     5108.770
  1055:     5113.660     5114.100     5114.510     5115.030     5115.140
  1060:     5125.700     5167.400     5175.630     5180.260     5180.660
  1065:     5183.890     5184.780     5189.890     5195.340     5320.410
  1070:     5374.760     5411.660     5412.090     5432.220     5465.940
  1075:     5469.360     5469.600     5469.970     5470.850     5471.650
  1080:     5479.940     5491.570     5491.680     5492.050     5492.640
  1085:     5492.830     5492.970     5496.660     5497.140     5497.270
  1090:     5498.170     5511.240     5511.670     5516.140     5516.410
  1095:     5517.160     5517.220     5517.290     5523.270     5523.330
  1100:     5523.530     5525.660     5526.630     5526.740     5530.000
  1105:     5530.130     5530.560     5536.450     5540.610     5541.010
  1110:     5541.100     5541.310     5541.490     5545.620     5552.270
  1115:     5552.320     5554.880     5560.060     5560.560     5561.530
  1120:     5561.670     5562.930     5563.420     5567.910     5568.370
  1125:     5568.700     5575.880     5587.950     5594.100     5594.130
  1130:     5598.060     5599.280     5599.610     5599.820     5600.510
  1135:     5600.540     5600.620     5600.670     5603.030     5611.940
  1140:     5615.690     5617.620     5618.740     5619.140     5619.170
  1145:     5619.230     5619.370     5622.520     5622.730     5624.660
  1150:     5629.190     5633.160     5633.220     5633.590     5633.930
  1155:     5634.020     5634.100     5634.310     5634.580     5634.760
  1160:     5635.000     5635.060     5635.160     5635.180     5635.260
  1165:     5635.390     5635.450     5639.850     5640.440     5641.400
  1170:     5645.650     5646.040     5646.680     5646.770     5646.960
  1175:     5647.220     5656.260     5661.590     5662.210     5666.630
  1180:     5666.780     5676.880     5678.160     5678.250     5678.560
  1185:     5691.240     5691.340     5696.420     5696.440     5696.540
  1190:     5717.380     5721.510     5725.360     5726.640     5726.680
  1195:     5726.810     5732.850     5733.790     5734.010     5738.930
  1200:     5740.200     5740.550     5740.780     5760.920     5761.500
  1205:     5762.220     5762.260     5762.400     5762.470     5762.780
  1210:     5762.850     5762.890     5763.670     5777.190     5780.320
  1215:     5780.740     5781.040     5781.240     5781.340     5781.560
  1220:     5796.570     5796.900     5797.610     5797.710     5797.800
  1225:     5797.880     5801.290     5801.670     5802.490     5802.590
  1230:     5812.740     5816.160     5816.970     5817.100     5817.520
  1235:     5817.790     5818.250     5819.570     5819.670     5819.830
  1240:     5826.330     5829.740     5831.320     5834.230     5834.310
  1245:     5834.930     5835.330     5835.500     5837.820     5851.590
  1250:     5862.440     5862.570     5862.660     5863.110     5863.200
  1255:     5872.960     5877.080     5878.570     5879.780     5879.810
  1260:     5885.390     5885.500     5885.560     5885.980     5894.740
  1265:     5894.800     5897.330     5897.560     5898.410     5899.750
  1270:     5900.260     5983.780     5984.080     5984.680     5984.750
  1275:     5995.700     6009.530     6009.680     6009.760     6010.060
  1280:     6030.080     6089.650     6104.670     6129.230     6130.360
  1285:     6130.390     6141.730     6141.880     6143.900     6144.720
  1290:     6149.480     6150.420     6151.290     6155.490     6168.490
  1295:     6180.160     6180.530     6180.660     6180.930     6184.650
  1300:     6190.940     6193.730     6197.490     6197.620     6197.690
  1305:     6197.790     6197.960     6198.020     6198.600     6198.650
  1310:     6206.910     6207.050     6207.130     6207.570     6208.040
  1315:     6208.740     6208.770     6208.860     6208.930     6209.060
  1320:     6209.150     6209.220     6218.990     6219.650     6219.720
  1325:     6219.740     6225.580     6228.590     6231.170     6231.290
  1330:     6231.440     6237.510     6238.870     6239.040     6245.610
  1335:     6245.760     6434.700     6434.950     6435.950     6436.780
  1340:     6437.030     6438.710     6455.450     6459.490     6459.700
  1345:     6464.020     6471.670     6475.960     6481.550     6483.750
  1350:     6484.900     6487.960     6490.680     6493.090     6493.760
  1355:     6493.900     6494.150     6496.170     6497.110     6498.040
  1360:     6502.760     6504.090     6504.170     6505.340     6505.840
  1365:     6511.740     6514.730     6515.600     6515.890     6516.740
  1370:     6518.420     6526.360     6527.310     6527.340     6527.580
  1375:     6530.420     6530.490     6530.610     6534.470     6535.240
  1380:     6536.450     6537.400     6540.610     6542.930     6542.990
  1385:     6543.210     6549.120     6554.880     6563.220     6565.350
  1390:     6570.370     6575.250     6578.050     6583.090     6590.320
  1395:     6598.490     6599.170     6599.290     6607.350     6636.300
  1400:     6663.010     6671.160     6716.030     6716.970     6724.430
  1405:     6724.950     6725.150     6737.740     6737.740     6737.740
  1410:     6737.750     6737.750     6737.750     6737.750     6737.750
  1415:     6737.750     6740.480     6740.480     6741.750     6742.010
  1420:     6742.690     6742.750     6742.750     6747.740     6747.750
  1425:     6750.960     6751.010     6751.300     6751.840     6757.370
  1430:     6758.930     6764.260     6764.750     6764.900     6765.000
  1435:     6782.150     6782.290     6784.180     6790.540     6792.210
  1440:     6792.250     6794.380     6795.970     6797.180     6797.950
  1445:     6798.220     6798.240     6798.720     6798.820     6798.870
  1450:     6798.900     6803.040     6803.430     6814.500     6815.830
  1455:     6822.150     6835.070     6847.550     6848.170     6850.560
  1460:     6851.400     6852.110     6854.030     6857.950     6858.000
  1465:     6866.630     6867.220     6868.720     6868.750     6869.090
  1470:     6875.080     6875.150     6875.310     6875.720     6876.550
  1475:     6877.030     6877.330     6887.450     6887.510     6887.730
  1480:     6888.460     6888.530     6888.920     6888.950     6889.040
  1485:     6890.020     6891.040     6891.570     6894.900     6896.210
  1490:     6897.210     6897.860     6899.310     6899.480     6900.090
  1495:     6900.180     6900.480     6900.570     6908.340     6909.870
  1500:     6910.530     6916.100     6916.480     6917.150     6917.570
  1505:     6918.010     6918.920     6918.980     6919.280     6919.410
  1510:     6919.710     6920.320     6920.460     6921.430     6921.490
  1515:     6929.420     6929.470     6935.890     6943.660     6946.760
  1520:     6949.490     6949.900     6950.040     6950.590     6952.280
  1525:     6952.280     6952.280     6952.290     6952.290     6952.290
  1530:     6952.290     6952.290     6952.290     6956.290     6957.290
  1535:     6957.290     6959.230     6959.930     6960.780     6961.520
  1540:     6962.280     6962.290     6963.290     6964.540     6966.800
  1545:     6968.680     6968.910     6970.710     6970.900     7004.220
  1550:     7171.500     7171.830     7173.750     7175.110     7195.780
  1555:     7196.030     7196.060     7196.120     7196.330     7200.840
  1560:     7214.580     7225.220     7225.330     7294.260     7407.480
  1565:     7468.300     7477.320     7518.230     7527.780     7528.090
  1570:     7553.390     7553.570     7556.020     7556.280     7568.750
  1575:     7569.270     7577.280     7578.330     7578.420     7578.600
  1580:     7605.180     7629.890     7630.160     7630.420     7689.890
  1585:     7694.080     7705.360     7709.000     7710.720     7722.160
  1590:     7723.370     7724.770     7724.850     7725.010     7763.480
  1595:     7768.430     7769.050     7769.200     7769.710     7770.700
  1600:     7770.960     7771.250     7773.110     7774.350     7774.690
  1605:     7775.860     7776.400     7790.060     7802.240     7804.000
  1610:     7804.020     7804.970     7810.580     7812.030     7813.340
  1615:     7816.620     7816.680     7816.820     7843.170     7843.820
  1620:     7849.820     7850.120     7850.850     7852.030     7852.120
  1625:     7853.930     7854.040     7872.450     7874.680     7878.170
  1630:     7879.220     7884.380     7884.550     7886.740     7887.970
  1635:     7888.150     7894.480     7894.550     7896.140     7901.070
  1640:     7902.260     7902.330     7902.390     7902.440     7902.880
  1645:     7903.160     7903.330     7906.830     7906.900     7907.220
  1650:     7907.250     7923.620     7925.760     7940.490     7940.900
  1655:     7941.760     7941.840     7955.530     7956.010     8110.570
  1660:     8111.820     8112.390     8113.630     8117.380     8117.450
  1665:     8117.560     8117.850     8117.960     8120.410     8120.470
  1670:     8121.820     8126.150     8126.270     8126.370     8127.740
  1675:     8128.040     8132.900     8133.630     8141.370     8142.010
  1680:     8142.750     8158.450     8163.300     8169.400     8172.780
  1685:     8173.650     8175.760     8181.770     8183.140     8183.510
  1690:     8186.630     8191.250     8191.270     8191.350     8191.430
  1695:     8193.790     8195.210     8197.560     8198.390     8204.380
  1700:     8204.690     8204.750     8207.990     8209.600     8212.290
  1705:     8212.630     8240.910     8254.200     8254.500     8256.110
  1710:     8257.380     8257.560     8259.100     8259.930     8260.000
  1715:     8260.240     8260.510     8261.020     8261.200     8261.440
  1720:     8262.930     8264.270     8273.330     8273.670     8273.720
  1725:     8273.740     8284.030     8290.770     8296.720     8297.260
  1730:     8306.440     8321.850     8324.040     8325.500     8333.810
  1735:     8334.340     8335.360     8337.730     8338.130     8338.360
  1740:     8354.860     8355.230     8357.080     8357.140     8357.260
  1745:     8357.300     8357.370     8368.720     8404.700     8404.840
  1750:     8405.020     8405.970     8423.520     8490.720     8741.320
  1755:     8741.430     8907.840     8907.840     8907.840     8907.850
  1760:     8907.850     8907.850     8907.850     8907.850     8907.850
  1765:     8911.850     8912.850     8912.850     8916.990     8917.380
  1770:     8917.840     8917.850     8917.850     8918.370     8918.850
  1775:     8918.880     8919.310     8920.520     8920.940     8921.850
  1780:     8921.900     8944.890     8945.290     8949.060     8949.220
  1785:     8949.470     8956.610     8960.870     8965.080     8968.370
  1790:     9048.680     9048.740     9049.070     9055.080     9055.080
  1795:     9055.080     9055.090     9055.090     9055.090     9055.090
  1800:     9055.090     9055.090     9055.990     9059.090     9060.090
  1805:     9060.090     9065.080     9065.090     9082.910     9085.020
  1810:     9087.930     9088.250     9089.270     9089.710     9089.840
  1815:     9090.470     9102.490     9103.950     9104.000     9104.740
  1820:     9114.010     9126.590     9126.770     9127.340     9166.620
  1825:     9205.780     9242.640     9242.880     9263.140     9263.660
  1830:     9263.850     9263.930     9266.530     9267.130     9278.440
  1835:     9278.490     9278.640     9278.760     9302.950     9303.510
  1840:     9349.830     9355.890     9356.820     9357.750     9357.940
  1845:     9358.190     9358.250     9358.640     9740.200     9745.130
  1850:     9745.670     9745.800     9748.190     9748.450     9760.390
  1855:     9774.380     9784.650     9790.030     9806.520     9808.820
  1860:     9808.820     9808.820     9808.830     9808.830     9808.830
  1865:     9808.830     9808.830     9808.830     9809.660     9812.830
  1870:     9813.830     9813.830     9814.530     9814.950     9815.030
  1875:     9818.820     9818.830     9842.760     9867.590     9867.930
  1880:     9918.190     9918.590     9918.720     9918.870     9919.080
  1885:     9919.210     9919.950     9920.030     9920.590     9921.090
  1890:     9924.340     9924.440     9925.270     9927.800     9927.870
  1895:     9929.280     9929.380     9929.610     9958.740     9959.320
  1900:     9961.060     9971.120     9971.120     9971.120     9971.130
  1905:     9971.130     9971.130     9971.130     9971.130     9971.130
  1910:     9971.660     9974.920     9975.130     9975.460     9976.130
  1915:     9976.130     9981.120     9981.130     9990.400    10002.940
  1920:    10002.940    10002.940    10002.950    10002.950    10002.950
  1925:    10002.950    10002.950    10002.950    10003.660    10003.660
  1930:    10005.050    10005.570    10005.830    10006.950    10007.950
  1935:    10007.950    10011.470    10012.350    10012.590    10012.940
  1940:    10012.950    10025.460    10046.140    10075.210    10077.970
  1945:    10078.910    10080.580    10081.450    10081.520    10081.980
  1950:    10086.000    10087.110    10087.150    10088.490    10088.520
  1955:    10204.070    10224.200    10243.500    10244.160    10269.050
  1960:    10269.750    10269.940    10343.180    10361.040    10443.400
  1965:    10524.780    10544.640    10547.980    10552.440    10552.860
  1970:    10553.030    10553.150    10553.350    10560.170    10560.690
  1975:    10560.960    10562.940    10562.990    10582.670    10582.950
  1980:    10583.160    10585.190    10606.960    10607.490    10608.340
  1985:    10610.330    10610.800    10611.450    10611.520    10611.600
  1990:    10615.030    10615.150    10617.880    10619.900    10621.410
  1995:    10624.200    10627.460    10627.680    10627.820    10629.130
  2000:    10629.250    10629.470    10632.700    10632.890    10636.980
  2005:    10638.530    10639.390    10639.740    10640.130    10641.280
  2010:    10642.860    10643.690    10661.980    10664.180    10667.050
  2015:    10667.800    10667.820    10668.000    10668.170    10668.470
  2020:    10669.100    10669.320    10669.380    10669.530    10669.610
  2025:    10669.850    10670.270    10671.240    10671.350    10671.420
  2030:    10671.830    10671.910    10672.690    10672.810    10672.890
  2035:    10674.650    10679.870    10680.440    10680.850    10681.030
  2040:    10681.100    10682.150    10683.220    10683.300    10683.610
  2045:    10684.470    10685.360    10685.690    10685.740    10686.420
  2050:    10686.710    10686.780    10686.910    10686.990    10687.040
  2055:    10687.240    10688.510    10690.040    10690.390    10690.450
  2060:    10690.560    10690.620    10692.510    10692.660    10696.400
  2065:    10696.930    10697.990    10700.070    10701.040    10703.220
  2070:    10703.670    10706.710    10707.790    10708.090    10712.950
  2075:    10713.420    10715.850    10716.740    10717.220    10722.980
  2080:    10723.780    10728.730    10728.860    10732.020    10733.550
  2085:    10737.440    10740.360    10740.460    10740.660    10741.060
  2090:    10757.260    10757.390    10765.870    10798.600    10799.360
  2095:    10799.950    10800.000
