File: C:\MED-PC\Data\2025-03-28_08h53m_Subject 77.txt


Start Date: 03/28/25
End Date: 03/28/25
Subject: 77
Experiment: OralFentSA
Group: One
Box: 5
Start Time: 08:53:46
End Time: 11:56:12
MSN: Golden_Liq_SelfAdmin_EXT
F:       0.000
G:     769.000
H:   10800.000
I:       0.000
J:       0.000
K:       0.000
L:       0.000
M:       0.000
N:       0.000
O:       0.000
P:       0.000
Q:       0.000
R:       0.000
S:       0.000
U:       0.000
V:       0.000
W:       0.000
X:       0.000
Y:       0.000
Z:       0.000
A:
     0:        0.000        0.000      180.000        4.000        0.000
     5:        5.000        0.000        5.000        0.000        0.000
    10:        1.000        0.000       10.000   100000.000       25.000
    15:       20.000      600.000        0.000        0.000        0.000
    20:        0.000
B:
     0:        0.000        0.000        0.000        0.000        0.000
     5:        0.000        0.000        0.000        0.000        0.000
    10:        0.000        0.000     1000.000 10000000.000        0.000
    15:        0.000        0.000        0.000        0.000        0.000
    20:        0.000
C:
     0:        0.000       76.000       19.000      116.000      139.000
     5:    10678.780       10.160       26.000     1849.410       71.131
    10:      116.000       19.000        0.000        0.000        0.000
    15:        0.000        0.000        0.000        0.000        0.000
    20:        0.000
D:
     0:        7.450      114.590       34.070       60.040        4.000
     5:        9.530       52.090       30.750        6.050       12.690
    10:       23.310       83.800        7.930      472.450       60.690
    15:      189.890       17.310       14.750       10.010       97.710
    20:        6.470        5.960      331.090      149.310       37.310
    25:       10.160
E:
     0:       19.000       11.000       26.000       27.000        6.000
     5:        2.000        4.000       22.000       24.000       12.000
    10:       21.000       22.000        6.000        6.000       19.000
    15:       11.000        6.000        6.000        6.000        6.000
    20:        1.000        6.000        6.000        6.000        6.000
    25:        1.000        6.000        2.000        4.000       22.000
    30:       24.000       12.000       19.000       11.000        1.000
    35:        6.000        6.000        6.000        6.000        6.000
    40:        6.000        6.000        2.000        4.000       22.000
    45:       24.000       12.000       21.000       22.000       19.000
    50:       11.000        6.000        6.000        6.000        2.000
    55:        4.000       22.000       24.000       12.000       19.000
    60:       11.000        6.000        1.000        6.000        2.000
    65:        4.000       22.000       24.000       12.000        6.000
    70:        6.000       19.000       11.000        2.000        4.000
    75:       22.000       24.000       12.000        6.000        6.000
    80:       19.000       11.000        6.000        6.000        6.000
    85:        6.000        6.000        6.000        6.000        6.000
    90:        6.000        6.000        6.000        6.000        6.000
    95:        6.000        2.000        4.000       22.000       24.000
   100:       12.000       21.000       22.000       21.000       22.000
   105:       19.000       11.000        6.000        6.000        6.000
   110:        6.000        6.000        6.000        2.000        4.000
   115:       22.000       24.000       12.000       19.000       11.000
   120:        2.000        4.000       22.000       24.000       12.000
   125:       19.000       11.000        1.000        2.000        4.000
   130:       22.000       24.000       12.000       19.000       11.000
   135:        6.000        2.000        4.000       22.000       24.000
   140:       12.000        6.000       19.000       11.000        6.000
   145:        6.000        6.000        6.000        2.000        4.000
   150:       22.000       24.000       12.000       21.000       22.000
   155:       21.000       22.000       19.000       11.000        6.000
   160:        6.000        6.000        6.000        6.000        6.000
   165:        6.000        6.000        6.000        6.000        6.000
   170:        6.000        6.000        6.000        6.000        2.000
   175:        4.000       22.000       24.000       12.000       21.000
   180:       22.000       21.000       22.000       19.000       11.000
   185:        6.000        6.000        6.000        6.000        6.000
   190:        6.000        6.000        6.000        6.000        6.000
   195:        1.000        1.000        1.000        1.000        1.000
   200:        6.000        6.000        2.000        4.000       22.000
   205:       24.000       12.000       21.000       22.000       19.000
   210:       11.000        1.000        1.000        6.000        6.000
   215:        6.000        6.000        6.000        6.000        6.000
   220:        2.000        4.000       22.000       24.000       12.000
   225:       21.000       22.000       19.000       11.000        2.000
   230:        4.000       22.000       24.000       12.000       19.000
   235:       11.000        2.000        4.000       22.000       24.000
   240:       12.000        6.000       19.000       11.000        2.000
   245:        4.000       22.000       24.000       12.000       19.000
   250:       11.000        2.000        4.000       22.000       24.000
   255:       12.000       19.000       11.000        2.000        4.000
   260:       22.000       24.000       12.000       21.000       22.000
   265:       21.000       22.000       21.000       22.000       19.000
   270:       11.000        2.000        4.000       22.000       24.000
   275:       12.000       19.000       11.000        2.000        4.000
   280:       22.000       24.000       12.000       19.000       11.000
   285:        2.000        4.000       22.000       24.000       12.000
   290:       19.000       11.000        2.000        4.000       22.000
   295:       24.000       12.000       19.000       11.000        2.000
   300:        4.000       22.000       24.000       12.000       19.000
   305:       11.000        2.000        4.000       22.000       24.000
   310:       12.000       21.000       22.000       19.000       11.000
   315:        2.000        4.000       22.000       24.000       12.000
   320:       19.000       11.000        2.000        4.000       22.000
   325:       24.000       12.000       19.000       11.000        2.000
   330:        4.000       22.000       24.000       12.000       19.000
   335:       11.000        2.000        4.000       22.000       24.000
   340:       12.000       19.000       11.000        2.000        4.000
   345:       22.000       24.000       12.000       21.000       22.000
   350:       19.000       11.000        2.000        4.000       22.000
   355:       24.000       12.000       21.000       22.000       19.000
   360:       11.000        2.000        4.000       22.000       24.000
   365:       12.000       19.000       11.000        2.000        4.000
   370:       22.000       24.000       12.000       19.000       11.000
   375:        2.000        4.000       22.000       24.000       12.000
   380:       19.000       11.000        2.000        4.000       22.000
   385:       24.000       12.000       21.000       22.000       21.000
   390:       22.000       21.000       22.000       19.000       11.000
   395:        2.000        4.000       22.000       24.000       12.000
   400:       19.000       11.000        2.000        4.000       22.000
   405:       24.000       12.000       21.000       22.000       21.000
   410:       22.000       19.000       11.000        2.000        4.000
   415:       22.000       24.000       12.000       19.000       11.000
   420:        2.000        4.000       22.000       24.000       12.000
   425:       19.000       11.000        2.000        4.000       22.000
   430:       24.000       12.000       21.000       22.000       19.000
   435:       11.000        2.000        4.000       22.000       24.000
   440:       12.000       21.000       22.000       19.000       11.000
   445:        2.000        4.000       22.000       24.000       12.000
   450:       19.000       11.000        2.000        4.000       22.000
   455:       24.000       12.000       19.000       11.000        2.000
   460:        4.000       22.000       24.000       12.000       21.000
   465:       22.000       19.000       11.000        2.000        4.000
   470:       22.000       24.000       12.000       21.000       22.000
   475:       21.000       22.000       19.000       11.000        2.000
   480:        4.000       22.000       24.000       12.000       21.000
   485:       22.000       19.000       11.000        2.000        4.000
   490:       22.000       24.000       12.000       19.000       11.000
   495:        2.000        4.000       22.000       24.000       12.000
   500:       19.000       11.000        2.000        4.000       22.000
   505:       24.000       12.000       19.000       11.000        2.000
   510:        4.000       22.000       24.000       12.000       19.000
   515:       11.000        2.000        4.000       22.000       24.000
   520:       12.000       21.000       22.000       19.000       11.000
   525:        2.000        4.000       22.000       24.000       12.000
   530:       19.000       11.000        2.000        4.000       22.000
   535:       24.000       12.000       19.000       11.000        2.000
   540:        4.000       22.000       24.000       12.000       19.000
   545:       11.000        2.000        4.000       22.000       24.000
   550:       12.000       21.000       22.000       21.000       22.000
   555:       19.000       11.000        2.000        4.000       22.000
   560:       24.000       12.000       19.000       11.000        2.000
   565:        4.000       22.000       24.000       12.000       19.000
   570:       11.000        2.000        4.000       22.000       24.000
   575:       12.000       19.000       11.000        2.000        4.000
   580:       22.000       24.000       12.000       21.000       22.000
   585:       19.000       11.000        2.000        4.000       22.000
   590:       24.000       12.000       19.000       11.000        2.000
   595:        4.000       22.000       24.000       12.000       19.000
   600:       11.000        2.000        4.000       22.000       24.000
   605:       12.000       21.000       22.000       21.000       22.000
   610:       19.000       11.000        6.000        6.000        6.000
   615:        6.000        6.000        6.000        6.000        6.000
   620:        6.000        6.000        6.000        6.000        2.000
   625:        4.000       22.000       24.000       12.000       19.000
   630:       11.000        1.000        1.000        1.000        6.000
   635:        2.000        4.000       22.000       24.000       12.000
   640:       21.000       22.000       19.000       11.000        6.000
   645:        6.000        6.000        6.000        6.000        6.000
   650:        6.000        2.000        4.000       22.000       24.000
   655:       12.000       21.000       22.000       19.000       11.000
   660:        6.000        6.000        6.000        6.000        1.000
   665:        2.000        4.000       22.000       24.000       12.000
   670:       21.000       22.000       19.000       11.000        6.000
   675:        1.000        6.000        6.000        6.000        2.000
   680:        4.000       22.000       24.000       12.000       19.000
   685:       11.000        6.000        2.000        4.000       22.000
   690:       24.000       12.000       21.000       22.000       21.000
   695:       22.000       19.000       11.000        6.000        6.000
   700:        2.000        4.000       22.000       24.000       12.000
   705:        6.000        6.000       19.000       11.000        6.000
   710:        6.000        2.000        4.000       22.000       24.000
   715:       12.000       21.000       22.000        6.000       19.000
   720:       11.000        6.000        6.000        2.000        4.000
   725:       22.000       24.000       12.000       21.000       22.000
   730:       21.000       22.000       19.000       11.000        1.000
   735:        6.000        6.000        6.000        6.000        6.000
   740:        6.000        2.000        4.000       22.000       24.000
   745:       12.000       19.000       11.000        1.000        6.000
   750:        6.000        6.000        2.000        4.000       22.000
   755:       24.000       12.000       19.000       11.000        6.000
   760:        6.000        2.000        4.000       22.000       24.000
   765:       12.000       19.000       11.000        6.000      100.000
T:
     0:        0.000        0.000        0.000        0.000       10.670
     5:       17.690       17.690       17.690       17.700       17.700
    10:       17.890       17.890       25.150       25.300       27.690
    15:       27.700       28.180       34.880       35.140       37.440
    20:       47.480       55.840      118.360      174.320      174.370
    25:      179.780      278.220      289.840      289.840      289.840
    30:      289.850      289.850      299.840      299.850      365.820
    35:      404.440      405.930      407.470      408.430      471.620
    40:      474.290      479.160      484.100      484.100      484.100
    45:      484.110      484.110      487.070      487.070      494.100
    50:      494.110      518.180      518.910      519.120      526.870
    55:      526.870      526.870      526.880      526.880      536.870
    60:      536.880      586.920      593.940      869.970      906.870
    65:      906.870      906.870      906.880      906.880      910.880
    70:      911.150      916.870      916.880      928.620      928.620
    75:      928.620      928.630      928.630      938.160      938.590
    80:      938.620      938.630      942.030      948.940      949.420
    85:      953.810      999.530     1009.560     1011.230     1028.470
    90:     1028.950     1136.200     1184.340     1262.540     1270.010
    95:     1273.200     1478.080     1478.080     1478.080     1478.090
   100:     1478.090     1478.530     1478.530     1487.770     1487.770
   105:     1488.080     1488.090     1530.180     1530.910     1610.040
   110:     1610.160     1624.390     1926.070     1979.770     1979.770
   115:     1979.770     1979.780     1979.780     1989.770     1989.780
   120:     2001.490     2001.490     2001.490     2001.500     2001.500
   125:     2011.490     2011.500     2039.540     2047.300     2047.300
   130:     2047.300     2047.310     2047.310     2057.300     2057.310
   135:     2078.060     2095.100     2095.100     2095.100     2095.110
   140:     2095.110     2101.160     2105.100     2105.110     2105.260
   145:     2106.180     2106.340     2106.980     2110.420     2110.420
   150:     2110.420     2110.430     2110.430     2112.310     2112.310
   155:     2114.410     2114.410     2120.420     2120.430     2123.120
   160:     2124.340     2124.600     2127.470     2130.300     2133.860
   165:     2139.390     2140.870     2149.010     2151.870     2152.150
   170:     2152.500     2154.430     2157.950     2159.480     2168.460
   175:     2168.460     2168.460     2168.470     2168.470     2172.130
   180:     2172.130     2176.230     2176.230     2178.460     2178.470
   185:     2191.780     2203.700     2204.640     2219.500     2224.790
   190:     2225.570     2228.790     2245.880     2292.840     2332.960
   195:     2371.290     2377.550     2385.730     2395.410     2395.630
   200:     2420.840     2420.980     2428.750     2428.750     2428.750
   205:     2428.760     2428.760     2428.980     2428.980     2438.750
   210:     2438.760     2465.430     2500.920     2512.560     2518.360
   215:     2524.230     2527.550     2531.420     2531.800     2560.610
   220:     2579.850     2579.850     2579.850     2579.860     2579.860
   225:     2588.130     2588.130     2589.850     2589.860     2590.300
   230:     2590.300     2590.300     2590.310     2590.310     2600.300
   235:     2600.310     2618.690     2618.690     2618.690     2618.700
   240:     2618.700     2626.630     2628.690     2628.700     2632.040
   245:     2632.040     2632.040     2632.050     2632.050     2642.040
   250:     2642.050     2644.810     2644.810     2644.810     2644.820
   255:     2644.820     2654.810     2654.820     2657.430     2657.430
   260:     2657.430     2657.440     2657.440     2661.740     2661.740
   265:     2664.130     2664.130     2665.220     2665.220     2667.430
   270:     2667.440     3226.430     3226.430     3226.430     3226.440
   275:     3226.440     3236.430     3236.440     3390.720     3390.720
   280:     3390.720     3390.730     3390.730     3400.720     3400.730
   285:     3581.760     3581.760     3581.760     3581.770     3581.770
   290:     3591.760     3591.770     3749.680     3749.680     3749.680
   295:     3749.690     3749.690     3759.680     3759.690     3870.250
   300:     3870.250     3870.250     3870.260     3870.260     3880.250
   305:     3880.260     3902.050     3902.050     3902.050     3902.060
   310:     3902.060     3904.080     3904.080     3912.050     3912.060
   315:     4000.680     4000.680     4000.680     4000.690     4000.690
   320:     4010.680     4010.690     4051.340     4051.340     4051.340
   325:     4051.350     4051.350     4061.340     4061.350     4073.580
   330:     4073.580     4073.580     4073.590     4073.590     4083.580
   335:     4083.590     4122.300     4122.300     4122.300     4122.310
   340:     4122.310     4132.300     4132.310     4150.330     4150.330
   345:     4150.330     4150.340     4150.340     4154.790     4154.790
   350:     4160.330     4160.340     4220.910     4220.910     4220.910
   355:     4220.920     4220.920     4223.760     4223.760     4230.910
   360:     4230.920     4261.780     4261.780     4261.780     4261.790
   365:     4261.790     4271.780     4271.790     4330.320     4330.320
   370:     4330.320     4330.330     4330.330     4340.320     4340.330
   375:     4343.200     4343.200     4343.200     4343.210     4343.210
   380:     4353.200     4353.210     4480.550     4480.550     4480.550
   385:     4480.560     4480.560     4480.900     4480.900     4481.980
   390:     4481.980     4482.950     4482.950     4490.550     4490.560
   395:     4494.200     4494.200     4494.200     4494.210     4494.210
   400:     4504.200     4504.210     4554.450     4554.450     4554.450
   405:     4554.460     4554.460     4554.630     4554.630     4555.230
   410:     4555.230     4564.450     4564.460     4584.860     4584.860
   415:     4584.860     4584.870     4584.870     4594.860     4594.870
   420:     4599.460     4599.460     4599.460     4599.470     4599.470
   425:     4609.460     4609.470     4639.980     4639.980     4639.980
   430:     4639.990     4639.990     4645.420     4645.420     4649.980
   435:     4649.990     4714.350     4714.350     4714.350     4714.360
   440:     4714.360     4714.880     4714.880     4724.350     4724.360
   445:     4732.960     4732.960     4732.960     4732.970     4732.970
   450:     4742.960     4742.970     4772.560     4772.560     4772.560
   455:     4772.570     4772.570     4782.560     4782.570     4828.960
   460:     4828.960     4828.960     4828.970     4828.970     4829.470
   465:     4829.470     4838.960     4838.970     4887.500     4887.500
   470:     4887.500     4887.510     4887.510     4887.700     4887.700
   475:     4887.930     4887.930     4897.500     4897.510     4960.170
   480:     4960.170     4960.170     4960.180     4960.180     4961.290
   485:     4961.290     4970.170     4970.180     5014.670     5014.670
   490:     5014.670     5014.680     5014.680     5024.670     5024.680
   495:     5146.570     5146.570     5146.570     5146.580     5146.580
   500:     5156.570     5156.580     5274.170     5274.170     5274.170
   505:     5274.180     5274.180     5284.170     5284.180     5285.490
   510:     5285.490     5285.490     5285.500     5285.500     5295.490
   515:     5295.500     5308.290     5308.290     5308.290     5308.300
   520:     5308.300     5309.740     5309.740     5318.290     5318.300
   525:     5623.810     5623.810     5623.810     5623.820     5623.820
   530:     5633.810     5633.820     5687.170     5687.170     5687.170
   535:     5687.180     5687.180     5697.170     5697.180     5698.040
   540:     5698.040     5698.040     5698.050     5698.050     5708.040
   545:     5708.050     5738.370     5738.370     5738.370     5738.380
   550:     5738.380     5738.890     5738.890     5739.570     5739.570
   555:     5748.370     5748.380     5784.940     5784.940     5784.940
   560:     5784.950     5784.950     5794.940     5794.950     5802.690
   565:     5802.690     5802.690     5802.700     5802.700     5812.690
   570:     5812.700     5885.640     5885.640     5885.640     5885.650
   575:     5885.650     5895.640     5895.650     7097.690     7097.690
   580:     7097.690     7097.700     7097.700     7103.600     7103.600
   585:     7107.690     7107.700     7138.670     7138.670     7138.670
   590:     7138.680     7138.680     7148.670     7148.680     7676.240
   595:     7676.240     7676.240     7676.250     7676.250     7686.240
   600:     7686.250     7703.850     7703.850     7703.850     7703.860
   605:     7703.860     7704.020     7704.020     7705.070     7705.070
   610:     7713.850     7713.860     8176.310     8177.270     8182.020
   615:     8210.080     8211.030     8212.700     8218.550     8218.700
   620:     8273.580     8273.860     8284.730     8286.510     8296.860
   625:     8296.860     8296.860     8296.870     8296.870     8306.860
   630:     8306.870     8312.970     8320.430     8323.100     8357.560
   635:     8389.110     8389.110     8389.110     8389.120     8389.120
   640:     8391.150     8391.150     8399.110     8399.120     8579.010
   645:     8583.080     8591.130     8631.520     8631.740     8633.760
   650:     8635.570     8841.880     8841.880     8841.880     8841.890
   655:     8841.890     8842.880     8842.880     8851.880     8851.890
   660:     8859.200     8861.280     8862.610     8863.940     8957.150
   665:     8970.900     8970.900     8970.900     8970.910     8970.910
   670:     8972.050     8972.050     8980.900     8980.910     8985.660
   675:     9054.630     9093.450     9137.230     9155.710     9244.560
   680:     9244.560     9244.560     9244.570     9244.570     9254.560
   685:     9254.570     9254.580     9294.840     9294.840     9294.840
   690:     9294.850     9294.850     9295.110     9295.110     9295.260
   695:     9295.260     9304.840     9304.850     9392.560     9395.060
   700:     9411.200     9411.200     9411.200     9411.210     9411.210
   705:     9417.680     9417.960     9421.200     9421.210     9514.940
   710:     9518.890     9587.630     9587.630     9587.630     9587.640
   715:     9587.640     9587.860     9587.860     9593.600     9597.630
   720:     9597.640     9626.860     9628.180     9639.570     9639.570
   725:     9639.570     9639.580     9639.580     9639.820     9639.820
   730:     9647.580     9647.580     9649.570     9649.580     9924.950
   735:     9970.670     9973.410     9987.260    10014.380    10037.890
   740:    10038.730    10045.390    10045.390    10045.390    10045.400
   745:    10045.400    10055.390    10055.400    10085.080    10194.710
   750:    10273.410    10274.360    10439.230    10439.230    10439.230
   755:    10439.240    10439.240    10449.230    10449.240    10476.550
   760:    10476.830    10678.770    10678.770    10678.770    10678.780
   765:    10678.780    10688.770    10688.780    10688.940    10800.000
