File: C:\MED-PC\Data\2025-04-01_08h21m_Subject 81.txt


Start Date: 04/01/25
End Date: 04/01/25
Subject: 81
Experiment: OralFentSA
Group: One
Box: 9
Start Time: 08:21:26
End Time: 11:21:43
MSN: Golden_Liq_SelfAdmin_EXT
F:       0.000
G:     120.000
H:   10800.000
I:       0.000
J:       0.000
K:       0.000
L:       0.000
M:       0.000
N:       0.000
O:       0.000
P:       0.000
Q:       0.000
R:       0.000
S:       0.000
U:       0.000
V:       0.000
W:       0.000
X:       0.000
Y:       0.000
Z:       0.000
A:
     0:        0.000        0.000      180.000        4.000        0.000
     5:        5.000        0.000        5.000        0.000        0.000
    10:        1.000        0.000       10.000   100000.000       25.000
    15:       22.000      600.000        0.000        0.000        0.000
    20:        0.000
B:
     0:        0.000        0.000        0.000        0.000        0.000
     5:        0.000        0.000        0.000        0.000        0.000
    10:        0.000        0.000     1000.000 10000000.000        0.000
    15:        0.000        0.000        0.000        0.000        0.000
    20:        0.000
C:
     0:        0.000        9.000       19.000        9.000       39.000
     5:     9688.260        2.740        6.000     2206.560      367.760
    10:        9.000       19.000        0.000        0.000        0.000
    15:        0.000        0.000        0.000        0.000        0.000
    20:        0.000
D:
     0:      331.690        8.420     1411.820       67.990      383.900
     5:        2.740
E:
     0:       19.000       11.000       26.000       27.000        1.000
     5:        6.000        6.000        1.000        6.000        1.000
    10:        2.000        4.000       22.000       24.000       12.000
    15:       21.000       22.000       19.000       11.000        6.000
    20:        6.000        6.000        6.000        6.000        6.000
    25:        6.000        2.000        4.000       22.000       24.000
    30:       12.000        6.000       19.000       11.000        1.000
    35:        1.000        1.000        1.000        2.000        4.000
    40:       22.000       24.000       12.000       19.000       11.000
    45:        2.000        4.000       22.000       24.000       12.000
    50:       19.000       11.000        1.000        6.000        6.000
    55:        6.000        6.000        6.000        6.000        6.000
    60:        6.000        6.000        6.000        6.000        6.000
    65:        6.000        1.000        6.000        6.000        6.000
    70:        6.000        6.000        6.000        2.000        4.000
    75:       22.000       24.000       12.000       19.000       11.000
    80:        6.000        1.000        6.000        6.000        6.000
    85:        2.000        4.000       22.000       24.000       12.000
    90:       19.000       11.000        1.000        1.000        1.000
    95:        1.000        1.000        1.000        6.000        2.000
   100:        4.000       22.000       24.000       12.000       19.000
   105:       11.000        2.000        4.000       22.000       24.000
   110:       12.000        6.000       19.000       11.000        1.000
   115:        1.000        6.000        1.000        6.000        6.000
   120:      100.000
T:
     0:        0.000        0.000        0.000        0.000      136.760
     5:      365.220      365.780      494.290      514.040      580.390
    10:      781.630      781.630      781.630      781.640      781.640
    15:      785.190      785.190      791.630      791.640     1113.330
    20:     1155.480     1159.370     1240.780     1241.410     1283.510
    25:     1357.870     1705.600     1705.600     1705.600     1705.610
    30:     1705.610     1714.030     1715.600     1715.610     1738.100
    35:     1739.930     1746.750     1859.800     1971.380     1971.380
    40:     1971.380     1971.390     1971.390     1981.380     1981.390
    45:     2135.250     2135.250     2135.250     2135.260     2135.260
    50:     2145.250     2145.260     2799.920     3547.080     3612.520
    55:     3948.880     4208.530     4209.040     4209.550     4647.320
    60:     4662.920     4663.000     4663.050     4666.880     4793.940
    65:     4998.130     5420.110     5645.350     5715.950     5760.320
    70:     5760.450     6015.290     6397.840     6778.440     6778.440
    75:     6778.440     6778.450     6778.450     6788.440     6788.450
    80:     6846.440     6924.880     6996.830     7555.210     8494.080
    85:     8638.360     8638.360     8638.360     8638.370     8638.370
    90:     8648.360     8648.370     8663.190     8670.090     8720.970
    95:     8729.960     8737.550     8740.260     9022.270     9213.860
   100:     9213.860     9213.860     9213.870     9213.870     9223.860
   105:     9223.870     9688.250     9688.250     9688.250     9688.260
   110:     9688.260     9691.000     9698.250     9698.260    10144.740
   115:    10146.630    10416.790    10465.210    10670.850    10722.100
   120:    10800.000
