File: C:\MED-PC\Data\2025-03-27_12h02m_Subject 85.txt


Start Date: 03/27/25
End Date: 03/27/25
Subject: 85
Experiment: OralFentSA
Group: One
Box: 1
Start Time: 12:02:38
End Time: 15:03:56
MSN: Golden_Liq_SelfAdmin_EXT
F:       0.000
G:     745.000
H:   10800.000
I:       0.000
J:       0.000
K:       0.000
L:       0.000
M:       0.000
N:       0.000
O:       0.000
P:       0.000
Q:       0.000
R:       0.000
S:       0.000
U:       0.000
V:       0.000
W:       0.000
X:       0.000
Y:       0.000
Z:       0.000
A:
     0:        0.000        0.000      180.000        4.000        0.000
     5:        5.000        0.000        5.000        0.000        0.000
    10:        1.000        0.000       10.000   100000.000       22.000
    15:       19.000      600.000        0.000        0.000        0.000
    20:        0.000
B:
     0:        0.000        0.000        0.000        0.000        0.000
     5:        0.000        0.000        0.000        0.000        0.000
    10:        0.000        0.000     1000.000 10000000.000        0.000
    15:        0.000        0.000        0.000        0.000        0.000
    20:        0.000
C:
     0:        0.000       60.000       25.000       85.000      251.000
     5:    10649.910       31.310       39.000     2455.230       62.955
    10:       85.000       25.000        0.000        0.000        0.000
    15:        0.000        0.000        0.000        0.000        0.000
    20:        0.000
D:
     0:      250.120       21.410       26.850       85.970      310.630
     5:       20.580       79.330      169.390       88.460       37.360
    10:       34.260       21.140       10.010       47.720       67.830
    15:       47.800       95.140       57.950        8.110       85.430
    20:       57.730        8.170       62.880       47.280       21.910
    25:        7.660       91.430       31.350       67.580       70.380
    30:       15.360       50.060      225.670       28.830       32.510
    35:        3.110       31.870        4.650       31.310
E:
     0:       19.000       11.000       26.000       27.000        6.000
     5:        6.000        2.000        4.000       22.000       24.000
    10:       12.000       21.000       22.000       19.000       11.000
    15:        6.000        6.000        6.000        6.000        6.000
    20:        6.000        6.000        6.000        6.000        6.000
    25:        1.000        2.000        4.000       22.000       24.000
    30:       12.000       19.000       11.000        6.000        6.000
    35:        6.000        6.000        6.000        6.000        6.000
    40:        6.000        6.000        6.000        6.000        6.000
    45:        6.000        6.000        1.000        2.000        4.000
    50:       22.000       24.000       12.000       19.000       11.000
    55:        6.000        6.000        6.000        6.000        6.000
    60:        6.000        6.000        6.000        6.000        6.000
    65:        6.000        6.000        6.000        6.000        6.000
    70:        6.000        6.000        6.000        6.000        2.000
    75:        4.000       22.000       24.000       12.000       19.000
    80:       11.000        1.000        6.000        2.000        4.000
    85:       22.000       24.000       12.000       21.000       22.000
    90:       19.000       11.000        6.000        1.000        2.000
    95:        4.000       22.000       24.000       12.000       19.000
   100:       11.000        6.000        6.000        6.000        6.000
   105:        6.000        6.000        2.000        4.000       22.000
   110:       24.000       12.000       19.000       11.000        1.000
   115:        6.000        6.000        6.000        6.000        6.000
   120:        2.000        4.000       22.000       24.000       12.000
   125:       21.000       22.000       19.000       11.000        1.000
   130:        1.000        6.000        6.000        6.000        6.000
   135:        6.000        6.000        2.000        4.000       22.000
   140:       24.000       12.000       21.000       22.000       19.000
   145:       11.000        1.000        6.000        6.000        2.000
   150:        4.000       22.000       24.000       12.000       21.000
   155:       22.000       21.000       22.000       19.000       11.000
   160:        6.000        6.000        6.000        6.000        1.000
   165:        6.000        6.000        6.000        6.000        6.000
   170:        6.000        6.000        6.000        2.000        4.000
   175:       22.000       24.000       12.000       21.000       22.000
   180:       19.000       11.000        2.000        4.000       22.000
   185:       24.000       12.000       21.000       22.000       19.000
   190:       11.000        2.000        4.000       22.000       24.000
   195:       12.000       19.000       11.000        6.000        6.000
   200:        1.000        6.000        1.000        2.000        4.000
   205:       22.000       24.000       12.000       19.000       11.000
   210:        6.000        6.000        6.000        6.000        6.000
   215:        6.000        6.000        2.000        4.000       22.000
   220:       24.000       12.000       21.000       22.000       21.000
   225:       22.000       19.000       11.000        6.000        6.000
   230:        2.000        4.000       22.000       24.000       12.000
   235:       21.000       22.000       19.000       11.000        2.000
   240:        4.000       22.000       24.000       12.000       19.000
   245:       11.000        1.000        2.000        4.000       22.000
   250:       24.000       12.000       19.000       11.000        6.000
   255:        6.000        6.000        6.000        6.000        6.000
   260:        6.000        6.000        6.000        6.000        6.000
   265:        6.000        6.000        6.000        6.000        2.000
   270:        4.000       22.000       24.000       12.000       19.000
   275:       11.000        2.000        4.000       22.000       24.000
   280:       12.000       21.000       22.000       19.000       11.000
   285:        1.000        1.000        6.000        6.000        6.000
   290:        6.000        6.000        6.000        6.000        6.000
   295:        6.000        6.000        6.000        6.000        6.000
   300:        6.000        2.000        4.000       22.000       24.000
   305:       12.000       19.000       11.000        6.000        6.000
   310:        2.000        4.000       22.000       24.000       12.000
   315:       21.000       22.000       21.000       22.000       19.000
   320:       11.000        1.000        6.000        6.000        6.000
   325:        6.000        6.000        6.000        1.000        2.000
   330:        4.000       22.000       24.000       12.000       19.000
   335:       11.000        2.000        4.000       22.000       24.000
   340:       12.000       19.000       11.000        6.000        6.000
   345:        2.000        4.000       22.000       24.000       12.000
   350:        6.000        6.000        6.000       19.000       11.000
   355:        6.000        6.000        6.000        6.000        2.000
   360:        4.000       22.000       24.000       12.000       19.000
   365:       11.000        1.000        6.000        6.000        6.000
   370:        6.000        6.000        6.000        6.000        6.000
   375:        6.000        6.000        6.000        2.000        4.000
   380:       22.000       24.000       12.000       21.000       22.000
   385:       19.000       11.000        2.000        4.000       22.000
   390:       24.000       12.000       21.000       22.000       21.000
   395:       22.000       19.000       11.000        2.000        4.000
   400:       22.000       24.000       12.000       19.000       11.000
   405:        2.000        4.000       22.000       24.000       12.000
   410:       21.000       22.000       19.000       11.000        6.000
   415:        2.000        4.000       22.000       24.000       12.000
   420:       21.000       22.000       19.000       11.000        1.000
   425:        2.000        4.000       22.000       24.000       12.000
   430:       21.000       22.000       21.000       22.000        6.000
   435:        6.000        6.000        6.000       19.000       11.000
   440:        6.000        6.000        6.000        2.000        4.000
   445:       22.000       24.000       12.000       19.000       11.000
   450:        6.000        6.000        6.000        6.000        2.000
   455:        4.000       22.000       24.000       12.000       19.000
   460:       11.000        2.000        4.000       22.000       24.000
   465:       12.000       19.000       11.000        2.000        4.000
   470:       22.000       24.000       12.000       19.000       11.000
   475:        2.000        4.000       22.000       24.000       12.000
   480:       19.000       11.000        2.000        4.000       22.000
   485:       24.000       12.000       19.000       11.000        6.000
   490:        6.000        2.000        4.000       22.000       24.000
   495:       12.000       19.000       11.000        2.000        4.000
   500:       22.000       24.000       12.000       19.000       11.000
   505:        6.000        6.000        6.000        2.000        4.000
   510:       22.000       24.000       12.000       21.000       22.000
   515:        6.000       19.000       11.000        6.000        6.000
   520:        6.000        6.000        6.000        2.000        4.000
   525:       22.000       24.000       12.000       19.000       11.000
   530:        1.000        1.000        6.000        6.000        1.000
   535:        6.000        2.000        4.000       22.000       24.000
   540:       12.000       19.000       11.000        6.000        6.000
   545:        6.000        6.000        6.000        6.000        2.000
   550:        4.000       22.000       24.000       12.000       19.000
   555:       11.000        6.000        2.000        4.000       22.000
   560:       24.000       12.000       19.000       11.000        1.000
   565:        6.000        2.000        4.000       22.000       24.000
   570:       12.000       19.000       11.000        6.000        6.000
   575:        6.000        2.000        4.000       22.000       24.000
   580:       12.000       19.000       11.000        2.000        4.000
   585:       22.000       24.000       12.000       19.000       11.000
   590:        2.000        4.000       22.000       24.000       12.000
   595:       19.000       11.000        6.000        6.000        6.000
   600:        6.000        6.000        6.000        6.000        6.000
   605:        6.000        6.000        6.000        6.000        2.000
   610:        4.000       22.000       24.000       12.000       19.000
   615:       11.000        6.000        6.000        6.000        6.000
   620:        6.000        6.000        1.000        6.000        6.000
   625:        6.000        2.000        4.000       22.000       24.000
   630:       12.000       21.000       22.000       19.000       11.000
   635:        2.000        4.000       22.000       24.000       12.000
   640:       21.000       22.000       19.000       11.000        2.000
   645:        4.000       22.000       24.000       12.000       21.000
   650:       22.000       19.000       11.000        2.000        4.000
   655:       22.000       24.000       12.000       19.000       11.000
   660:        6.000        6.000        6.000        6.000        6.000
   665:        6.000        6.000        6.000        1.000        2.000
   670:        4.000       22.000       24.000       12.000       19.000
   675:       11.000        6.000        6.000        6.000        6.000
   680:        6.000        6.000        2.000        4.000       22.000
   685:       24.000       12.000       21.000       22.000        6.000
   690:        6.000        6.000       19.000       11.000        2.000
   695:        4.000       22.000       24.000       12.000       19.000
   700:       11.000        6.000        6.000        6.000        6.000
   705:        1.000        6.000        6.000        6.000        6.000
   710:        6.000        6.000        6.000        6.000        2.000
   715:        4.000       22.000       24.000       12.000        6.000
   720:       19.000       11.000        6.000        6.000        6.000
   725:        6.000        6.000        6.000        6.000        6.000
   730:        2.000        4.000       22.000       24.000       12.000
   735:       19.000       11.000        6.000        6.000        6.000
   740:        6.000        6.000        6.000        6.000        6.000
   745:      100.000
T:
     0:        0.000        0.000        0.000        0.000       54.880
     5:       55.120       63.880       63.880       63.880       63.890
    10:       63.890       64.320       64.320       73.880       73.890
    15:      314.010      314.470      366.770      367.090      367.270
    20:      370.030      370.490      378.880      384.390      386.460
    25:      481.510      546.890      546.890      546.890      546.900
    30:      546.900      556.890      556.900      568.310      568.610
    35:      570.510      571.510      577.090      577.190      577.380
    40:      577.750      578.520      580.140      580.730      583.840
    45:      585.860      587.430      804.090      823.480      823.480
    50:      823.480      823.490      823.490      833.480      833.490
    55:      850.340      850.750      851.200      851.260      851.290
    60:      851.500      851.550      851.610      851.670      851.750
    65:      851.780      851.840      852.070      852.120      852.350
    70:      852.800      853.270      853.940      865.420      888.740
    75:      888.740      888.740      888.750      888.750      898.740
    80:      898.750      958.010      974.720      999.130      999.130
    85:      999.130      999.140      999.140     1001.510     1001.510
    90:     1009.130     1009.140     1309.770     1342.430     1374.120
    95:     1374.120     1374.120     1374.130     1374.130     1384.120
   100:     1384.130     1394.710     1402.800     1404.350     1404.970
   105:     1538.180     1542.870     1550.420     1550.420     1550.420
   110:     1550.430     1550.430     1560.420     1560.430     1564.600
   115:     1629.760     1630.000     1648.500     1648.630     1649.060
   120:     1730.440     1730.440     1730.440     1730.450     1730.450
   125:     1732.570     1732.570     1740.440     1740.450     1749.850
   130:     1750.910     1899.840     1900.130     1908.590     1908.780
   135:     1908.920     1925.370     1985.660     1985.660     1985.660
   140:     1985.670     1985.670     1991.560     1991.560     1995.660
   145:     1995.670     2000.440     2074.130     2074.460     2183.950
   150:     2183.950     2183.950     2183.960     2183.960     2184.250
   155:     2184.250     2184.280     2184.280     2193.950     2193.960
   160:     2221.320     2222.680     2545.530     2553.470     2692.730
   165:     2789.340     2790.500     2790.570     2791.670     2953.980
   170:     3011.470     3012.180     3012.530     3025.320     3025.320
   175:     3025.320     3025.330     3025.330     3025.860     3025.860
   180:     3035.320     3035.330     3036.610     3036.610     3036.610
   185:     3036.620     3036.620     3036.990     3036.990     3046.610
   190:     3046.620     3048.120     3048.120     3048.120     3048.130
   195:     3048.130     3058.120     3058.130     3082.390     3091.940
   200:     3126.320     3536.370     3574.290     3583.530     3583.530
   205:     3583.530     3583.540     3583.540     3593.530     3593.540
   210:     3604.680     3605.030     3693.980     3694.280     3906.410
   215:     3908.750     3909.280     3999.560     3999.560     3999.560
   220:     3999.570     3999.570     3999.850     3999.850     4004.250
   225:     4004.250     4009.560     4009.570     4009.580     4009.720
   230:     4037.230     4037.230     4037.230     4037.240     4037.240
   235:     4043.940     4043.940     4047.230     4047.240     4052.130
   240:     4052.130     4052.130     4052.140     4052.140     4062.130
   245:     4062.140     4070.160     4079.860     4079.860     4079.860
   250:     4079.870     4079.870     4089.860     4089.870     4127.590
   255:     4741.540     4778.020     4778.180     4778.460     4786.900
   260:     4792.510     4792.820     4793.250     4801.420     4804.930
   265:     4810.570     4812.320     4818.980     4819.370     4841.210
   270:     4841.210     4841.210     4841.220     4841.220     4851.210
   275:     4851.220     4867.770     4867.770     4867.770     4867.780
   280:     4867.780     4874.100     4874.100     4877.770     4877.780
   285:     4883.830     4899.090     4935.610     4949.480     4951.550
   290:     4955.140     4958.970     4962.640     4968.020     4969.380
   295:     4972.290     4985.700     4986.910     4987.250     4988.060
   300:     4989.000     5000.510     5000.510     5000.510     5000.520
   305:     5000.520     5010.510     5010.520     5048.320     5048.560
   310:     5130.020     5130.020     5130.020     5130.030     5130.030
   315:     5131.510     5131.510     5132.460     5132.460     5140.020
   320:     5140.030     5154.890     5225.170     5225.330     5290.050
   325:     5290.200     5374.680     5385.890     5409.370     5424.530
   330:     5424.530     5424.530     5424.540     5424.540     5434.530
   335:     5434.540     5455.180     5455.180     5455.180     5455.190
   340:     5455.190     5465.180     5465.190     5513.140     5515.760
   345:     5537.620     5537.620     5537.620     5537.630     5537.630
   350:     5545.740     5545.840     5546.150     5547.620     5547.630
   355:     5549.710     5550.490     5561.520     5562.530     5580.570
   360:     5580.570     5580.570     5580.580     5580.580     5590.570
   365:     5590.580     5619.060     5666.010     5666.870     5668.560
   370:     6209.090     6209.350     6241.640     6297.990     6298.050
   375:     6298.380     6298.530     6314.900     6381.910     6381.910
   380:     6381.910     6381.920     6381.920     6389.590     6389.590
   385:     6391.910     6391.920     6398.340     6398.340     6398.340
   390:     6398.350     6398.350     6401.230     6401.230     6401.430
   395:     6401.430     6408.340     6408.350     6425.260     6425.260
   400:     6425.260     6425.270     6425.270     6435.260     6435.270
   405:     6448.730     6448.730     6448.730     6448.740     6448.740
   410:     6455.680     6455.680     6458.730     6458.740     6506.470
   415:     6542.300     6542.300     6542.300     6542.310     6542.310
   420:     6544.980     6544.980     6552.300     6552.310     6647.580
   425:     6696.130     6696.130     6696.130     6696.140     6696.140
   430:     6698.830     6698.830     6702.440     6702.440     6704.310
   435:     6704.380     6704.880     6706.020     6706.130     6706.140
   440:     6712.790     6712.890     6715.440     6749.240     6749.240
   445:     6749.240     6749.250     6749.250     6759.240     6759.250
   450:     6812.130     6815.960     6816.620     6818.060     6859.880
   455:     6859.880     6859.880     6859.890     6859.890     6869.880
   460:     6869.890     6873.640     6873.640     6873.640     6873.650
   465:     6873.650     6883.640     6883.650     6910.990     6910.990
   470:     6910.990     6911.000     6911.000     6920.990     6921.000
   475:     6995.890     6995.890     6995.890     6995.900     6995.900
   480:     7005.890     7005.900     7443.610     7443.610     7443.610
   485:     7443.620     7443.620     7453.610     7453.620     7490.900
   490:     7499.590     7525.450     7525.450     7525.450     7525.460
   495:     7525.460     7535.450     7535.460     7539.250     7539.250
   500:     7539.250     7539.260     7539.260     7549.250     7549.260
   505:     7561.170     7563.560     7563.600     7586.300     7586.300
   510:     7586.300     7586.310     7586.310     7586.490     7586.490
   515:     7593.970     7596.300     7596.310     7616.100     7617.090
   520:     7626.760     7692.990     7725.980     7746.570     7746.570
   525:     7746.570     7746.580     7746.580     7756.570     7756.580
   530:     7784.140     7785.600     7838.010     7857.490     7924.350
   535:     7960.150     7971.440     7971.440     7971.440     7971.450
   540:     7971.450     7981.440     7981.450     8002.800     8003.010
   545:     8103.540     8121.780     8199.070     8278.060     8309.970
   550:     8309.970     8309.970     8309.980     8309.980     8319.970
   555:     8319.980     8377.560     8389.410     8389.410     8389.410
   560:     8389.420     8389.420     8399.410     8399.420     8418.570
   565:     8459.800     8465.870     8465.870     8465.870     8465.880
   570:     8465.880     8475.870     8475.880     8481.240     8495.290
   575:     8495.690     8552.190     8552.190     8552.190     8552.200
   580:     8552.200     8562.190     8562.200     8568.020     8568.020
   585:     8568.020     8568.030     8568.030     8578.020     8578.030
   590:     8583.980     8583.980     8583.980     8583.990     8583.990
   595:     8593.980     8593.990     8634.050     8634.480     8634.660
   600:     8639.730     8667.570     8718.320     8722.610     8723.190
   605:     8723.290     8724.240     8726.860     8733.550     8739.200
   610:     8739.200     8739.200     8739.210     8739.210     8749.200
   615:     8749.210     8964.880     8972.430     8976.200     9006.080
   620:     9101.240     9106.250     9149.800     9239.020     9240.280
   625:     9251.440     9260.710     9260.710     9260.710     9260.720
   630:     9260.720     9260.920     9260.920     9270.710     9270.720
   635:     9272.240     9272.240     9272.240     9272.250     9272.250
   640:     9281.900     9281.900     9282.240     9282.250     9683.890
   645:     9683.890     9683.890     9683.900     9683.900     9687.160
   650:     9687.160     9693.890     9693.900     9711.670     9711.670
   655:     9711.670     9711.680     9711.680     9721.670     9721.680
   660:     9740.510     9763.890     9908.510     9909.000     9910.330
   665:     9936.820    10001.270    10001.700    10152.580    10172.500
   670:    10172.500    10172.500    10172.510    10172.510    10182.500
   675:    10182.510    10205.020    10205.220    10226.200    10256.750
   680:    10322.500    10323.990    10345.860    10345.860    10345.860
   685:    10345.870    10345.870    10346.190    10346.190    10348.980
   690:    10349.430    10351.660    10355.860    10355.870    10421.660
   695:    10421.660    10421.660    10421.670    10421.670    10431.660
   700:    10431.670    10453.540    10453.770    10466.370    10466.660
   705:    10523.180    10578.460    10584.110    10587.670    10587.820
   710:    10588.770    10590.580    10598.450    10599.280    10606.350
   715:    10606.350    10606.350    10606.360    10606.360    10611.010
   720:    10616.350    10616.360    10617.460    10621.210    10624.360
   725:    10625.170    10626.310    10627.470    10631.000    10633.310
   730:    10649.900    10649.900    10649.900    10649.910    10649.910
   735:    10659.900    10659.910    10681.220    10681.610    10723.570
   740:    10745.450    10747.150    10754.470    10757.840    10759.550
   745:    10800.000
