File: C:\MED-PC\Data\2025-03-17_08h54m_Subject 83.txt


Start Date: 03/17/25
End Date: 03/17/25
Subject: 83
Experiment: OralFentSA
Group: One
Box: 11
Start Time: 08:54:22
End Time: 11:54:32
MSN: 20241014_Golden_Liq_SelfAdmin
F:       0.000
G:     635.000
H:   10800.000
I:       0.000
J:       0.000
K:       0.000
L:       0.000
M:       0.000
N:       0.000
O:       0.000
P:       0.000
Q:       0.000
R:       0.000
S:       0.000
U:       0.000
V:       0.000
W:       0.000
X:       0.000
Y:       0.000
Z:       0.000
A:
     0:        0.000        0.000      180.000        4.000        0.000
     5:        5.000        0.000        5.000        0.000        0.000
    10:        1.000        0.000       10.000 30000000.000       23.000
    15:       15.000      640.000        0.000        0.000        0.000
    20:        0.000
B:
     0:        0.000        0.000        0.000      400.000        0.000
     5:      500.000        0.000      500.000        0.000        0.000
    10:        0.000        0.000     1000.000 3000000000.000        0.000
    15:        0.000        0.000        0.000        0.000        0.000
    20:        0.000
C:
     0:       20.000       21.000        8.000       30.000      323.000
     5:     9800.040       33.250       17.000      438.060       25.768
    10:       30.000        8.000        0.000        0.000        0.000
    15:        0.000        0.000        0.000        0.000        0.000
    20:        0.000
D:
     0:        2.170        2.030       21.400        2.350        8.340
     5:        1.230        8.790        7.660        8.040       30.250
    10:      100.570        2.270       36.240       88.040       72.060
    15:       13.370       33.250
E:
     0:       19.000       11.000       26.000       27.000        2.000
     5:        4.000       22.000       24.000       12.000       13.000
    10:        8.000        5.000       17.000        6.000       18.000
    15:       14.000       10.000       19.000       11.000        6.000
    20:        6.000        6.000        6.000        6.000        6.000
    25:        6.000        6.000        6.000        6.000        6.000
    30:        6.000        1.000        6.000        6.000        6.000
    35:        6.000        6.000        6.000        6.000        2.000
    40:        4.000       22.000       24.000       12.000       13.000
    45:        8.000        5.000       17.000        6.000       18.000
    50:       14.000       10.000       19.000       11.000        2.000
    55:        4.000       22.000       24.000       12.000       13.000
    60:        8.000        5.000       17.000       18.000       14.000
    65:       10.000       19.000       11.000        6.000        6.000
    70:        6.000        6.000        6.000        6.000        6.000
    75:        6.000        2.000        4.000       22.000       24.000
    80:       12.000       13.000        8.000        5.000       17.000
    85:        6.000        6.000       18.000       14.000       10.000
    90:       19.000       11.000        6.000        6.000        6.000
    95:        6.000        6.000        6.000        6.000        2.000
   100:        4.000       22.000       24.000       12.000       13.000
   105:        8.000        5.000       17.000       18.000       14.000
   110:       10.000       19.000       11.000        2.000        4.000
   115:       22.000       24.000       12.000       13.000        8.000
   120:        5.000       17.000       18.000       14.000       10.000
   125:        6.000       19.000       11.000        6.000        6.000
   130:        6.000        6.000        6.000        6.000        6.000
   135:        2.000        4.000       22.000       24.000       12.000
   140:       13.000        8.000        5.000       17.000        6.000
   145:        6.000        6.000        6.000        6.000       18.000
   150:       14.000       10.000        6.000       19.000       11.000
   155:        6.000        6.000        6.000        6.000        6.000
   160:        2.000        4.000       22.000       24.000       12.000
   165:       13.000        8.000        5.000       17.000       18.000
   170:       14.000       10.000        6.000        6.000       19.000
   175:       11.000        6.000        6.000        6.000        6.000
   180:        6.000        6.000        6.000        6.000        6.000
   185:        6.000        6.000        6.000        6.000        6.000
   190:        6.000        6.000        6.000        6.000        6.000
   195:        6.000        6.000        6.000        6.000        6.000
   200:        6.000        6.000        6.000        6.000        6.000
   205:        6.000        6.000        6.000        6.000        6.000
   210:        6.000        6.000        6.000        6.000        6.000
   215:        6.000        6.000        6.000        6.000        6.000
   220:        6.000        6.000        6.000        6.000        6.000
   225:        6.000        6.000        6.000        6.000        6.000
   230:        6.000        6.000        6.000        6.000        6.000
   235:        6.000        6.000        6.000        6.000        6.000
   240:        6.000        6.000        6.000        6.000        6.000
   245:        6.000        6.000        6.000        6.000        6.000
   250:        6.000        6.000        6.000        6.000        6.000
   255:        6.000        6.000        6.000        6.000        6.000
   260:        6.000        6.000        6.000        6.000        6.000
   265:        6.000        2.000        4.000       22.000       24.000
   270:       12.000       13.000        8.000        5.000       17.000
   275:       18.000       14.000       10.000        6.000       19.000
   280:       11.000        6.000        6.000        6.000        6.000
   285:        6.000        2.000        4.000       22.000       24.000
   290:       12.000       13.000        8.000        5.000       17.000
   295:       18.000       14.000       10.000        6.000        6.000
   300:        6.000       19.000       11.000        6.000        6.000
   305:        6.000        6.000        6.000        6.000        6.000
   310:        6.000        6.000        6.000        6.000        6.000
   315:        6.000        6.000        6.000        6.000        6.000
   320:        1.000        6.000        6.000        1.000        1.000
   325:        6.000        6.000        6.000        6.000        6.000
   330:        6.000        6.000        6.000        6.000        6.000
   335:        6.000        6.000        6.000        6.000        6.000
   340:        2.000        4.000       22.000       24.000       12.000
   345:       13.000        8.000        5.000       17.000       18.000
   350:       14.000       10.000       19.000       11.000        6.000
   355:        6.000        6.000        6.000        6.000        6.000
   360:        2.000        4.000       22.000       24.000       12.000
   365:       13.000        8.000        5.000       17.000       21.000
   370:       22.000       18.000       14.000       10.000       19.000
   375:       11.000        1.000        1.000        1.000        6.000
   380:        2.000        4.000       22.000       24.000       12.000
   385:       13.000        8.000        5.000       17.000       18.000
   390:       14.000       10.000       19.000       11.000        2.000
   395:        4.000       22.000       24.000       12.000       13.000
   400:        8.000        5.000       17.000       21.000       22.000
   405:        6.000        6.000       18.000       21.000       22.000
   410:       14.000       10.000       21.000       22.000       21.000
   415:       22.000       21.000       22.000       19.000       11.000
   420:        6.000        6.000        6.000        6.000        6.000
   425:        6.000        2.000        4.000       22.000       24.000
   430:       12.000       13.000        8.000        5.000       17.000
   435:       18.000       14.000       10.000       19.000       11.000
   440:        2.000        4.000       22.000       24.000       12.000
   445:       13.000        8.000        5.000       17.000       21.000
   450:       22.000       18.000       14.000       10.000       19.000
   455:       11.000        6.000        6.000        6.000        6.000
   460:        6.000        6.000        6.000        6.000        6.000
   465:        6.000        6.000        6.000        6.000        6.000
   470:        2.000        4.000       22.000       24.000       12.000
   475:       13.000        8.000        5.000       17.000       18.000
   480:       14.000       10.000       19.000       11.000        6.000
   485:        6.000        6.000        6.000        6.000        6.000
   490:        6.000        2.000        4.000       22.000       24.000
   495:       12.000       13.000        8.000        5.000       17.000
   500:       21.000       22.000       18.000       14.000       10.000
   505:       19.000       11.000        6.000        6.000        6.000
   510:        6.000        6.000        6.000        6.000        6.000
   515:        6.000        6.000        6.000        6.000        6.000
   520:        6.000        6.000        6.000        6.000        6.000
   525:        6.000        6.000        6.000        6.000        6.000
   530:        6.000        6.000        6.000        6.000        6.000
   535:        6.000        6.000        6.000        6.000        6.000
   540:        6.000        6.000        6.000        6.000        6.000
   545:        6.000        6.000        6.000        6.000        6.000
   550:        6.000        6.000        6.000        6.000        6.000
   555:        6.000        6.000        6.000        6.000        6.000
   560:        6.000        6.000        6.000        6.000        6.000
   565:        6.000        6.000        6.000        6.000        6.000
   570:        6.000        6.000        6.000        6.000        6.000
   575:        6.000        6.000        6.000        6.000        6.000
   580:        6.000        6.000        6.000        6.000        6.000
   585:        6.000        6.000        6.000        6.000        6.000
   590:        6.000        2.000        4.000       22.000       24.000
   595:       12.000       13.000        8.000        5.000       17.000
   600:       18.000       21.000       22.000       14.000       10.000
   605:       19.000       11.000        6.000        6.000        6.000
   610:        2.000        4.000       22.000       24.000       12.000
   615:       13.000        8.000        5.000       17.000       21.000
   620:       22.000       18.000       14.000       10.000       19.000
   625:       11.000        6.000        6.000        6.000        1.000
   630:        6.000        6.000        6.000        6.000        6.000
   635:      100.000
T:
     0:        0.000        0.000        0.000        0.000       31.600
     5:       31.600       31.600       31.610       31.610       31.610
    10:       31.610       31.610       31.610       33.780       35.610
    15:       36.610       36.610       41.600       41.610      135.090
    20:      135.390      138.920      139.080      140.220      140.400
    25:      140.500      140.540      140.610      144.880      145.030
    30:      145.150      231.410      259.970      260.050      262.750
    35:      271.860      275.640      275.850      275.970      368.230
    40:      368.230      368.230      368.240      368.240      368.240
    45:      368.240      368.240      368.240      370.270      372.240
    50:      373.240      373.240      378.230      378.240      397.960
    55:      397.960      397.960      397.970      397.970      397.970
    60:      397.970      397.970      397.970      401.970      402.970
    65:      402.970      407.960      407.970      419.370      419.500
    70:      420.910      421.100      421.140      421.340      421.380
    75:      421.750      594.560      594.560      594.560      594.570
    80:      594.570      594.570      594.570      594.570      594.570
    85:      596.920      597.330      598.570      599.570      599.570
    90:      604.560      604.570      624.570      625.390      625.700
    95:      625.900      626.450      626.670      627.790      669.110
   100:      669.110      669.110      669.120      669.120      669.120
   105:      669.120      669.120      669.120      673.120      674.120
   110:      674.120      679.110      679.120      831.660      831.660
   115:      831.660      831.670      831.670      831.670      831.670
   120:      831.670      831.670      835.670      836.670      836.670
   125:      840.010      841.660      841.670     1081.790     1091.120
   130:     1092.540     1093.670     1093.740     1093.760     1093.800
   135:     1122.020     1122.020     1122.020     1122.030     1122.030
   140:     1122.030     1122.030     1122.030     1122.030     1123.260
   145:     1123.350     1123.850     1123.880     1123.910     1126.030
   150:     1127.030     1127.030     1131.800     1132.020     1132.030
   155:     1133.090     1133.180     1133.530     1135.800     1264.420
   160:     1331.840     1331.840     1331.840     1331.850     1331.850
   165:     1331.850     1331.850     1331.850     1331.850     1335.850
   170:     1336.850     1336.850     1340.640     1341.780     1341.840
   175:     1341.850     1346.840     1347.460     1456.700     1463.840
   180:     1464.520     1464.770     1465.680     1466.210     1468.720
   185:     1473.080     1473.340     1473.360     1474.300     1474.470
   190:     1474.560     1474.660     1475.720     1475.790     1475.880
   195:     1476.220     1476.320     1476.350     1476.420     1476.470
   200:     1476.620     1476.670     1476.860     1478.530     1478.850
   205:     1478.890     1479.130     1479.260     1479.580     1479.630
   210:     1479.880     1479.920     1484.550     1484.860     1485.370
   215:     1492.150     1492.330     1495.040     1495.410     1495.470
   220:     1495.710     1496.200     1496.240     1497.540     1498.160
   225:     1498.430     1499.130     1499.400     1499.460     1499.490
   230:     1499.660     1500.150     1500.230     1500.460     1501.210
   235:     1506.600     1506.670     1506.700     1506.740     1507.300
   240:     1507.630     1508.320     1508.340     1508.970     1509.320
   245:     1509.640     1553.710     1554.340     1554.420     1617.260
   250:     1617.470     1617.500     1621.960     1622.450     1622.470
   255:     1623.420     2746.130     2753.120     2754.000     2756.180
   260:     2939.700     5817.030     5817.210     5831.460     5877.850
   265:     5884.280     5894.620     5894.620     5894.620     5894.630
   270:     5894.630     5894.630     5894.630     5894.630     5894.630
   275:     5898.630     5899.630     5899.630     5902.290     5904.620
   280:     5904.630     5969.370     5979.160     5979.230     5984.850
   285:     5993.130     5997.390     5997.390     5997.390     5997.400
   290:     5997.400     5997.400     5997.400     5997.400     5997.400
   295:     6001.400     6002.400     6002.400     6005.440     6005.610
   300:     6006.450     6007.390     6007.400     6018.300     6839.650
   305:     6840.170     6840.970     6841.010     6841.370     6841.390
   310:     6841.820     6841.880     6843.880     6844.430     6844.860
   315:     6844.930     6845.400     6845.650     6846.000     6846.660
   320:     7053.190     7087.430     7099.370     7220.150     7221.440
   325:     7270.070     7270.130     7279.090     7290.830     7290.910
   330:     7291.120     7291.220     7291.540     7291.660     7292.190
   335:     7292.590     7293.080     7293.340     7293.370     7293.890
   340:     7648.140     7648.140     7648.140     7648.150     7648.150
   345:     7648.150     7648.150     7648.150     7648.150     7652.150
   350:     7653.150     7653.150     7658.140     7658.150     7678.400
   355:     8054.410     8057.180     8060.110     8115.700     8118.370
   360:     8132.530     8132.530     8132.530     8132.540     8132.540
   365:     8132.540     8132.540     8132.540     8132.540     8133.600
   370:     8133.600     8136.540     8137.540     8137.540     8142.530
   375:     8142.540     8152.970     8153.590     8155.160     8233.110
   380:     8290.740     8290.740     8290.740     8290.750     8290.750
   385:     8290.750     8290.750     8290.750     8290.750     8294.750
   390:     8295.750     8295.750     8300.740     8300.750     8414.970
   395:     8414.970     8414.970     8414.980     8414.980     8414.980
   400:     8414.980     8414.980     8414.980     8415.840     8415.840
   405:     8417.250     8418.160     8418.980     8419.950     8419.950
   410:     8419.980     8419.980     8420.780     8420.780     8420.990
   415:     8420.990     8421.140     8421.140     8424.970     8424.980
   420:     8447.000     8449.210     8451.000     8452.910     8454.150
   425:     8455.660     8556.470     8556.470     8556.470     8556.480
   430:     8556.480     8556.480     8556.480     8556.480     8556.480
   435:     8560.480     8561.480     8561.480     8566.470     8566.480
   440:     8642.510     8642.510     8642.510     8642.520     8642.520
   445:     8642.520     8642.520     8642.520     8642.520     8643.060
   450:     8643.060     8646.520     8647.520     8647.520     8652.510
   455:     8652.520     8678.760     8682.220     8813.100     8813.570
   460:     8816.310     8853.680     8860.450     8886.400     8886.480
   465:     8886.540     8887.960     8939.140     8962.980     9116.160
   470:     9226.250     9226.250     9226.250     9226.260     9226.260
   475:     9226.260     9226.260     9226.260     9226.260     9230.260
   480:     9231.260     9231.260     9236.250     9236.260     9314.300
   485:     9314.990     9315.520     9315.910     9316.040     9316.710
   490:     9412.650     9434.310     9434.310     9434.310     9434.320
   495:     9434.320     9434.320     9434.320     9434.320     9434.320
   500:     9434.560     9434.560     9438.320     9439.320     9439.320
   505:     9444.310     9444.320     9506.380     9507.800     9508.130
   510:     9518.590     9519.000     9519.420     9520.730     9521.020
   515:     9521.780     9521.920     9522.020     9523.030     9523.250
   520:     9523.280     9523.800     9526.230     9526.630     9526.800
   525:     9526.900     9527.820     9528.900     9529.270     9529.560
   530:     9529.600     9530.790     9531.540     9531.780     9531.880
   535:     9531.940     9533.630     9534.410     9534.630     9534.780
   540:     9535.080     9535.110     9544.850     9545.040     9545.140
   545:     9546.060     9547.200     9547.810     9552.060     9552.500
   550:     9552.610     9553.220     9553.690     9554.440     9554.510
   555:     9555.110     9636.040     9636.320     9636.650     9636.810
   560:     9636.830     9637.350     9637.600     9639.740     9640.970
   565:     9641.430     9641.720     9641.830     9641.960     9642.010
   570:     9642.100     9642.200     9642.530     9642.780     9643.020
   575:     9643.140     9643.380     9643.740     9643.860     9644.920
   580:     9645.030     9645.090     9645.160     9645.380     9645.930
   585:     9646.100     9646.570     9647.100     9647.230     9654.960
   590:     9655.770     9767.050     9767.050     9767.050     9767.060
   595:     9767.060     9767.060     9767.060     9767.060     9767.060
   600:     9771.060     9771.180     9771.180     9772.060     9772.060
   605:     9777.050     9777.060     9780.430     9780.820     9781.420
   610:     9800.030     9800.030     9800.030     9800.040     9800.040
   615:     9800.040     9800.040     9800.040     9800.040     9802.650
   620:     9802.650     9804.040     9805.040     9805.040     9810.030
   625:     9810.040     9833.290     9833.540     9833.610     9844.770
   630:    10248.020    10376.330    10380.610    10423.550    10718.400
   635:    10800.000
