File: C:\MED-PC IV\DATA\!2025-02-26_09h06m.Subject 58



Start Date: 02/26/25
End Date: 02/26/25
Subject: 58
Experiment: OralFentSA
Group: One
Box: 2
Start Time:  9:06:01
End Time: 12:06:28
MSN: Golden_Liq_SelfAdmin
F:       0.000
G:    1372.000
H:   10800.010
I:       0.000
J:       0.000
K:       0.000
L:       0.000
M:       0.000
N:       0.000
O:       0.000
P:       0.000
Q:       0.000
R:       0.000
S:       0.000
U:       0.000
V:       0.000
W:       0.000
X:       0.000
Y:       0.000
Z:       0.000
A:
     0:        0.000        0.000      180.000        4.000        0.000
     5:        5.000        0.000        5.000        0.000        0.000
    10:        1.000        0.000       10.000 1000000000.0       23.000
    15:       13.000      640.000        0.000        0.000        0.000
    20:        0.000
B:
     0:        0.000        0.000        0.000      400.000        0.000
     5:      500.000        0.000      500.000        0.000        0.000
    10:        0.000        0.000     1000.000 100000000000        0.000
    15:        0.000        0.000        0.000        0.000        0.000
    20:        0.000
C:
     0:       59.000       60.000        0.000      106.000      422.000
     5:    10733.220       21.940       47.000     1589.830       33.826
    10:      106.000       26.000        0.000        0.000        0.000
    15:        0.000        0.000        0.000        0.000        0.000
    20:        0.000
D:
     0:        9.980       31.980       15.300        4.670        6.720
     5:        7.610      267.410       56.980       19.310       38.720
    10:       85.260       10.700       50.060       13.030       15.010
    15:        4.640        5.790       71.940        7.580       32.510
    20:       31.100       31.460        4.190        3.040       29.480
    25:       31.390       28.350       12.810        4.050      127.460
    30:       15.450       38.710       14.260       11.020       26.150
    35:       34.030       41.400       11.390       20.810       16.340
    40:       25.340       20.730        5.070        8.310      216.140
    45:        4.210       21.940
E:
     0:       19.000       11.000       26.000       27.000        2.000
     5:        4.000       22.000       24.000       12.000       13.000
    10:        8.000        5.000       17.000       18.000       14.000
    15:       10.000        6.000       19.000       11.000       23.000
    20:        6.000        2.000        4.000       22.000       24.000
    25:       12.000       13.000        8.000        5.000       17.000
    30:       21.000       22.000       18.000       14.000       10.000
    35:       19.000       11.000        6.000        6.000        6.000
    40:        6.000        6.000        6.000        6.000        6.000
    45:        2.000        4.000       22.000       24.000       12.000
    50:       13.000        8.000        5.000       17.000       18.000
    55:       14.000       10.000       19.000       11.000        2.000
    60:        4.000       22.000       24.000       12.000       13.000
    65:        8.000        5.000       17.000       18.000       14.000
    70:       10.000       19.000       11.000       23.000        2.000
    75:        4.000       22.000       24.000       12.000       13.000
    80:        8.000        5.000       17.000       18.000       14.000
    85:       10.000       21.000       22.000       19.000       11.000
    90:        2.000        4.000       22.000       24.000       12.000
    95:       13.000        8.000        5.000       17.000       18.000
   100:       14.000       10.000       19.000       11.000        6.000
   105:        6.000        6.000        6.000        6.000        6.000
   110:        6.000        6.000        6.000        6.000        2.000
   115:        4.000       22.000       24.000       12.000       13.000
   120:        8.000        5.000       17.000       18.000        6.000
   125:       14.000       10.000       21.000       22.000        6.000
   130:       19.000       11.000        2.000        4.000       22.000
   135:       24.000       12.000       13.000        8.000        5.000
   140:       17.000       18.000       14.000       10.000        6.000
   145:       21.000       22.000       19.000       11.000       23.000
   150:       23.000        6.000        6.000        6.000        2.000
   155:        4.000       22.000       24.000       12.000       13.000
   160:        8.000        5.000       17.000       21.000       22.000
   165:       18.000       21.000       22.000       14.000       10.000
   170:       21.000       22.000       21.000       22.000       21.000
   175:       22.000        6.000       19.000       11.000        2.000
   180:        4.000       22.000       24.000       12.000       13.000
   185:        8.000        5.000       17.000       18.000       14.000
   190:       10.000       19.000       11.000        6.000        6.000
   195:        6.000        2.000        4.000       22.000       24.000
   200:       12.000       13.000        8.000        5.000       17.000
   205:       18.000       14.000       10.000       19.000       11.000
   210:        2.000        4.000       22.000       24.000       12.000
   215:       13.000        8.000        5.000       17.000       18.000
   220:       14.000       10.000       19.000       11.000       23.000
   225:        6.000        6.000        2.000        4.000       22.000
   230:       24.000       12.000       13.000        8.000        5.000
   235:       17.000       18.000       14.000       10.000       21.000
   240:       22.000       21.000       22.000       19.000       11.000
   245:        2.000        4.000       22.000       24.000       12.000
   250:       13.000        8.000        5.000       17.000       18.000
   255:       14.000       10.000       19.000       11.000        6.000
   260:        6.000        6.000        6.000        6.000        6.000
   265:        6.000       23.000        2.000        4.000       22.000
   270:       24.000       12.000       13.000        8.000        5.000
   275:       17.000       18.000       14.000       10.000       21.000
   280:       22.000       19.000       11.000        6.000        6.000
   285:        6.000        6.000        2.000        4.000       22.000
   290:       24.000       12.000       13.000        8.000        5.000
   295:       17.000       18.000       14.000       10.000       19.000
   300:       11.000        6.000        6.000       23.000       23.000
   305:       23.000       23.000        6.000        6.000        2.000
   310:        4.000       22.000       24.000       12.000       13.000
   315:        8.000        5.000       17.000       18.000       14.000
   320:       10.000       21.000       22.000       21.000       22.000
   325:       19.000       11.000        6.000        6.000        6.000
   330:        6.000        6.000        6.000        6.000        6.000
   335:        6.000        6.000        6.000        6.000        6.000
   340:        6.000        2.000        4.000       22.000       24.000
   345:       12.000       13.000        8.000        5.000       17.000
   350:       21.000       22.000       18.000       14.000       10.000
   355:       19.000       11.000        6.000        6.000        6.000
   360:        2.000        4.000       22.000       24.000       12.000
   365:       13.000        8.000        5.000       17.000       21.000
   370:       22.000       18.000       14.000       10.000       21.000
   375:       22.000       19.000       11.000        6.000        2.000
   380:        4.000       22.000       24.000       12.000       13.000
   385:        8.000        5.000       17.000       18.000       14.000
   390:       10.000       19.000       11.000        6.000        6.000
   395:        6.000        6.000        6.000        2.000        4.000
   400:       22.000       24.000       12.000       13.000        8.000
   405:        5.000       17.000       18.000        6.000        6.000
   410:       14.000       10.000       21.000       22.000       19.000
   415:       11.000        6.000        6.000        2.000        4.000
   420:       22.000       24.000       12.000       13.000        8.000
   425:        5.000       17.000       18.000       14.000       10.000
   430:        6.000       21.000       22.000       21.000       22.000
   435:        6.000       19.000       11.000        2.000        4.000
   440:       22.000       24.000       12.000       13.000        8.000
   445:        5.000       17.000       18.000       14.000       10.000
   450:       19.000       11.000       23.000       23.000        6.000
   455:        2.000        4.000       22.000       24.000       12.000
   460:       13.000        8.000        5.000       17.000       18.000
   465:       14.000       10.000       21.000       22.000       21.000
   470:       22.000       19.000       11.000        2.000        4.000
   475:       22.000       24.000       12.000       13.000        8.000
   480:        5.000       17.000       18.000       14.000       10.000
   485:        6.000        6.000       19.000       11.000        2.000
   490:        4.000       22.000       24.000       12.000       13.000
   495:        8.000        5.000       17.000       18.000       14.000
   500:       10.000       19.000       11.000        6.000        2.000
   505:        4.000       22.000       24.000       12.000       13.000
   510:        8.000        5.000       17.000       18.000       14.000
   515:       10.000       19.000       11.000        6.000        6.000
   520:        6.000        6.000        6.000        6.000        6.000
   525:        6.000        6.000        6.000        6.000        6.000
   530:        6.000        6.000        6.000        6.000        6.000
   535:        6.000        6.000        6.000        6.000        6.000
   540:        6.000       23.000        6.000        2.000        4.000
   545:       22.000       24.000       12.000       13.000        8.000
   550:        5.000       17.000       18.000       14.000       10.000
   555:       19.000       11.000        2.000        4.000       22.000
   560:       24.000       12.000       13.000        8.000        5.000
   565:       17.000       18.000       14.000       10.000       21.000
   570:       22.000       19.000       11.000        6.000        6.000
   575:        6.000        2.000        4.000       22.000       24.000
   580:       12.000       13.000        8.000        5.000       17.000
   585:       18.000       14.000       10.000       19.000       11.000
   590:        2.000        4.000       22.000       24.000       12.000
   595:       13.000        8.000        5.000       17.000       18.000
   600:        6.000       14.000       10.000       21.000       22.000
   605:       19.000       11.000        6.000        6.000        2.000
   610:        4.000       22.000       24.000       12.000       13.000
   615:        8.000        5.000       17.000        6.000       18.000
   620:       14.000       10.000       21.000       22.000       21.000
   625:       22.000       19.000       11.000       23.000       23.000
   630:        2.000        4.000       22.000       24.000       12.000
   635:       13.000        8.000        5.000       17.000       18.000
   640:       14.000       10.000       19.000       11.000        6.000
   645:        2.000        4.000       22.000       24.000       12.000
   650:       13.000        8.000        5.000       17.000       18.000
   655:       14.000       10.000       21.000       22.000       19.000
   660:       11.000        6.000        6.000        6.000        6.000
   665:        6.000        6.000        6.000        2.000        4.000
   670:       22.000       24.000       12.000       13.000        8.000
   675:        5.000       17.000       18.000       14.000       10.000
   680:       21.000       22.000       19.000       11.000        6.000
   685:        2.000        4.000       22.000       24.000       12.000
   690:       13.000        8.000        5.000       17.000       21.000
   695:       22.000       21.000       22.000       18.000       21.000
   700:       22.000       14.000       10.000       21.000       22.000
   705:       21.000       22.000       19.000       11.000        2.000
   710:        4.000       22.000       24.000       12.000       13.000
   715:        8.000        5.000       17.000       18.000       14.000
   720:       10.000       21.000       22.000       19.000       11.000
   725:        2.000        4.000       22.000       24.000       12.000
   730:       13.000        8.000        5.000       17.000       18.000
   735:       14.000       10.000       21.000       22.000       19.000
   740:       11.000        2.000        4.000       22.000       24.000
   745:       12.000       13.000        8.000        5.000       17.000
   750:       21.000       22.000       18.000       21.000       22.000
   755:       14.000       10.000       19.000       11.000        6.000
   760:        6.000        6.000       23.000        6.000       23.000
   765:        2.000        4.000       22.000       24.000       12.000
   770:       13.000        8.000        5.000       17.000       18.000
   775:        6.000       14.000       10.000       21.000       22.000
   780:       19.000       11.000        6.000        2.000        4.000
   785:       22.000       24.000       12.000       13.000        8.000
   790:        5.000       17.000       21.000       22.000       18.000
   795:       14.000       10.000       19.000       11.000       23.000
   800:       23.000        6.000        6.000        6.000        6.000
   805:        6.000        6.000        6.000        6.000        6.000
   810:        6.000        6.000        6.000        6.000        6.000
   815:        6.000        6.000        6.000        6.000        6.000
   820:        6.000        6.000        6.000        6.000        6.000
   825:        6.000        6.000        6.000        6.000        6.000
   830:        6.000        2.000        4.000       22.000       24.000
   835:       12.000       13.000        8.000        5.000       17.000
   840:       18.000       14.000       10.000       21.000       22.000
   845:       21.000       22.000       19.000       11.000        6.000
   850:        6.000        6.000        6.000        6.000        6.000
   855:        6.000        6.000        6.000        6.000        6.000
   860:        6.000        6.000        6.000        6.000        6.000
   865:        6.000        6.000        6.000        6.000        6.000
   870:        6.000        6.000        2.000        4.000       22.000
   875:       24.000       12.000       13.000        8.000        5.000
   880:       17.000       18.000       21.000       22.000       14.000
   885:       10.000       19.000       11.000        2.000        4.000
   890:       22.000       24.000       12.000       13.000        8.000
   895:        5.000       17.000       18.000       14.000       10.000
   900:       19.000       11.000       23.000       23.000        6.000
   905:        6.000        6.000        6.000        6.000        2.000
   910:        4.000       22.000       24.000       12.000       13.000
   915:        8.000        5.000       17.000       18.000       14.000
   920:       10.000       21.000       22.000       19.000       11.000
   925:        6.000        6.000        2.000        4.000       22.000
   930:       24.000       12.000       13.000        8.000        5.000
   935:       17.000       18.000       14.000       10.000       19.000
   940:       11.000        6.000        6.000        2.000        4.000
   945:       22.000       24.000       12.000       13.000        8.000
   950:        5.000       17.000       18.000       14.000       10.000
   955:       21.000       22.000       19.000       11.000        6.000
   960:        6.000        6.000        6.000        6.000        6.000
   965:        6.000        6.000        6.000        6.000        6.000
   970:        6.000        6.000        6.000        6.000        6.000
   975:        6.000        6.000        6.000        6.000        6.000
   980:        6.000        6.000        6.000        6.000        6.000
   985:        6.000        6.000        6.000        6.000        6.000
   990:        6.000        6.000        6.000        6.000        6.000
   995:        6.000        6.000        6.000        6.000        6.000
  1000:        6.000        6.000        6.000       23.000        2.000
  1005:        4.000       22.000       24.000       12.000       13.000
  1010:        8.000        5.000       17.000       18.000       14.000
  1015:       10.000       19.000       11.000       23.000       23.000
  1020:       23.000        6.000        6.000        6.000        6.000
  1025:        6.000        6.000        6.000        6.000        6.000
  1030:        6.000        2.000        4.000       22.000       24.000
  1035:       12.000       13.000        8.000        5.000       17.000
  1040:       18.000       14.000       10.000       21.000       22.000
  1045:       19.000       11.000        6.000        6.000        6.000
  1050:        6.000        6.000        6.000        6.000        6.000
  1055:        6.000        6.000        6.000        6.000        6.000
  1060:        6.000        6.000        6.000        6.000        6.000
  1065:        6.000        6.000        6.000        6.000        6.000
  1070:        6.000        6.000        6.000        6.000        6.000
  1075:        6.000        6.000        6.000        6.000        6.000
  1080:        6.000        6.000        6.000        6.000        6.000
  1085:        6.000        6.000        6.000        6.000        6.000
  1090:        6.000        6.000        6.000        6.000        6.000
  1095:        6.000        6.000        6.000        6.000        6.000
  1100:        6.000        6.000        6.000        6.000        6.000
  1105:        6.000        6.000        6.000        2.000        4.000
  1110:       22.000       24.000       12.000       13.000        8.000
  1115:        5.000       17.000       18.000       14.000       10.000
  1120:       19.000       11.000        6.000        6.000        6.000
  1125:        6.000        6.000        6.000        6.000        6.000
  1130:        6.000        6.000        6.000        6.000        6.000
  1135:        2.000        4.000       22.000       24.000       12.000
  1140:       13.000        8.000        5.000       17.000       18.000
  1145:       14.000       10.000       19.000       11.000        6.000
  1150:        6.000        6.000        6.000        6.000        6.000
  1155:        2.000        4.000       22.000       24.000       12.000
  1160:       13.000        8.000        5.000       17.000       18.000
  1165:       14.000       10.000       21.000       22.000       19.000
  1170:       11.000        6.000        6.000        2.000        4.000
  1175:       22.000       24.000       12.000       13.000        8.000
  1180:        5.000       17.000       18.000       14.000       10.000
  1185:       21.000       22.000       19.000       11.000        6.000
  1190:        6.000        6.000        6.000        6.000        6.000
  1195:        6.000        6.000        6.000        6.000        6.000
  1200:        6.000        6.000        6.000        6.000        6.000
  1205:        6.000        6.000        6.000        6.000        2.000
  1210:        4.000       22.000       24.000       12.000       13.000
  1215:        8.000        5.000       17.000       18.000       14.000
  1220:       10.000       19.000       11.000        6.000        6.000
  1225:        6.000        6.000       23.000        6.000        6.000
  1230:        6.000        6.000        6.000        6.000        2.000
  1235:        4.000       22.000       24.000       12.000       13.000
  1240:        8.000        5.000       17.000       18.000       14.000
  1245:       10.000        6.000        6.000       19.000       11.000
  1250:        6.000        6.000        6.000        6.000        6.000
  1255:        6.000        6.000        6.000        6.000        6.000
  1260:        6.000        6.000        6.000        6.000        6.000
  1265:        6.000        6.000        6.000        6.000        6.000
  1270:        6.000        6.000        6.000        6.000        6.000
  1275:        6.000        6.000        6.000        6.000        6.000
  1280:        6.000        6.000        6.000        6.000        6.000
  1285:        6.000        6.000        6.000        6.000        6.000
  1290:        6.000        2.000        4.000       22.000       24.000
  1295:       12.000       13.000        8.000        5.000       17.000
  1300:       18.000       14.000       10.000        6.000       19.000
  1305:       11.000        6.000        2.000        4.000       22.000
  1310:       24.000       12.000       13.000        8.000        5.000
  1315:       17.000       18.000       14.000       10.000       19.000
  1320:       11.000        6.000        6.000        6.000        6.000
  1325:        6.000        6.000        6.000        6.000        2.000
  1330:        4.000       22.000       24.000       12.000       13.000
  1335:        8.000        5.000       17.000       18.000        6.000
  1340:       14.000       10.000        6.000       19.000       11.000
  1345:        6.000        6.000        6.000        6.000        6.000
  1350:        6.000        6.000        6.000        6.000        6.000
  1355:        2.000        4.000       22.000       24.000       12.000
  1360:       13.000        8.000        5.000       17.000       18.000
  1365:       14.000       10.000       19.000       11.000        6.000
  1370:        6.000        6.000      100.000
T:
     0:        0.000        0.000        0.000        0.000       71.290
     5:       71.290       71.290       71.300       71.300       71.300
    10:       71.300       71.300       71.300       75.300       76.300
    15:       76.300       81.280       81.290       81.300      153.850
    20:      158.310      179.800      179.800      179.800      179.810
    25:      179.810      179.810      179.810      179.810      179.810
    30:      180.510      180.510      183.810      184.810      184.810
    35:      189.800      189.810      211.790      213.420      214.140
    40:      214.380      214.520      214.570      214.600      214.770
    45:      226.380      226.380      226.380      226.390      226.390
    50:      226.390      226.390      226.390      226.390      230.390
    55:      231.390      231.390      236.380      236.390      322.260
    60:      322.260      322.260      322.270      322.270      322.270
    65:      322.270      322.270      322.270      326.270      327.270
    70:      327.270      332.260      332.270      335.650      385.230
    75:      385.230      385.230      385.240      385.240      385.240
    80:      385.240      385.240      385.240      389.240      390.240
    85:      390.240      392.040      392.040      395.230      395.240
    90:      411.770      411.770      411.770      411.780      411.780
    95:      411.780      411.780      411.780      411.780      415.780
   100:      416.780      416.780      421.770      421.780      427.080
   105:      427.610      429.700      429.800      437.550      476.420
   110:      478.240      478.420      668.850      669.250      724.020
   115:      724.020      724.020      724.030      724.030      724.030
   120:      724.030      724.030      724.030      728.030      728.700
   125:      729.030      729.030      729.580      729.580      733.680
   130:      734.020      734.030      734.700      734.700      734.700
   135:      734.710      734.710      734.710      734.710      734.710
   140:      734.710      738.710      739.710      739.710      741.430
   145:      744.590      744.590      744.700      744.710      752.040
   150:      760.200      806.460      811.490      866.480      878.670
   155:      878.670      878.670      878.680      878.680      878.680
   160:      878.680      878.680      878.680      879.890      879.890
   165:      882.680      883.050      883.050      883.680      883.680
   170:      884.060      884.060      884.520      884.520      884.710
   175:      884.710      886.290      888.670      888.680      891.340
   180:      891.340      891.340      891.350      891.350      891.350
   185:      891.350      891.350      891.350      895.350      896.350
   190:      896.350      901.340      901.350     1158.760     1853.410
   195:     1917.420     1921.690     1921.690     1921.690     1921.700
   200:     1921.700     1921.700     1921.700     1921.700     1921.700
   205:     1925.700     1926.700     1926.700     1931.690     1931.700
   210:     1934.220     1934.220     1934.220     1934.230     1934.230
   215:     1934.230     1934.230     1934.230     1934.230     1938.230
   220:     1939.230     1939.230     1944.220     1944.230     1955.340
   225:     1991.210     2014.970     2015.790     2015.790     2015.790
   230:     2015.800     2015.800     2015.800     2015.800     2015.800
   235:     2015.800     2019.800     2020.800     2020.800     2023.790
   240:     2023.790     2023.950     2023.950     2025.790     2025.800
   245:     2026.290     2026.290     2026.290     2026.300     2026.300
   250:     2026.300     2026.300     2026.300     2026.300     2030.300
   255:     2031.300     2031.300     2036.290     2036.300     2045.610
   260:     2046.750     2052.670     2053.510     2057.690     2059.250
   265:     2068.450     2091.300     2131.960     2131.960     2131.960
   270:     2131.970     2131.970     2131.970     2131.970     2131.970
   275:     2131.970     2135.970     2136.970     2136.970     2137.910
   280:     2137.910     2141.960     2141.970     2170.690     2171.590
   285:     2172.320     2172.840     2175.450     2175.450     2175.450
   290:     2175.460     2175.460     2175.460     2175.460     2175.460
   295:     2175.460     2179.460     2180.460     2180.460     2185.450
   300:     2185.460     2260.720     2261.390     2276.020     2282.000
   305:     2294.720     2298.290     2318.990     2319.180     2320.630
   310:     2320.630     2320.630     2320.640     2320.640     2320.640
   315:     2320.640     2320.640     2320.640     2324.640     2325.640
   320:     2325.640     2327.980     2327.980     2329.400     2329.400
   325:     2330.630     2330.640     2331.340     2331.800     2332.340
   330:     2332.900     2335.130     2335.360     2335.610     2336.500
   335:     2336.510     2336.530     2336.550     2336.720     2336.800
   340:     2337.040     2338.870     2338.870     2338.870     2338.880
   345:     2338.880     2338.880     2338.880     2338.880     2338.880
   350:     2339.310     2339.310     2342.880     2343.880     2343.880
   355:     2348.870     2348.880     2388.940     2391.770     2427.640
   360:     2429.770     2429.770     2429.770     2429.780     2429.780
   365:     2429.780     2429.780     2429.780     2429.780     2430.450
   370:     2430.450     2433.780     2434.780     2434.780     2439.190
   375:     2439.190     2439.770     2439.780     2442.810     2444.310
   380:     2444.310     2444.310     2444.320     2444.320     2444.320
   385:     2444.320     2444.320     2444.320     2448.320     2449.320
   390:     2449.320     2454.310     2454.320     2459.330     2462.800
   395:     2463.690     2463.970     2530.580     2533.350     2533.350
   400:     2533.350     2533.360     2533.360     2533.360     2533.360
   405:     2533.360     2533.360     2537.360     2538.000     2538.210
   410:     2538.360     2538.360     2539.810     2539.810     2543.350
   415:     2543.360     2544.100     2544.130     2546.680     2546.680
   420:     2546.680     2546.690     2546.690     2546.690     2546.690
   425:     2546.690     2546.690     2550.690     2551.690     2551.690
   430:     2552.480     2553.370     2553.370     2553.570     2553.570
   435:     2556.210     2556.680     2556.690     2567.200     2567.200
   440:     2567.200     2567.210     2567.210     2567.210     2567.210
   445:     2567.210     2567.210     2571.210     2572.210     2572.210
   450:     2577.200     2577.210     2581.590     2583.210     2639.150
   455:     2640.350     2640.350     2640.350     2640.360     2640.360
   460:     2640.360     2640.360     2640.360     2640.360     2644.360
   465:     2645.360     2645.360     2645.650     2645.650     2645.940
   470:     2645.940     2650.350     2650.360     2650.440     2650.440
   475:     2650.440     2650.450     2650.450     2650.450     2650.450
   480:     2650.450     2650.450     2654.450     2655.450     2655.450
   485:     2658.030     2658.480     2660.440     2660.450     2660.610
   490:     2660.610     2660.610     2660.620     2660.620     2660.620
   495:     2660.620     2660.620     2660.620     2664.620     2665.620
   500:     2665.620     2670.610     2670.620     2693.130     2695.370
   505:     2695.370     2695.370     2695.380     2695.380     2695.380
   510:     2695.380     2695.380     2695.380     2699.380     2700.380
   515:     2700.380     2705.370     2705.380     2726.480     2728.710
   520:     2729.170     2730.040     2730.300     2731.500     2731.960
   525:     2732.130     2732.410     2732.460     2732.530     2733.160
   530:     2734.830     2735.920     2737.240     2739.000     2743.960
   535:     2744.320     2744.770     2747.150     2747.620     2747.840
   540:     2748.380     2755.920     2857.320     2904.300     2904.300
   545:     2904.300     2904.310     2904.310     2904.310     2904.310
   550:     2904.310     2904.310     2908.310     2909.310     2909.310
   555:     2914.300     2914.310     2915.780     2915.780     2915.780
   560:     2915.790     2915.790     2915.790     2915.790     2915.790
   565:     2915.790     2919.790     2920.790     2920.790     2920.810
   570:     2920.810     2925.780     2925.790     2947.250     2966.620
   575:     3002.850     3003.990     3003.990     3003.990     3004.000
   580:     3004.000     3004.000     3004.000     3004.000     3004.000
   585:     3008.000     3009.000     3009.000     3013.990     3014.000
   590:     3017.070     3017.070     3017.070     3017.080     3017.080
   595:     3017.080     3017.080     3017.080     3017.080     3021.080
   600:     3021.270     3022.080     3022.080     3022.950     3022.950
   605:     3027.070     3027.080     3037.310     3037.700     3040.820
   610:     3040.820     3040.820     3040.830     3040.830     3040.830
   615:     3040.830     3040.830     3040.830     3043.870     3044.830
   620:     3045.830     3045.830     3046.500     3046.500     3046.750
   625:     3046.750     3050.820     3050.830     3114.150     3119.220
   630:     3134.120     3134.120     3134.120     3134.130     3134.130
   635:     3134.130     3134.130     3134.130     3134.130     3138.130
   640:     3139.130     3139.130     3144.120     3144.130     3163.610
   645:     3183.730     3183.730     3183.730     3183.740     3183.740
   650:     3183.740     3183.740     3183.740     3183.740     3187.740
   655:     3188.740     3188.740     3190.380     3190.380     3193.730
   660:     3193.740     3215.130     3216.120     3216.250     3264.160
   665:     3264.210     3264.510     3264.690     3279.880     3279.880
   670:     3279.880     3279.890     3279.890     3279.890     3279.890
   675:     3279.890     3279.890     3283.890     3284.890     3284.890
   680:     3285.540     3285.540     3289.880     3289.890     3308.240
   685:     3310.310     3310.310     3310.310     3310.320     3310.320
   690:     3310.320     3310.320     3310.320     3310.320     3310.570
   695:     3310.570     3312.520     3312.520     3314.320     3314.830
   700:     3314.830     3315.320     3315.320     3318.630     3318.630
   705:     3319.650     3319.650     3320.310     3320.320     3325.060
   710:     3325.060     3325.060     3325.070     3325.070     3325.070
   715:     3325.070     3325.070     3325.070     3329.070     3330.070
   720:     3330.070     3334.250     3334.250     3335.060     3335.070
   725:     3344.800     3344.800     3344.800     3344.810     3344.810
   730:     3344.810     3344.810     3344.810     3344.810     3348.810
   735:     3349.810     3349.810     3352.270     3352.270     3354.800
   740:     3354.810     3357.180     3357.180     3357.180     3357.190
   745:     3357.190     3357.190     3357.190     3357.190     3357.190
   750:     3361.110     3361.110     3361.190     3361.660     3361.660
   755:     3362.190     3362.190     3367.180     3367.190     3370.000
   760:     3371.480     3454.520     3693.340     3723.480     3727.550
   765:     3801.880     3801.880     3801.880     3801.890     3801.890
   770:     3801.890     3801.890     3801.890     3801.890     3805.890
   775:     3805.940     3806.890     3806.890     3807.590     3807.590
   780:     3811.880     3811.890     3812.760     3815.420     3815.420
   785:     3815.420     3815.430     3815.430     3815.430     3815.430
   790:     3815.430     3815.430     3815.890     3815.890     3819.430
   795:     3820.430     3820.430     3825.420     3825.430     3871.200
   800:     3875.770     3942.890     3947.310     3950.190     3950.560
   805:     3950.600     3952.340     3952.670     3953.140     3953.200
   810:     3953.550     3953.590     3953.730     3953.870     3954.200
   815:     3954.420     3954.480     3954.540     3954.570     3954.580
   820:     3954.660     3954.720     3954.840     3955.390     3955.550
   825:     3956.410     3956.430     3957.320     3957.520     3983.040
   830:     3983.750     4009.090     4009.090     4009.090     4009.100
   835:     4009.100     4009.100     4009.100     4009.100     4009.100
   840:     4013.100     4014.100     4014.100     4014.710     4014.710
   845:     4016.990     4016.990     4019.090     4019.100     4024.550
   850:     4054.650     4054.820     4055.500     4055.610     4055.920
   855:     4056.410     4056.450     4056.640     4057.080     4057.120
   860:     4057.160     4057.210     4059.930     4062.800     4066.490
   865:     4067.340     4073.750     4076.410     4083.020     4170.680
   870:     4171.780     4231.920     4257.660     4257.660     4257.660
   875:     4257.670     4257.670     4257.670     4257.670     4257.670
   880:     4257.670     4261.670     4262.290     4262.290     4262.670
   885:     4262.670     4267.660     4267.670     4270.860     4270.860
   890:     4270.860     4270.870     4270.870     4270.870     4270.870
   895:     4270.870     4270.870     4274.870     4275.870     4275.870
   900:     4280.860     4280.870     4306.310     4306.700     4309.580
   905:     4857.550     4862.890     4874.440     4889.220     4910.030
   910:     4910.030     4910.030     4910.040     4910.040     4910.040
   915:     4910.040     4910.040     4910.040     4914.040     4915.040
   920:     4915.040     4915.990     4915.990     4920.030     4920.040
   925:     4924.300     4967.550     5041.450     5041.450     5041.450
   930:     5041.460     5041.460     5041.460     5041.460     5041.460
   935:     5041.460     5045.460     5046.460     5046.460     5051.450
   940:     5051.460     5052.480     5052.660     5055.160     5055.160
   945:     5055.160     5055.170     5055.170     5055.170     5055.170
   950:     5055.170     5055.170     5059.170     5060.170     5060.170
   955:     5064.250     5064.250     5065.160     5065.170     5081.320
   960:     5084.350     5084.590     5085.530     5085.980     5086.860
   965:     5088.440     5088.600     5090.960     5091.460     5091.650
   970:     5094.090     5094.480     5094.830     5096.100     5096.940
   975:     5097.010     5097.040     5097.060     5097.110     5097.810
   980:     5097.840     5098.000     5103.220     5104.100     5104.890
   985:     5104.970     5105.940     5107.220     5107.290     5109.100
   990:     5110.520     5110.750     5110.850     5110.890     5111.110
   995:     5124.780     5124.970     5125.720     5126.590     5127.160
  1000:     5127.620     5153.080     5153.290     5166.120     5185.700
  1005:     5185.700     5185.700     5185.710     5185.710     5185.710
  1010:     5185.710     5185.710     5185.710     5189.710     5190.710
  1015:     5190.710     5195.700     5195.710     5208.840     5209.120
  1020:     5215.840     5219.740     5829.490     5834.000     5898.350
  1025:     5926.490     5960.780     5961.490     5984.570     5984.720
  1030:     5985.420     6087.090     6087.090     6087.090     6087.100
  1035:     6087.100     6087.100     6087.100     6087.100     6087.100
  1040:     6091.100     6092.100     6092.100     6093.220     6093.220
  1045:     6097.090     6097.100     6128.500     6128.900     6129.470
  1050:     6130.050     6131.640     6132.510     6132.810     6133.170
  1055:     6133.500     6133.760     6133.910     6135.200     6135.510
  1060:     6137.040     6138.500     6138.550     6139.040     6139.360
  1065:     6139.620     6139.800     6139.820     6141.180     6141.230
  1070:     6141.750     6142.020     6142.060     6142.440     6143.490
  1075:     6144.790     6146.860     6147.030     6150.050     6150.080
  1080:     6151.020     6154.050     6154.140     6157.360     6159.440
  1085:     6160.470     6160.490     6160.710     6160.920     6161.290
  1090:     6163.530     6164.930     6168.170     6205.830     6214.450
  1095:     6225.370     6225.750     6281.370     6434.630     6438.820
  1100:     6443.040     6445.640     6445.930     6446.920     6446.960
  1105:     6447.010     6449.950     6450.170     6453.040     6453.040
  1110:     6453.040     6453.050     6453.050     6453.050     6453.050
  1115:     6453.050     6453.050     6457.050     6458.050     6458.050
  1120:     6463.040     6463.050     6464.440     6466.260     6468.760
  1125:     6469.650     6469.680     6472.900     6473.020     6473.180
  1130:     6473.460     6473.480     6498.740     6518.910     6525.910
  1135:     6527.810     6527.810     6527.810     6527.820     6527.820
  1140:     6527.820     6527.820     6527.820     6527.820     6531.820
  1145:     6532.820     6532.820     6537.810     6537.820     6548.630
  1150:     6550.740     6552.170     6569.940     6583.250     6654.000
  1155:     6664.290     6664.290     6664.290     6664.300     6664.300
  1160:     6664.300     6664.300     6664.300     6664.300     6668.300
  1165:     6669.300     6669.300     6670.800     6670.800     6674.290
  1170:     6674.300     6680.640     6697.610     6711.430     6711.430
  1175:     6711.430     6711.440     6711.440     6711.440     6711.440
  1180:     6711.440     6711.440     6715.440     6716.440     6716.440
  1185:     6718.670     6718.670     6721.430     6721.440     6736.780
  1190:     6755.730     7147.710     7152.130     7153.650     7154.310
  1195:     7228.180     7261.090     7262.540     7262.820     7263.470
  1200:     7263.480     7344.060     7349.670     7464.760     7526.410
  1205:     7667.460     7673.140     7754.220     7769.160     7780.080
  1210:     7780.080     7780.080     7780.090     7780.090     7780.090
  1215:     7780.090     7780.090     7780.090     7784.090     7785.090
  1220:     7785.090     7790.080     7790.090     7800.820     7801.710
  1225:     7809.960     7811.520     7815.970     7877.080     7912.760
  1230:     7952.620     8095.270     8196.450     8402.980     8415.780
  1235:     8415.780     8415.780     8415.790     8415.790     8415.790
  1240:     8415.790     8415.790     8415.790     8419.790     8420.790
  1245:     8420.790     8420.860     8422.130     8425.780     8425.790
  1250:     8429.420     8430.990     8432.060     8434.690     8444.290
  1255:     8445.860     8448.270     8448.340     8448.670     8451.080
  1260:     8452.130     8452.140     8452.190     8452.790     8458.140
  1265:     8458.770     8458.860     8458.910     8460.150     8460.740
  1270:     8462.950     8465.270     8470.710     8470.790     8475.220
  1275:     8478.810     8479.530     8479.950     8480.000     8480.020
  1280:     8480.060     8480.250     8480.420     8480.500     8480.570
  1285:     8485.130     8495.620     8662.710     8662.970     8715.920
  1290:     8813.520     8898.730     8898.730     8898.730     8898.740
  1295:     8898.740     8898.740     8898.740     8898.740     8898.740
  1300:     8902.740     8903.740     8903.740     8907.050     8908.730
  1305:     8908.740     8940.190     9110.560     9110.560     9110.560
  1310:     9110.570     9110.570     9110.570     9110.570     9110.570
  1315:     9110.570     9114.570     9115.570     9115.570     9120.560
  1320:     9120.570     9326.710     9622.470     9926.810     9932.270
  1325:     9980.500     9980.620     9980.700     9988.190     9990.670
  1330:     9990.670     9990.670     9990.680     9990.680     9990.680
  1335:     9990.680     9990.680     9990.680     9994.680     9994.890
  1340:     9995.680     9995.680     9997.010    10000.670    10000.680
  1345:    10240.550    10267.510    10332.800    10346.890    10637.520
  1350:    10638.630    10641.350    10669.680    10671.090    10671.360
  1355:    10733.210    10733.210    10733.210    10733.220    10733.220
  1360:    10733.220    10733.220    10733.220    10733.220    10737.220
  1365:    10738.220    10738.220    10743.210    10743.220    10755.160
  1370:    10757.200    10775.320    10800.010
