File: C:\MED-PC\Data\2025-03-19_12h33m_Subject 88.txt


Start Date: 03/19/25
End Date: 03/19/25
Subject: 88
Experiment: OralFentSA
Group: One
Box: 4
Start Time: 12:33:49
End Time: 15:34:42
MSN: 20241014_Golden_Liq_SelfAdmin
F:       0.000
G:     314.000
H:   10800.000
I:       0.000
J:       0.000
K:       0.000
L:       0.000
M:       0.000
N:       0.000
O:       0.000
P:       0.000
Q:       0.000
R:       0.000
S:       0.000
U:       0.000
V:       0.000
W:       0.000
X:       0.000
Y:       0.000
Z:       0.000
A:
     0:        0.000        0.000      180.000        4.000        0.000
     5:        5.000        0.000        5.000        0.000        0.000
    10:        1.000        0.000       10.000  3000000.000       21.000
    15:       13.000      640.000        0.000        0.000        0.000
    20:        0.000
B:
     0:        0.000        0.000        0.000      400.000        0.000
     5:      500.000        0.000      500.000        0.000        0.000
    10:        0.000        0.000     1000.000 300000000.000        0.000
    15:        0.000        0.000        0.000        0.000        0.000
    20:        0.000
C:
     0:       10.000       11.000        1.000       18.000      153.000
     5:    10548.870        4.250        9.000      148.080       16.453
    10:       18.000        1.000        0.000        0.000        0.000
    15:        0.000        0.000        0.000        0.000        0.000
    20:        0.000
D:
     0:       31.310        2.680       16.910        4.090       76.450
     5:        5.310        4.030        3.050        4.250
E:
     0:       19.000       11.000       26.000       27.000        6.000
     5:        6.000        6.000        6.000        6.000        6.000
    10:        6.000        6.000        2.000        4.000       22.000
    15:       24.000       12.000       13.000        8.000        5.000
    20:       17.000       18.000       14.000       10.000       19.000
    25:       11.000        6.000        6.000        6.000        6.000
    30:        6.000        6.000        6.000        6.000        6.000
    35:        6.000        6.000        6.000        1.000        6.000
    40:        6.000        6.000        6.000        6.000        6.000
    45:        6.000        6.000        6.000        6.000        6.000
    50:        6.000        6.000        6.000        2.000        4.000
    55:       22.000       24.000       12.000       13.000        8.000
    60:        5.000       17.000       21.000       22.000        6.000
    65:        6.000       18.000       14.000       10.000       19.000
    70:       11.000        6.000        6.000        6.000        6.000
    75:        6.000        6.000        6.000        6.000        6.000
    80:        6.000        6.000        6.000        6.000        6.000
    85:        6.000        6.000        6.000        6.000        6.000
    90:        6.000        6.000        6.000        6.000        6.000
    95:        6.000        6.000        6.000        6.000        6.000
   100:        6.000        6.000        6.000        6.000        6.000
   105:        6.000        6.000        6.000        6.000        6.000
   110:        6.000        6.000        6.000        6.000        6.000
   115:        6.000        6.000        6.000        6.000        6.000
   120:        6.000        6.000        6.000        6.000        6.000
   125:        6.000        6.000        6.000        2.000        4.000
   130:       22.000       24.000       12.000       13.000        8.000
   135:        5.000       17.000       18.000       14.000       10.000
   140:       19.000       11.000        6.000        6.000        6.000
   145:        6.000        6.000        6.000        6.000        6.000
   150:        6.000        6.000        6.000        6.000        6.000
   155:        6.000        2.000        4.000       22.000       24.000
   160:       12.000       13.000        8.000        5.000       17.000
   165:       21.000       22.000       18.000        6.000       14.000
   170:       10.000        6.000        6.000       19.000       11.000
   175:        6.000        6.000        6.000        6.000        6.000
   180:        6.000        6.000        6.000        6.000        6.000
   185:        6.000        6.000        6.000        6.000        6.000
   190:        6.000        6.000        6.000        6.000        2.000
   195:        4.000       22.000       24.000       12.000       13.000
   200:        8.000        5.000       17.000       18.000       14.000
   205:       10.000       19.000       11.000        6.000        6.000
   210:        6.000        2.000        4.000       22.000       24.000
   215:       12.000       13.000        8.000        5.000       17.000
   220:       18.000       14.000       10.000        6.000       19.000
   225:       11.000        6.000        6.000        6.000        6.000
   230:        6.000        6.000        6.000        6.000        6.000
   235:        2.000        4.000       22.000       24.000       12.000
   240:       13.000        8.000        5.000       17.000       18.000
   245:        6.000       14.000       10.000        6.000        6.000
   250:       19.000       11.000        6.000        6.000        6.000
   255:        2.000        4.000       22.000       24.000       12.000
   260:       13.000        8.000        5.000       17.000        6.000
   265:       18.000       14.000       10.000       19.000       11.000
   270:        6.000        6.000        2.000        4.000       22.000
   275:       24.000       12.000       13.000        8.000        5.000
   280:       17.000       21.000       22.000       18.000       14.000
   285:       10.000       21.000       22.000       21.000       22.000
   290:       21.000       22.000       19.000       11.000        2.000
   295:        4.000       22.000       24.000       12.000       13.000
   300:        8.000        5.000       17.000       21.000       22.000
   305:       21.000       22.000       18.000        6.000       14.000
   310:       10.000       19.000       11.000        6.000      100.000
T:
     0:        0.000        0.000        0.000        0.000        0.040
     5:        8.810        9.490       10.300       10.350       10.590
    10:       11.130       99.440      156.800      156.800      156.800
    15:      156.810      156.810      156.810      156.810      156.810
    20:      156.810      160.810      161.810      161.810      166.800
    25:      166.810      188.120      188.460      188.620      193.450
    30:      233.580      247.690      248.000      248.190      249.050
    35:      250.460      250.670      250.790      283.030      307.410
    40:      309.480      312.360      338.220      338.530      338.850
    45:      340.070      350.760      351.270      377.120      415.070
    50:      415.340      420.350      439.600      480.490      480.490
    55:      480.490      480.500      480.500      480.500      480.500
    60:      480.500      480.500      481.950      481.950      483.180
    65:      483.330      484.500      485.500      485.500      490.490
    70:      490.500      503.530      522.310      523.940      524.430
    75:      524.540      524.700      538.600      540.740      655.940
    80:      656.330      656.470      659.720      660.370      662.520
    85:      666.010      666.410      668.620      684.630      687.190
    90:      687.220      688.790      767.700      769.980      770.030
    95:      770.250      947.670      948.440      948.650      986.720
   100:      987.200     1299.750     1299.800     1299.910     1598.920
   105:     1599.910     1804.500     1804.560     1816.430     1817.370
   110:     1817.700     1822.980     1823.260     1824.340     1829.520
   115:     1963.570     1963.800     1969.220     1975.500     1975.740
   120:     2676.280     2694.040     2695.250     2695.750     2696.090
   125:     2696.120     2767.420     2782.550     2813.520     2813.520
   130:     2813.520     2813.530     2813.530     2813.530     2813.530
   135:     2813.530     2813.530     2817.530     2818.530     2818.530
   140:     2823.520     2823.530     2830.440     2834.330     2835.780
   145:     2836.890     2841.170     2843.800     2847.470     2848.750
   150:     2861.460     2863.690     2919.340     2919.400     2920.250
   155:     2921.420     2928.610     2928.610     2928.610     2928.620
   160:     2928.620     2928.620     2928.620     2928.620     2928.620
   165:     2930.240     2930.240     2932.620     2932.710     2933.620
   170:     2933.620     2936.330     2936.950     2938.610     2938.620
   175:     2939.150     2980.190     2990.800     2990.830     2990.910
   180:     3030.290     3031.330     3046.350     3047.420     3057.670
   185:     3058.060     3151.240     3151.390     5620.250     5623.310
   190:     5630.060     5645.770     5646.590     5648.040     5664.580
   195:     5664.580     5664.580     5664.590     5664.590     5664.590
   200:     5664.590     5664.590     5664.590     5668.590     5669.590
   205:     5669.590     5674.580     5674.590     5741.040     5746.540
   210:     5795.710     5804.450     5804.450     5804.450     5804.460
   215:     5804.460     5804.460     5804.460     5804.460     5804.460
   220:     5808.460     5809.460     5809.460     5809.770     5814.450
   225:     5814.460     5952.720     5953.090     5985.300     7256.420
   230:     7260.400     7260.470     7261.510     7297.960     8817.770
   235:     8825.160     8825.160     8825.160     8825.170     8825.170
   240:     8825.170     8825.170     8825.170     8825.170     8829.170
   245:     8829.200     8830.170     8830.170     8831.960     8832.430
   250:     8835.160     8835.170    10486.240    10498.970    10501.650
   255:    10515.990    10515.990    10515.990    10516.000    10516.000
   260:    10516.000    10516.000    10516.000    10516.000    10519.050
   265:    10520.000    10521.000    10521.000    10525.990    10526.000
   270:    10526.970    10530.150    10536.480    10536.480    10536.480
   275:    10536.490    10536.490    10536.490    10536.490    10536.490
   280:    10536.490    10540.270    10540.270    10540.490    10541.490
   285:    10541.490    10544.340    10544.340    10544.930    10544.930
   290:    10545.460    10545.460    10546.480    10546.490    10548.860
   295:    10548.860    10548.860    10548.870    10548.870    10548.870
   300:    10548.870    10548.870    10548.870    10551.690    10551.690
   305:    10552.170    10552.170    10552.870    10553.120    10553.870
   310:    10553.870    10558.860    10558.870    10570.160    10800.000
