File: C:\MED-PC\Data\2025-03-10_09h39m_Subject 80.txt


Start Date: 03/10/25
End Date: 03/10/25
Subject: 80
Experiment: OralFentSA
Group: One
Box: 8
Start Time: 09:39:08
End Time: 12:42:21
MSN: 20241014_Golden_Liq_SelfAdmin
F:       0.000
G:    1618.000
H:   10800.000
I:       0.000
J:       0.000
K:       0.000
L:       0.000
M:       0.000
N:       0.000
O:       0.000
P:       0.000
Q:       0.000
R:       0.000
S:       0.000
U:       0.000
V:       0.000
W:       0.000
X:       0.000
Y:       0.000
Z:       0.000
A:
     0:        0.000        0.000      180.000        4.000        0.000
     5:        5.000        0.000        5.000        0.000        0.000
    10:        1.000        0.000       10.000 30000000.000       20.000
    15:        6.000      640.000        0.000        0.000        0.000
    20:        0.000
B:
     0:        0.000        0.000        0.000      400.000        0.000
     5:      500.000        0.000      500.000        0.000        0.000
    10:        0.000        0.000     1000.000 3000000000.000        0.000
    15:        0.000        0.000        0.000        0.000        0.000
    20:        0.000
C:
     0:       24.000       25.000        4.000       31.000     1260.000
     5:    10770.530        0.680       24.000       43.200        1.800
    10:       31.000        4.000        0.000        0.000        0.000
    15:        0.000        0.000        0.000        0.000        0.000
    20:        0.000
D:
     0:        0.860        1.450        2.340        0.810        0.520
     5:        1.100        0.650        3.780        0.690        1.130
    10:        1.040        0.820        1.070        0.810        1.250
    15:        1.180        1.170        0.860       16.290        1.610
    20:        0.760        1.230        1.100        0.680
E:
     0:       19.000       11.000       26.000       27.000        6.000
     5:        6.000        6.000        6.000        6.000        2.000
    10:        4.000       22.000       24.000       12.000       13.000
    15:        8.000        5.000       17.000        6.000       18.000
    20:       14.000       10.000        6.000        6.000       19.000
    25:       11.000        6.000        6.000        2.000        4.000
    30:       22.000       24.000       12.000       13.000        8.000
    35:        5.000       17.000       21.000       22.000        6.000
    40:       18.000       14.000       10.000        6.000        6.000
    45:       19.000       11.000        6.000        6.000        6.000
    50:        6.000        6.000        6.000        6.000        6.000
    55:        6.000        6.000        6.000        6.000        6.000
    60:        6.000        6.000        6.000        6.000        6.000
    65:        6.000        6.000        6.000        6.000        1.000
    70:        1.000        1.000        6.000        6.000        6.000
    75:        6.000        6.000        6.000        2.000        4.000
    80:       22.000       24.000       12.000       13.000        8.000
    85:        5.000       17.000       21.000       22.000        6.000
    90:        6.000       18.000       14.000       10.000       19.000
    95:       11.000        6.000        6.000        6.000        6.000
   100:        6.000        6.000        6.000        6.000        6.000
   105:        6.000        6.000        6.000        6.000        6.000
   110:        6.000        6.000        6.000        6.000        6.000
   115:        6.000        6.000        6.000        6.000        6.000
   120:        6.000        2.000        4.000       22.000       24.000
   125:       12.000       13.000        8.000        5.000       17.000
   130:        6.000       18.000       14.000       10.000        6.000
   135:        6.000        6.000        6.000        6.000        6.000
   140:        6.000        6.000       19.000       11.000        6.000
   145:        6.000        2.000        4.000       22.000       24.000
   150:       12.000       13.000        8.000        5.000       17.000
   155:       21.000       22.000        6.000        6.000        6.000
   160:        6.000        6.000        6.000       18.000        6.000
   165:       14.000       10.000        6.000        6.000        6.000
   170:        6.000        6.000        6.000        6.000        6.000
   175:        6.000        6.000        6.000       19.000       11.000
   180:        6.000        6.000        6.000        6.000        6.000
   185:        6.000        6.000        6.000        6.000        6.000
   190:        6.000        6.000        6.000        6.000        6.000
   195:        6.000        6.000        6.000        6.000        6.000
   200:        6.000        6.000        6.000        6.000        6.000
   205:        6.000        2.000        4.000       22.000       24.000
   210:       12.000       13.000        8.000        5.000       17.000
   215:        6.000        6.000        6.000        6.000        6.000
   220:        6.000        6.000        6.000        6.000        6.000
   225:        6.000       18.000       14.000       10.000        6.000
   230:        6.000        6.000        6.000        6.000        6.000
   235:        6.000        6.000        6.000        6.000        6.000
   240:        6.000        6.000        6.000        6.000        6.000
   245:        6.000       19.000       11.000        6.000        6.000
   250:        6.000        6.000        6.000        6.000        6.000
   255:        6.000        6.000        6.000        6.000        6.000
   260:        6.000        6.000        6.000        6.000        6.000
   265:        6.000        6.000        6.000        2.000        4.000
   270:       22.000       24.000       12.000       13.000        8.000
   275:        5.000       17.000        6.000        6.000        6.000
   280:        6.000        6.000        6.000        6.000        6.000
   285:        6.000        6.000        6.000       18.000        6.000
   290:        6.000       14.000       10.000        6.000        6.000
   295:        6.000        6.000        6.000        6.000        6.000
   300:        6.000        6.000        6.000        6.000        6.000
   305:        6.000        6.000        6.000        6.000       19.000
   310:       11.000        6.000        6.000        6.000        6.000
   315:        6.000        6.000        6.000        6.000        6.000
   320:        6.000        6.000        6.000        6.000        6.000
   325:        6.000        6.000        6.000        6.000        6.000
   330:        6.000        6.000        6.000        6.000        6.000
   335:        6.000        6.000        6.000        6.000        6.000
   340:        6.000        2.000        4.000       22.000       24.000
   345:       12.000       13.000        8.000        5.000       17.000
   350:        6.000       18.000        6.000        6.000        6.000
   355:       14.000       10.000        6.000        6.000        6.000
   360:        6.000        6.000       19.000       11.000        6.000
   365:        6.000        6.000        6.000        6.000        6.000
   370:        6.000        6.000        6.000        6.000        6.000
   375:        6.000        6.000        6.000        6.000        6.000
   380:        6.000        6.000        6.000        6.000        6.000
   385:        6.000        6.000        6.000        6.000        6.000
   390:        6.000        6.000        6.000        6.000        6.000
   395:        6.000        6.000        6.000        6.000        6.000
   400:        6.000        6.000        6.000        6.000        6.000
   405:        6.000        6.000        6.000        6.000        6.000
   410:        6.000        6.000        6.000        6.000        6.000
   415:        6.000        6.000        6.000        6.000        6.000
   420:        6.000        6.000        6.000        6.000        6.000
   425:        6.000        6.000        6.000        6.000        6.000
   430:        6.000        6.000        6.000        6.000        6.000
   435:        6.000        6.000        6.000        6.000        6.000
   440:        6.000        6.000        6.000        6.000        6.000
   445:        6.000        6.000        6.000        6.000        6.000
   450:        6.000        6.000        6.000        6.000        6.000
   455:        6.000        6.000        6.000        6.000        6.000
   460:        6.000        6.000        6.000        6.000        6.000
   465:        6.000        6.000        6.000        6.000        6.000
   470:        6.000        6.000        6.000        6.000        6.000
   475:        6.000        6.000        6.000        6.000        6.000
   480:        6.000        6.000        6.000        6.000        6.000
   485:        6.000        6.000        6.000        6.000        6.000
   490:        6.000        6.000        6.000        6.000        6.000
   495:        6.000        6.000        6.000        6.000        6.000
   500:        6.000        6.000        6.000        6.000        6.000
   505:        6.000        6.000        6.000        6.000        6.000
   510:        6.000        6.000        6.000        6.000        6.000
   515:        6.000        6.000        6.000        6.000        2.000
   520:        4.000       22.000       24.000       12.000       13.000
   525:        8.000        5.000       17.000        6.000        6.000
   530:        6.000       18.000        6.000        6.000       14.000
   535:       10.000       19.000       11.000        6.000        6.000
   540:        6.000        6.000        6.000        6.000        6.000
   545:        6.000        6.000        6.000        6.000        6.000
   550:        6.000        6.000        6.000        6.000        6.000
   555:        6.000        6.000        2.000        4.000       22.000
   560:       24.000       12.000       13.000        8.000        5.000
   565:       17.000        6.000        6.000        6.000       18.000
   570:        6.000       14.000       10.000        6.000        6.000
   575:        6.000       19.000       11.000        6.000        2.000
   580:        4.000       22.000       24.000       12.000       13.000
   585:        8.000        5.000       17.000        6.000        6.000
   590:        6.000       18.000       14.000       10.000        6.000
   595:        6.000        6.000        6.000        6.000        6.000
   600:       19.000       11.000        2.000        4.000       22.000
   605:       24.000       12.000       13.000        8.000        5.000
   610:       17.000       21.000       22.000        6.000        6.000
   615:       18.000        6.000       14.000       10.000        6.000
   620:        6.000        6.000        6.000        6.000        6.000
   625:       19.000       11.000        6.000        6.000        6.000
   630:        6.000        6.000        6.000        6.000        6.000
   635:        6.000        6.000        6.000        6.000        6.000
   640:        6.000        6.000        6.000        6.000        6.000
   645:        6.000        6.000        6.000        6.000        6.000
   650:        6.000        6.000        6.000        6.000        6.000
   655:        6.000        6.000        6.000        6.000        6.000
   660:        6.000        6.000        6.000        6.000        6.000
   665:        6.000        6.000        6.000        6.000        6.000
   670:        6.000        6.000        6.000        6.000        6.000
   675:        6.000        6.000        6.000        6.000        6.000
   680:        6.000        6.000        6.000        6.000        6.000
   685:        6.000        6.000        6.000        6.000        6.000
   690:        6.000        6.000        6.000        6.000        6.000
   695:        6.000        6.000        6.000        6.000        6.000
   700:        6.000        6.000        6.000        6.000        6.000
   705:        6.000        6.000        2.000        4.000       22.000
   710:       24.000       12.000       13.000        8.000        5.000
   715:       17.000        6.000        6.000        6.000        6.000
   720:       18.000        6.000       14.000       10.000       19.000
   725:       11.000        6.000        6.000        6.000        6.000
   730:        6.000        6.000        6.000        2.000        4.000
   735:       22.000       24.000       12.000       13.000        8.000
   740:        5.000       17.000        6.000        6.000        6.000
   745:        6.000       18.000       14.000       10.000        6.000
   750:        6.000       19.000       11.000        6.000        6.000
   755:        6.000        6.000        6.000        6.000        6.000
   760:        6.000        6.000        6.000        6.000        6.000
   765:        6.000        6.000        6.000        6.000        6.000
   770:        6.000        6.000        6.000        6.000        6.000
   775:        6.000        6.000        6.000        6.000        6.000
   780:        6.000        6.000        6.000        6.000        6.000
   785:        6.000        6.000        6.000        6.000        6.000
   790:        6.000        6.000        6.000        6.000        6.000
   795:        6.000        6.000        6.000        6.000        6.000
   800:        6.000        6.000        6.000        6.000        6.000
   805:        6.000        6.000        6.000        6.000        6.000
   810:        6.000        6.000        6.000        6.000        6.000
   815:        6.000        6.000        6.000        6.000        6.000
   820:        6.000        6.000        6.000        6.000        6.000
   825:        6.000        6.000        6.000        6.000        6.000
   830:        6.000        6.000        6.000        6.000        6.000
   835:        6.000        6.000        6.000        6.000        6.000
   840:        6.000        6.000        6.000        6.000        6.000
   845:        6.000        6.000        6.000        6.000        6.000
   850:        6.000        6.000        6.000        6.000        6.000
   855:        6.000        6.000        6.000        6.000        6.000
   860:        6.000        6.000        6.000        6.000        6.000
   865:        6.000        6.000        6.000        6.000        6.000
   870:        6.000        6.000        6.000        6.000        6.000
   875:        6.000        6.000        6.000        6.000        6.000
   880:        6.000        6.000        6.000        6.000        6.000
   885:        6.000        6.000        6.000        6.000        6.000
   890:        6.000        6.000        6.000        6.000        6.000
   895:        6.000        6.000        6.000        6.000        6.000
   900:        6.000        6.000        6.000        6.000        6.000
   905:        6.000        6.000        6.000        6.000        6.000
   910:        6.000        6.000        6.000        6.000        6.000
   915:        6.000        6.000        6.000        6.000        6.000
   920:        6.000        6.000        6.000        6.000        6.000
   925:        6.000        6.000        6.000        6.000        6.000
   930:        6.000        6.000        6.000        6.000        6.000
   935:        6.000        6.000        6.000        6.000        6.000
   940:        6.000        6.000        6.000        6.000        2.000
   945:        4.000       22.000       24.000       12.000       13.000
   950:        8.000        5.000       17.000        6.000        6.000
   955:        6.000        6.000        6.000        6.000        6.000
   960:        6.000        6.000        6.000        6.000       18.000
   965:        6.000       14.000       10.000       19.000       11.000
   970:        6.000        6.000        6.000        6.000        6.000
   975:        6.000        6.000        2.000        4.000       22.000
   980:       24.000       12.000       13.000        8.000        5.000
   985:       17.000        6.000        6.000        6.000        6.000
   990:        6.000        6.000        6.000        6.000        6.000
   995:       18.000        6.000       14.000       10.000        6.000
  1000:        6.000        6.000        6.000        6.000        6.000
  1005:        6.000        6.000        6.000       19.000       11.000
  1010:        6.000        2.000        4.000       22.000       24.000
  1015:       12.000       13.000        8.000        5.000       17.000
  1020:        6.000        6.000        6.000        6.000        6.000
  1025:        6.000        6.000        6.000        6.000        6.000
  1030:        6.000        6.000       18.000       14.000       10.000
  1035:        6.000       19.000       11.000        2.000        4.000
  1040:       22.000       24.000       12.000       13.000        8.000
  1045:        5.000       17.000       21.000       22.000        6.000
  1050:        6.000        6.000       18.000       14.000       10.000
  1055:       19.000       11.000        6.000        6.000        6.000
  1060:        6.000        6.000        6.000        6.000        6.000
  1065:        6.000        2.000        4.000       22.000       24.000
  1070:       12.000       13.000        8.000        5.000       17.000
  1075:       21.000       22.000       18.000       14.000       10.000
  1080:       19.000       11.000        6.000        6.000        6.000
  1085:        6.000        6.000        6.000        6.000        6.000
  1090:        6.000        6.000        6.000        6.000        6.000
  1095:        6.000        6.000        6.000        6.000        6.000
  1100:        6.000        2.000        4.000       22.000       24.000
  1105:       12.000       13.000        8.000        5.000       17.000
  1110:        6.000        6.000        6.000       18.000        6.000
  1115:        6.000       14.000       10.000        6.000        6.000
  1120:        6.000        6.000        6.000        6.000        6.000
  1125:       19.000       11.000        6.000        6.000        6.000
  1130:        6.000        6.000        6.000        6.000        6.000
  1135:        6.000        6.000        6.000        6.000        6.000
  1140:        6.000        6.000        6.000        6.000        6.000
  1145:        6.000        6.000        6.000        6.000        6.000
  1150:        6.000        6.000        6.000        6.000        6.000
  1155:        6.000        6.000        6.000        6.000        6.000
  1160:        6.000        6.000        6.000        6.000        6.000
  1165:        6.000        6.000        6.000        6.000        6.000
  1170:        6.000        6.000        6.000        6.000        6.000
  1175:        6.000        6.000        6.000        6.000        6.000
  1180:        6.000        6.000        6.000        6.000        6.000
  1185:        6.000        6.000        6.000        6.000        6.000
  1190:        6.000        6.000        6.000        6.000        6.000
  1195:        6.000        6.000        6.000        6.000        6.000
  1200:        6.000        6.000        6.000        6.000        6.000
  1205:        6.000        6.000        6.000        6.000        6.000
  1210:        6.000        6.000        6.000        6.000        6.000
  1215:        6.000        6.000        6.000        6.000        6.000
  1220:        6.000        6.000        6.000        6.000        6.000
  1225:        6.000        6.000        6.000        6.000        6.000
  1230:        6.000        6.000        6.000        6.000        6.000
  1235:        6.000        6.000        6.000        6.000        6.000
  1240:        6.000        6.000        6.000        6.000        6.000
  1245:        6.000        6.000        6.000        6.000        6.000
  1250:        6.000        6.000        6.000        6.000        6.000
  1255:        6.000        6.000        6.000        6.000        6.000
  1260:        6.000        6.000        6.000        6.000        6.000
  1265:        6.000        6.000        6.000        6.000        6.000
  1270:        6.000        6.000        6.000        6.000        6.000
  1275:        6.000        6.000        6.000        6.000        6.000
  1280:        6.000        6.000        6.000        6.000        6.000
  1285:        6.000        6.000        6.000        6.000        6.000
  1290:        6.000        6.000        6.000        6.000        6.000
  1295:        6.000        6.000        6.000        6.000        2.000
  1300:        4.000       22.000       24.000       12.000       13.000
  1305:        8.000        5.000       17.000        6.000        6.000
  1310:        6.000        6.000        6.000        6.000        6.000
  1315:        6.000        6.000        6.000        6.000        6.000
  1320:        6.000        6.000        6.000       18.000        6.000
  1325:        6.000       14.000       10.000        6.000        6.000
  1330:        6.000        6.000        6.000        6.000        6.000
  1335:        6.000        6.000       19.000       11.000        6.000
  1340:        6.000        6.000        6.000        6.000        6.000
  1345:        6.000        6.000        6.000        6.000        6.000
  1350:        6.000        6.000        1.000        6.000        6.000
  1355:        6.000        2.000        4.000       22.000       24.000
  1360:       12.000       13.000        8.000        5.000       17.000
  1365:       21.000       22.000        6.000        6.000        6.000
  1370:        6.000        6.000       18.000        6.000       14.000
  1375:       10.000        6.000        6.000        6.000        6.000
  1380:        6.000       19.000       11.000        6.000        6.000
  1385:        6.000        6.000        6.000        6.000        6.000
  1390:        6.000        6.000        6.000        6.000        6.000
  1395:        6.000        6.000        6.000        6.000        6.000
  1400:        6.000        6.000        6.000        6.000        6.000
  1405:        6.000        6.000        6.000        6.000        6.000
  1410:        6.000        6.000        6.000        6.000        6.000
  1415:        6.000        6.000        6.000        6.000        6.000
  1420:        6.000        6.000        6.000        6.000        6.000
  1425:        6.000        6.000        6.000        6.000        6.000
  1430:        6.000        6.000        6.000        6.000        6.000
  1435:        6.000        6.000        6.000        6.000        6.000
  1440:        6.000        6.000        6.000        6.000        6.000
  1445:        6.000        6.000        6.000        6.000        6.000
  1450:        6.000        6.000        6.000        6.000        6.000
  1455:        6.000        6.000        6.000        6.000        6.000
  1460:        6.000        6.000        6.000        6.000        6.000
  1465:        6.000        6.000        6.000        6.000        6.000
  1470:        6.000        6.000        6.000        6.000        6.000
  1475:        6.000        6.000        6.000        6.000        6.000
  1480:        6.000        6.000        6.000        6.000        6.000
  1485:        6.000        6.000        6.000        6.000        6.000
  1490:        6.000        6.000        6.000        6.000        6.000
  1495:        6.000        6.000        6.000        6.000        6.000
  1500:        6.000        6.000        6.000        6.000        6.000
  1505:        6.000        6.000        6.000        6.000        6.000
  1510:        6.000        6.000        6.000        6.000        6.000
  1515:        6.000        6.000        6.000        6.000        6.000
  1520:        6.000        6.000        6.000        6.000        6.000
  1525:        6.000        6.000        6.000        6.000        6.000
  1530:        6.000        6.000        6.000        6.000        6.000
  1535:        6.000        6.000        6.000        6.000        6.000
  1540:        6.000        6.000        6.000        6.000        6.000
  1545:        6.000        6.000        6.000        6.000        6.000
  1550:        6.000        6.000        6.000        6.000        6.000
  1555:        2.000        4.000       22.000       24.000       12.000
  1560:       13.000        8.000        5.000       17.000        6.000
  1565:        6.000        6.000        6.000       18.000        6.000
  1570:       14.000       10.000        6.000        6.000        6.000
  1575:        6.000        6.000        6.000        6.000        6.000
  1580:        6.000        6.000        6.000       19.000       11.000
  1585:        6.000        6.000        6.000        6.000        6.000
  1590:        6.000        6.000        6.000        2.000        4.000
  1595:       22.000       24.000       12.000       13.000        8.000
  1600:        5.000       17.000        6.000        6.000       18.000
  1605:        6.000       14.000       10.000        6.000       19.000
  1610:       11.000        6.000        6.000        6.000        6.000
  1615:        6.000        6.000        6.000      100.000
T:
     0:        0.000        0.000        0.000        0.000       21.660
     5:       58.030       92.930      157.710      252.350      269.090
    10:      269.090      269.090      269.100      269.100      269.100
    15:      269.100      269.100      269.100      269.960      273.100
    20:      274.100      274.100      274.250      275.340      279.090
    25:      279.100      279.460      279.710      280.490      280.490
    30:      280.490      280.500      280.500      280.500      280.500
    35:      280.500      280.500      281.020      281.020      281.950
    40:      284.500      285.500      285.500      286.420      287.280
    45:      290.490      290.500      291.260      295.820      307.700
    50:      338.700      340.040      340.220      340.270      360.990
    55:      361.670      362.360      368.630      406.760      406.950
    60:      407.480      408.040      422.980      423.680      425.580
    65:      425.770      438.310      444.200      462.690      467.210
    70:      468.380      469.490      474.710      493.560      494.100
    75:      497.120      505.330      510.910      512.400      512.400
    80:      512.400      512.410      512.410      512.410      512.410
    85:      512.410      512.410      513.830      513.830      514.750
    90:      515.810      516.410      517.410      517.410      522.400
    95:      522.410      552.550      552.590      553.140      555.810
   100:      556.390      562.440      565.550      565.590      565.640
   105:      565.930      566.460      567.120      567.210      567.680
   110:      569.380      571.630      573.420      574.270      574.340
   115:      575.320      575.660      577.760      578.400      579.500
   120:      579.630      583.410      583.410      583.410      583.420
   125:      583.420      583.420      583.420      583.420      583.420
   130:      584.230      587.420      588.420      588.420      588.670
   135:      589.080      589.470      589.600      590.090      590.820
   140:      591.000      591.130      593.410      593.420      595.030
   145:      607.060      610.680      610.680      610.680      610.690
   150:      610.690      610.690      610.690      610.690      610.690
   155:      610.940      610.940      611.210      611.890      612.220
   160:      613.430      613.590      613.940      614.690      615.470
   165:      615.690      615.690      615.830      616.300      616.330
   170:      616.850      618.350      619.120      619.970      620.140
   175:      620.290      620.490      620.590      620.680      620.690
   180:      620.770      620.800      620.980      621.110      623.790
   185:      624.250      624.340      624.430      624.910      625.160
   190:      627.440      630.130      630.320      631.000      631.020
   195:      631.070      631.390      631.410      631.540      631.660
   200:      632.070      734.940      743.370      785.910      786.310
   205:      794.080      795.310      795.310      795.310      795.320
   210:      795.320      795.320      795.320      795.320      795.320
   215:      796.420      797.470      797.790      798.270      798.410
   220:      798.670      798.760      798.920      798.990      799.080
   225:      799.290      799.320      800.320      800.320      800.570
   230:      800.650      800.870      800.930      801.030      801.120
   235:      801.190      801.640      801.790      801.900      802.400
   240:      802.520      802.580      803.000      803.160      803.270
   245:      803.380      805.310      805.320      806.790      807.250
   250:      808.000      808.840      808.870      809.010      809.370
   255:      809.940      812.320      812.540      812.560      812.920
   260:      829.330      829.870      829.970      830.460      830.570
   265:      830.720      830.850      834.860      836.050      836.050
   270:      836.050      836.060      836.060      836.060      836.060
   275:      836.060      836.060      836.710      837.400      838.020
   280:      838.110      838.210      838.320      838.430      838.540
   285:      839.030      839.110      839.220      840.060      840.130
   290:      840.270      841.060      841.060      841.140      841.400
   295:      841.500      841.550      841.840      841.980      842.430
   300:      843.100      843.540      844.160      844.310      844.480
   305:      845.270      845.600      845.710      845.980      846.050
   310:      846.060      846.060      846.640      846.700      861.660
   315:      977.890     1027.570     1100.700     1306.220     1306.650
   320:     1306.930     1307.100     1341.090     1341.510     1429.730
   325:     1439.480     1509.000     1509.070     1509.730     1552.090
   330:     1568.190     1573.670     1589.040     1600.110     1753.300
   335:     1753.740     1767.780     1890.630     1891.280     1944.660
   340:     1945.040     1946.840     1946.840     1946.840     1946.850
   345:     1946.850     1946.850     1946.850     1946.850     1946.850
   350:     1950.630     1950.850     1950.930     1951.190     1951.490
   355:     1951.850     1951.850     1955.300     1955.650     1955.730
   360:     1956.110     1956.580     1956.840     1956.850     1970.210
   365:     1970.340     1970.500     1971.190     1972.200     1972.220
   370:     1973.710     1974.340     1974.400     1985.270     1985.480
   375:     2012.480     2012.600     2012.640     2017.870     2018.080
   380:     2018.540     2021.760     2022.330     2022.530     2022.790
   385:     2022.970     2023.180     2025.160     2025.350     2039.010
   390:     2039.260     2039.330     2053.760     2053.910     2054.450
   395:     2055.470     2057.040     2057.180     2057.220     2057.290
   400:     2058.220     2058.370     2058.620     2058.650     2058.700
   405:     2058.810     2058.870     2059.060     2059.690     2059.730
   410:     2060.530     2060.710     2061.080     2062.100     2062.320
   415:     2063.010     2063.030     2063.140     2082.780     2083.670
   420:     2111.250     2111.530     2112.450     2112.570     2112.750
   425:     2113.890     2113.930     2116.310     2116.330     2116.560
   430:     2119.730     2119.790     2119.910     2120.090     2120.580
   435:     2120.710     2121.070     2122.190     2122.240     2124.790
   440:     2124.870     2125.520     2126.050     2126.180     2126.350
   445:     2126.730     2126.800     2126.880     2127.440     2128.150
   450:     2128.210     2128.360     2128.570     2131.780     2132.290
   455:     2132.400     2132.470     2186.920     2235.150     2240.210
   460:     2240.260     2240.450     2240.530     2240.760     2241.100
   465:     2241.450     2242.500     2242.570     2243.250     2243.330
   470:     2243.670     2243.800     2247.180     2247.550     2269.060
   475:     2269.320     2269.350     2269.440     2270.080     2271.350
   480:     2271.870     2271.890     2272.370     2272.400     2272.530
   485:     2272.830     2273.550     2275.650     2279.180     2279.710
   490:     2279.820     2282.420     2282.650     2283.540     2283.670
   495:     2284.540     2284.780     2284.910     2285.020     2285.770
   500:     2288.860     2289.060     2289.900     2289.930     2290.210
   505:     2290.280     2298.240     2299.560     2316.470     2316.650
   510:     2317.100     2339.520     2339.740     2339.950     2374.480
   515:     2374.750     2374.850     2393.170     2393.420     2396.870
   520:     2396.870     2396.870     2396.880     2396.880     2396.880
   525:     2396.880     2396.880     2396.880     2397.570     2397.920
   530:     2398.090     2400.880     2401.300     2401.630     2401.880
   535:     2401.880     2406.870     2406.880     2406.970     2407.140
   540:     2407.850     2408.530     2415.150     2415.350     2418.780
   545:     2419.000     2419.360     2422.340     2422.570     2422.820
   550:     2423.260     2423.680     2423.770     2423.870     2424.100
   555:     2424.340     2424.460     2436.930     2436.930     2436.930
   560:     2436.940     2436.940     2436.940     2436.940     2436.940
   565:     2436.940     2438.070     2438.390     2438.500     2440.940
   570:     2441.850     2441.940     2441.940     2442.210     2444.420
   575:     2444.620     2446.930     2446.940     2448.460     2451.220
   580:     2451.220     2451.220     2451.230     2451.230     2451.230
   585:     2451.230     2451.230     2451.230     2452.270     2452.510
   590:     2453.880     2455.230     2456.230     2456.230     2457.040
   595:     2457.230     2457.340     2457.930     2458.080     2458.980
   600:     2461.220     2461.230     2461.910     2461.910     2461.910
   605:     2461.920     2461.920     2461.920     2461.920     2461.920
   610:     2461.920     2462.250     2462.250     2462.740     2462.970
   615:     2465.920     2466.380     2466.920     2466.920     2467.000
   620:     2467.160     2467.190     2468.760     2471.160     2471.860
   625:     2471.910     2471.920     2482.690     2482.970     2498.510
   630:     2506.600     2507.830     2507.960     2514.810     2523.110
   635:     2530.880     2531.340     2549.580     2549.770     2549.890
   640:     2552.640     2552.860     2553.010     2553.220     2565.100
   645:     2573.070     2624.330     2711.610     2784.990     2809.080
   650:     2856.420     2890.240     2890.400     2890.430     2891.790
   655:     3022.430     3167.770     3168.010     3168.090     3183.450
   660:     3183.780     3245.940     3246.060     3246.080     3542.500
   665:     3616.240     3627.630     3627.800     3978.220     3978.510
   670:     4024.270     4024.460     4100.660     4100.950     4212.850
   675:     4213.100     4213.550     4290.840     4291.430     4299.870
   680:     4301.520     4304.580     4305.120     4305.670     4305.710
   685:     4305.800     4309.350     4309.550     4309.960     4310.030
   690:     4331.230     4331.580     4382.670     4474.810     4487.650
   695:     4487.950     4508.660     4559.280     4559.430     4559.670
   700:     4650.490     4650.810     4651.110     4666.520     4666.730
   705:     4666.970     4667.050     4717.160     4717.160     4717.160
   710:     4717.170     4717.170     4717.170     4717.170     4717.170
   715:     4717.170     4718.240     4718.550     4718.650     4718.740
   720:     4721.170     4721.930     4722.170     4722.170     4727.160
   725:     4727.170     4727.270     4727.630     4730.600     4730.770
   730:     4730.860     4730.950     4731.330     4733.240     4733.240
   735:     4733.240     4733.250     4733.250     4733.250     4733.250
   740:     4733.250     4733.250     4734.060     4734.430     4734.680
   745:     4736.260     4737.250     4738.250     4738.250     4738.590
   750:     4742.040     4743.240     4743.250     4743.990     4744.120
   755:     4744.220     4744.970     4745.350     4752.740     4753.230
   760:     4791.520     4796.800     4796.970     4797.230     4800.460
   765:     4800.610     4801.090     4801.180     4804.460     4805.060
   770:     4805.090     4805.920     4806.050     4810.090     4827.050
   775:     4827.420     4845.120     4845.490     4854.350     4854.620
   780:     4854.950     4896.340     5442.840     5607.420     5649.130
   785:     5744.230     5744.970     5745.640     5745.700     5745.740
   790:     5756.010     5756.300     5759.110     5760.160     5760.200
   795:     5760.230     5760.320     5766.130     5775.200     5775.840
   800:     5776.650     5776.710     5776.900     5778.610     5778.720
   805:     5778.810     5778.840     5778.990     5783.160     5783.250
   810:     5783.510     5783.600     5783.660     5784.050     5784.750
   815:     5785.310     5788.240     5792.950     5793.650     5794.040
   820:     5794.140     5795.500     5795.920     5809.890     5810.890
   825:     5811.920     5812.150     5812.210     5812.270     5812.610
   830:     5813.580     5816.910     5816.940     5818.400     5818.670
   835:     5818.890     5819.120     5819.350     5822.060     5822.460
   840:     5822.810     5852.850     5853.310     5857.850     5865.630
   845:     5865.850     5866.360     5866.920     5866.950     5867.070
   850:     5873.210     5884.730     5892.010     5892.300     5892.380
   855:     5899.600     5900.170     5900.240     5900.340     5900.470
   860:     5901.590     5901.820     5901.930     5904.810     5905.170
   865:     5905.370     5905.470     5908.280     5908.570     6060.570
   870:     6061.660     6062.360     6062.380     6064.600     6065.300
   875:     6065.540     6069.900     6069.960     6070.020     6070.110
   880:     6070.170     6070.400     6070.880     6073.530     6080.770
   885:     6080.880     6088.800     6089.140     6089.750     6106.590
   890:     6106.920     6106.990     6107.210     6107.770     6108.470
   895:     6108.540     6108.950     6110.440     6110.700     6127.160
   900:     6128.450     6128.610     6128.950     6129.030     6129.180
   905:     6129.450     6132.990     6134.100     6134.210     6134.460
   910:     6134.860     6164.060     6164.340     6167.490     6167.750
   915:     6174.070     6174.360     6176.040     6179.880     6184.710
   920:     6185.480     6185.960     6186.220     6186.260     6186.380
   925:     6187.330     6187.540     6201.330     6205.390     6205.730
   930:     6206.510     6207.160     6207.190     6207.280     6207.380
   935:     6209.060     6209.280     6209.360     6209.480     6210.100
   940:     6212.880     6212.950     6213.440     6225.600     6242.100
   945:     6242.100     6242.100     6242.110     6242.110     6242.110
   950:     6242.110     6242.110     6242.110     6243.360     6243.590
   955:     6243.700     6244.570     6245.060     6245.140     6245.250
   960:     6245.280     6245.710     6245.830     6246.100     6246.110
   965:     6246.340     6247.110     6247.110     6252.100     6252.110
   970:     6255.650     6255.900     6256.080     6257.020     6257.300
   975:     6257.420     6261.740     6263.970     6263.970     6263.970
   980:     6263.980     6263.980     6263.980     6263.980     6263.980
   985:     6263.980     6265.160     6265.490     6265.660     6265.840
   990:     6265.930     6266.020     6266.710     6267.350     6267.450
   995:     6267.980     6268.310     6268.980     6268.980     6268.980
  1000:     6269.400     6270.240     6270.340     6270.790     6270.860
  1005:     6271.130     6271.570     6273.440     6273.970     6273.980
  1010:     6280.440     6282.080     6282.080     6282.080     6282.090
  1015:     6282.090     6282.090     6282.090     6282.090     6282.090
  1020:     6283.260     6283.510     6283.950     6283.970     6284.040
  1025:     6284.280     6284.350     6284.790     6285.310     6285.540
  1030:     6285.660     6285.950     6286.090     6287.090     6287.090
  1035:     6291.020     6292.080     6292.090     6295.360     6295.360
  1040:     6295.360     6295.370     6295.370     6295.370     6295.370
  1045:     6295.370     6295.370     6295.560     6295.560     6296.230
  1050:     6296.400     6296.480     6299.370     6300.370     6300.370
  1055:     6305.360     6305.370     6306.630     6311.960     6312.270
  1060:     6312.410     6319.130     6319.350     6319.440     6319.610
  1065:     6319.690     6320.580     6320.580     6320.580     6320.590
  1070:     6320.590     6320.590     6320.590     6320.590     6320.590
  1075:     6321.730     6321.730     6324.590     6325.590     6325.590
  1080:     6330.580     6330.590     6336.880     6341.970     6362.830
  1085:     6362.960     6363.110     6953.740     7702.950     7706.430
  1090:     7706.920     7739.610     7780.210     7921.810     7922.150
  1095:     7946.240     7946.510     7999.270     7999.980     8000.290
  1100:     8008.470     8009.470     8009.470     8009.470     8009.480
  1105:     8009.480     8009.480     8009.480     8009.480     8009.480
  1110:     8011.090     8011.390     8013.470     8013.480     8013.920
  1115:     8014.030     8014.480     8014.480     8017.920     8018.240
  1120:     8018.490     8018.730     8019.080     8019.290     8019.350
  1125:     8019.470     8019.480     8024.290     8029.010     8029.200
  1130:     8029.330     8029.850     8030.420     8030.490     8030.900
  1135:     8030.980     8031.180     8031.240     8031.440     8031.840
  1140:     8035.060     8046.210     8046.420     8046.640     8046.760
  1145:     8046.860     8047.020     8050.490     8100.410     8100.650
  1150:     8199.510     8392.440     8415.040     8415.190     8620.210
  1155:     8710.350     8710.710     8710.810     8710.910     8711.440
  1160:     8711.590     8713.680     8716.410     8716.780     8721.120
  1165:     8721.320     8721.850     8727.350     8727.450     8727.470
  1170:     8727.680     8731.550     8773.690     8792.000     8792.550
  1175:     8792.780     8795.300     8809.220     8809.640     8817.790
  1180:     8817.990     8820.690     8820.950     8821.520     8821.660
  1185:     8821.870     8842.630     8845.330     8845.560     8846.640
  1190:     8846.690     8846.850     8847.270     8847.480     8848.360
  1195:     8851.200     8851.240     8851.390     8862.020     8862.270
  1200:     8862.420     8863.310     8863.400     8863.450     8863.510
  1205:     8863.830     8864.060     8864.100     8864.120     8865.070
  1210:     8865.320     8865.440     8866.400     8866.820     8880.130
  1215:     8880.390     8880.600     8880.930     8881.280     8881.390
  1220:     8882.660     8885.150     8885.480     8885.550     8885.660
  1225:     8885.690     8885.910     8887.940     8888.230     8890.720
  1230:     8890.820     8891.330     8891.840     8894.840     8895.760
  1235:     8895.890     8895.960     8896.140     8898.420     8898.560
  1240:     8898.770     8899.320     8899.380     8899.540     8899.600
  1245:     8899.830     8899.880     8900.150     8900.250     8900.440
  1250:     8900.560     8900.680     8903.920     8904.070     8906.970
  1255:     8907.520     8907.660     8907.730     8908.390     8919.560
  1260:     8927.030     8937.610     8938.330     8938.630     8938.780
  1265:     8970.550     8970.710     8972.810     8973.000     8983.400
  1270:     8983.860     8983.910     8984.160     8984.180     8984.220
  1275:     8984.390     8984.410     8984.480     8984.530     8985.220
  1280:     8991.210     8992.030     8992.190     8992.310     9008.730
  1285:     9008.920     9009.010     9009.220     9010.700     9015.750
  1290:     9031.030     9031.310     9058.980     9060.230     9060.350
  1295:     9066.540     9067.780     9068.300     9068.360     9083.170
  1300:     9083.170     9083.170     9083.180     9083.180     9083.180
  1305:     9083.180     9083.180     9083.180     9083.940     9084.120
  1310:     9084.550     9084.570     9084.610     9085.000     9085.020
  1315:     9085.100     9085.220     9085.290     9085.510     9086.660
  1320:     9086.740     9086.830     9086.920     9087.180     9087.860
  1325:     9087.970     9088.180     9088.180     9088.330     9088.520
  1330:     9088.710     9088.990     9089.040     9089.300     9089.510
  1335:     9091.010     9091.250     9093.170     9093.180     9093.590
  1340:     9093.660     9093.750     9093.850     9094.000     9094.360
  1345:     9095.030     9095.150     9095.180     9095.230     9095.360
  1350:     9095.400     9095.580     9110.640     9113.790     9114.070
  1355:     9114.180     9114.840     9114.840     9114.840     9114.850
  1360:     9114.850     9114.850     9114.850     9114.850     9114.850
  1365:     9115.210     9115.210     9116.080     9116.240     9118.200
  1370:     9118.270     9118.420     9118.850     9119.440     9119.850
  1375:     9119.850     9120.080     9120.130     9120.230     9120.310
  1380:     9120.350     9124.840     9124.850     9125.400     9125.760
  1385:     9170.150     9170.420     9170.470     9171.170     9178.510
  1390:     9178.870     9185.310     9185.490     9299.180     9354.830
  1395:     9359.390     9369.100     9407.530     9604.730     9791.410
  1400:     9905.560    10040.260    10041.140    10047.270    10047.490
  1405:    10048.820    10049.070    10050.290    10053.470    10082.500
  1410:    10084.850    10085.260    10085.530    10085.860    10087.380
  1415:    10087.870    10088.410    10088.580    10088.640    10129.350
  1420:    10140.450    10140.840    10142.930    10143.090    10143.510
  1425:    10143.690    10146.360    10150.120    10150.170    10150.420
  1430:    10153.770    10153.930    10163.460    10163.870    10164.490
  1435:    10164.600    10164.790    10165.000    10165.040    10170.130
  1440:    10173.000    10173.070    10173.390    10208.040    10208.080
  1445:    10210.760    10211.170    10224.190    10224.410    10225.300
  1450:    10225.940    10226.360    10227.870    10230.730    10230.880
  1455:    10230.920    10231.140    10231.400    10231.760    10231.990
  1460:    10235.610    10236.220    10236.310    10239.890    10240.250
  1465:    10240.590    10240.850    10247.790    10248.220    10248.570
  1470:    10248.750    10248.920    10253.490    10256.000    10284.780
  1475:    10285.130    10285.590    10285.850    10286.020    10286.880
  1480:    10287.110    10287.470    10287.500    10287.810    10318.300
  1485:    10332.710    10332.780    10332.960    10333.110    10333.160
  1490:    10333.220    10333.270    10334.850    10343.630    10344.020
  1495:    10346.340    10347.360    10347.510    10358.000    10358.540
  1500:    10358.720    10359.760    10360.790    10361.530    10361.640
  1505:    10361.750    10362.380    10362.750    10362.770    10384.140
  1510:    10384.230    10384.320    10384.730    10384.780    10385.010
  1515:    10385.110    10386.140    10388.790    10388.950    10389.100
  1520:    10389.330    10407.830    10415.760    10416.020    10416.860
  1525:    10417.380    10417.890    10418.280    10419.780    10420.440
  1530:    10420.790    10423.470    10444.140    10444.940    10445.460
  1535:    10445.520    10445.550    10449.960    10450.280    10454.400
  1540:    10454.580    10455.270    10455.310    10455.530    10455.690
  1545:    10455.870    10458.210    10473.790    10474.210    10474.600
  1550:    10480.360    10480.740    10480.920    10480.960    10507.910
  1555:    10509.890    10509.890    10509.890    10509.900    10509.900
  1560:    10509.900    10509.900    10509.900    10509.900    10511.000
  1565:    10511.560    10511.700    10511.800    10513.900    10514.670
  1570:    10514.900    10514.900    10515.080    10515.110    10515.180
  1575:    10515.480    10515.540    10515.910    10515.990    10516.110
  1580:    10517.720    10517.880    10517.990    10519.890    10519.900
  1585:    10520.910    10702.810    10724.080    10724.650    10724.840
  1590:    10739.510    10739.780    10739.800    10770.520    10770.520
  1595:    10770.520    10770.530    10770.530    10770.530    10770.530
  1600:    10770.530    10770.530    10771.210    10771.410    10774.530
  1605:    10774.540    10775.530    10775.530    10775.950    10780.520
  1610:    10780.530    10785.830    10786.630    10786.670    10786.710
  1615:    10786.810    10786.840    10786.970    10800.000
