File: C:\MED-PC\Data\2025-04-02_09h48m_Subject 76.txt


Start Date: 04/02/25
End Date: 04/02/25
Subject: 76
Experiment: OralFentSA
Group: One
Box: 4
Start Time: 09:48:51
End Time: 12:49:31
MSN: Golden_Liq_SelfAdmin_EXT
F:       0.000
G:     864.000
H:   10800.000
I:       0.000
J:       0.000
K:       0.000
L:       0.000
M:       0.000
N:       0.000
O:       0.000
P:       0.000
Q:       0.000
R:       0.000
S:       0.000
U:       0.000
V:       0.000
W:       0.000
X:       0.000
Y:       0.000
Z:       0.000
A:
     0:        0.000        0.000      180.000        4.000        0.000
     5:        5.000        0.000        5.000        0.000        0.000
    10:        1.000        0.000       10.000   100000.000       20.000
    15:       23.000      600.000        0.000        0.000        0.000
    20:        0.000
B:
     0:        0.000        0.000        0.000        0.000        0.000
     5:        0.000        0.000        0.000        0.000        0.000
    10:        0.000        0.000     1000.000 10000000.000        0.000
    15:        0.000        0.000        0.000        0.000        0.000
    20:        0.000
C:
     0:        0.000       94.000       46.000      125.000       99.000
     5:    10723.610       66.550       21.000     1722.260       82.012
    10:      125.000       46.000        0.000        0.000        0.000
    15:        0.000        0.000        0.000        0.000        0.000
    20:        0.000
D:
     0:        1.340      449.970       46.840        3.540        4.440
     5:       64.860       55.310      123.140        6.620       56.880
    10:       38.620       72.530       85.490       44.930       62.730
    15:       33.180       75.570      213.190      213.080        3.450
    20:       66.550
E:
     0:       19.000       11.000       26.000       27.000        2.000
     5:        4.000       22.000       24.000       12.000       19.000
    10:       11.000        2.000        4.000       22.000       24.000
    15:       12.000        6.000       19.000       11.000        6.000
    20:        6.000        1.000        6.000        6.000        6.000
    25:        6.000        2.000        4.000       22.000       24.000
    30:       12.000       21.000       22.000       19.000       11.000
    35:        6.000        6.000        6.000        6.000        2.000
    40:        4.000       22.000       24.000       12.000       21.000
    45:       22.000       21.000       22.000       19.000       11.000
    50:        6.000        6.000        6.000        6.000        1.000
    55:        1.000        1.000        2.000        4.000       22.000
    60:       24.000       12.000        6.000       21.000       22.000
    65:       19.000       11.000        2.000        4.000       22.000
    70:       24.000       12.000       21.000       22.000       19.000
    75:       11.000        2.000        4.000       22.000       24.000
    80:       12.000        6.000        6.000       19.000       11.000
    85:        2.000        4.000       22.000       24.000       12.000
    90:       19.000       11.000        6.000        2.000        4.000
    95:       22.000       24.000       12.000       20.000       19.000
   100:       11.000        2.000        4.000       22.000       24.000
   105:       12.000       20.000       20.000       19.000       11.000
   110:        1.000        1.000        1.000        1.000        6.000
   115:        6.000        6.000        6.000        6.000        6.000
   120:        6.000        6.000        2.000        4.000       22.000
   125:       24.000       12.000       21.000       22.000       21.000
   130:       22.000       19.000       11.000        2.000        4.000
   135:       22.000       24.000       12.000       21.000       22.000
   140:       19.000       11.000        2.000        4.000       22.000
   145:       24.000       12.000       21.000       22.000       19.000
   150:       11.000        2.000        4.000       22.000       24.000
   155:       12.000       19.000       11.000        2.000        4.000
   160:       22.000       24.000       12.000       19.000       11.000
   165:        2.000        4.000       22.000       24.000       12.000
   170:       19.000       11.000        2.000        4.000       22.000
   175:       24.000       12.000       19.000       11.000        2.000
   180:        4.000       22.000       24.000       12.000       19.000
   185:       11.000        2.000        4.000       22.000       24.000
   190:       12.000       19.000       11.000        2.000        4.000
   195:       22.000       24.000       12.000       21.000       22.000
   200:       19.000       11.000        2.000        4.000       22.000
   205:       24.000       12.000       19.000       11.000        2.000
   210:        4.000       22.000       24.000       12.000       19.000
   215:       11.000        2.000        4.000       22.000       24.000
   220:       12.000       19.000       11.000        2.000        4.000
   225:       22.000       24.000       12.000       19.000       11.000
   230:        2.000        4.000       22.000       24.000       12.000
   235:       19.000       11.000        2.000        4.000       22.000
   240:       24.000       12.000       19.000       11.000        2.000
   245:        4.000       22.000       24.000       12.000       19.000
   250:       11.000        2.000        4.000       22.000       24.000
   255:       12.000       19.000       11.000        2.000        4.000
   260:       22.000       24.000       12.000       19.000       11.000
   265:        2.000        4.000       22.000       24.000       12.000
   270:       19.000       11.000        2.000        4.000       22.000
   275:       24.000       12.000       21.000       22.000       21.000
   280:       22.000       21.000       22.000       19.000       11.000
   285:        2.000        4.000       22.000       24.000       12.000
   290:       21.000       22.000       19.000       11.000        2.000
   295:        4.000       22.000       24.000       12.000       19.000
   300:       11.000        2.000        4.000       22.000       24.000
   305:       12.000       19.000       11.000        2.000        4.000
   310:       22.000       24.000       12.000       19.000       11.000
   315:        2.000        4.000       22.000       24.000       12.000
   320:       21.000       22.000       19.000       11.000        6.000
   325:        6.000        6.000        2.000        4.000       22.000
   330:       24.000       12.000       19.000       11.000        2.000
   335:        4.000       22.000       24.000       12.000        6.000
   340:        6.000       19.000       11.000        6.000        6.000
   345:        6.000        2.000        4.000       22.000       24.000
   350:       12.000       21.000       22.000       19.000       11.000
   355:        2.000        4.000       22.000       24.000       12.000
   360:       21.000       22.000       19.000       11.000        1.000
   365:        1.000        2.000        4.000       22.000       24.000
   370:       12.000       19.000       11.000        2.000        4.000
   375:       22.000       24.000       12.000       19.000       11.000
   380:        2.000        4.000       22.000       24.000       12.000
   385:       21.000       22.000       19.000       11.000        2.000
   390:        4.000       22.000       24.000       12.000       19.000
   395:       11.000        2.000        4.000       22.000       24.000
   400:       12.000       19.000       11.000        2.000        4.000
   405:       22.000       24.000       12.000       19.000       11.000
   410:        2.000        4.000       22.000       24.000       12.000
   415:       19.000       11.000        2.000        4.000       22.000
   420:       24.000       12.000       19.000       11.000        2.000
   425:        4.000       22.000       24.000       12.000       19.000
   430:       11.000        2.000        4.000       22.000       24.000
   435:       12.000       19.000       11.000        2.000        4.000
   440:       22.000       24.000       12.000       19.000       11.000
   445:        2.000        4.000       22.000       24.000       12.000
   450:       19.000       11.000        2.000        4.000       22.000
   455:       24.000       12.000       19.000       11.000        2.000
   460:        4.000       22.000       24.000       12.000       19.000
   465:       11.000        2.000        4.000       22.000       24.000
   470:       12.000       21.000       22.000       19.000       11.000
   475:        2.000        4.000       22.000       24.000       12.000
   480:       19.000       11.000        2.000        4.000       22.000
   485:       24.000       12.000       19.000       11.000        2.000
   490:        4.000       22.000       24.000       12.000       21.000
   495:       22.000       19.000       11.000        2.000        4.000
   500:       22.000       24.000       12.000       19.000       11.000
   505:        2.000        4.000       22.000       24.000       12.000
   510:       21.000       22.000       21.000       22.000       21.000
   515:       22.000       19.000       11.000        2.000        4.000
   520:       22.000       24.000       12.000       19.000       11.000
   525:        6.000        6.000        6.000        6.000        6.000
   530:        2.000        4.000       22.000       24.000       12.000
   535:       19.000       11.000        1.000        6.000        2.000
   540:        4.000       22.000       24.000       12.000       21.000
   545:       22.000       21.000       22.000       19.000       11.000
   550:        1.000        1.000        6.000        6.000        6.000
   555:        6.000        6.000        6.000        6.000        6.000
   560:        6.000        6.000        6.000        6.000        6.000
   565:        6.000        6.000        6.000        6.000        6.000
   570:        6.000        6.000        6.000        6.000        6.000
   575:        6.000        6.000        6.000        2.000        4.000
   580:       22.000       24.000       12.000       21.000       22.000
   585:       19.000       11.000        2.000        4.000       22.000
   590:       24.000       12.000       21.000       22.000       19.000
   595:       11.000        2.000        4.000       22.000       24.000
   600:       12.000       21.000       22.000       19.000       11.000
   605:        1.000        6.000        2.000        4.000       22.000
   610:       24.000       12.000       19.000       11.000        2.000
   615:        4.000       22.000       24.000       12.000       19.000
   620:       11.000        2.000        4.000       22.000       24.000
   625:       12.000       19.000       11.000        2.000        4.000
   630:       22.000       24.000       12.000       19.000       11.000
   635:        2.000        4.000       22.000       24.000       12.000
   640:       19.000       11.000        2.000        4.000       22.000
   645:       24.000       12.000       19.000       11.000        2.000
   650:        4.000       22.000       24.000       12.000       19.000
   655:       11.000        2.000        4.000       22.000       24.000
   660:       12.000       21.000       22.000       21.000       22.000
   665:       19.000       11.000        2.000        4.000       22.000
   670:       24.000       12.000       19.000       11.000        2.000
   675:        4.000       22.000       24.000       12.000       19.000
   680:       11.000        2.000        4.000       22.000       24.000
   685:       12.000       19.000       11.000        2.000        4.000
   690:       22.000       24.000       12.000       19.000       11.000
   695:        2.000        4.000       22.000       24.000       12.000
   700:       19.000       11.000        2.000        4.000       22.000
   705:       24.000       12.000       19.000       11.000        2.000
   710:        4.000       22.000       24.000       12.000       19.000
   715:       11.000        2.000        4.000       22.000       24.000
   720:       12.000       19.000       11.000        2.000        4.000
   725:       22.000       24.000       12.000       19.000       11.000
   730:        2.000        4.000       22.000       24.000       12.000
   735:       21.000       22.000       19.000       11.000        2.000
   740:        4.000       22.000       24.000       12.000       19.000
   745:       11.000        6.000        2.000        4.000       22.000
   750:       24.000       12.000       19.000       11.000        1.000
   755:        1.000        1.000        6.000        1.000        1.000
   760:        6.000        6.000        1.000        6.000        1.000
   765:        1.000        1.000        1.000        1.000        2.000
   770:        4.000       22.000       24.000       12.000       19.000
   775:       11.000        1.000        6.000        6.000        1.000
   780:        1.000        6.000        6.000        1.000        1.000
   785:        6.000        6.000        2.000        4.000       22.000
   790:       24.000       12.000       19.000       11.000        6.000
   795:        1.000        1.000        2.000        4.000       22.000
   800:       24.000       12.000       19.000       11.000        1.000
   805:        1.000        6.000        6.000        2.000        4.000
   810:       22.000       24.000       12.000       19.000       11.000
   815:        1.000        1.000        1.000        2.000        4.000
   820:       22.000       24.000       12.000       19.000       11.000
   825:        1.000        1.000        1.000        1.000        6.000
   830:        6.000        6.000        6.000        6.000        6.000
   835:        6.000        6.000        2.000        4.000       22.000
   840:       24.000       12.000       21.000       22.000        6.000
   845:        6.000       19.000       11.000        6.000        6.000
   850:        6.000        1.000        6.000        1.000        6.000
   855:        6.000        2.000        4.000       22.000       24.000
   860:       12.000       19.000       11.000        6.000      100.000
T:
     0:        0.000        0.000        0.000        0.000        2.910
     5:        2.910        2.910        2.920        2.920       12.910
    10:       12.920       32.050       32.050       32.050       32.060
    15:       32.060       33.400       42.050       42.060       56.350
    20:       60.500      131.200      182.750      182.880      183.510
    25:      184.290      188.160      188.160      188.160      188.170
    30:      188.170      190.470      190.470      198.160      198.170
    35:      638.140      638.560      643.010      644.600      649.510
    40:      649.510      649.510      649.520      649.520      649.890
    45:      649.890      652.360      652.360      659.510      659.520
    50:      696.360      696.710      728.900      732.820      781.160
    55:      795.110      802.640      822.530      822.530      822.530
    60:      822.540      822.540      826.080      828.510      828.510
    65:      832.530      832.540      833.210      833.210      833.210
    70:      833.220      833.220      837.580      837.580      843.210
    75:      843.220      853.400      853.400      853.400      853.410
    80:      853.410      857.850      858.340      863.400      863.410
    85:      866.420      866.420      866.420      866.430      866.430
    90:      876.420      876.430      931.290      943.870      943.870
    95:      943.870      943.880      943.880      949.470      953.870
   100:      953.880      994.760      994.760      994.760      994.770
   105:      994.770     1004.120     1004.360     1004.760     1004.770
   110:     1004.780     1009.820     1015.210     1017.890     1050.080
   115:     1050.630     1058.460     1059.150     1059.360     1060.930
   120:     1061.380     1796.120     1803.870     1803.870     1803.870
   125:     1803.880     1803.880     1808.720     1808.720     1812.050
   130:     1812.050     1813.870     1813.880     1819.680     1819.680
   135:     1819.680     1819.690     1819.690     1824.600     1824.600
   140:     1829.680     1829.690     1831.830     1831.830     1831.830
   145:     1831.840     1831.840     1835.210     1835.210     1841.830
   150:     1841.840     2494.160     2494.160     2494.160     2494.170
   155:     2494.170     2504.160     2504.170     3157.000     3157.000
   160:     3157.000     3157.010     3157.010     3167.000     3167.010
   165:     3284.140     3284.140     3284.140     3284.150     3284.150
   170:     3294.140     3294.150     3361.090     3361.090     3361.090
   175:     3361.100     3361.100     3371.090     3371.100     3371.620
   180:     3371.620     3371.620     3371.630     3371.630     3381.620
   185:     3381.630     3472.540     3472.540     3472.540     3472.550
   190:     3472.550     3482.540     3482.550     3501.740     3501.740
   195:     3501.740     3501.750     3501.750     3502.100     3502.100
   200:     3511.740     3511.750     3623.830     3623.830     3623.830
   205:     3623.840     3623.840     3633.830     3633.840     3804.810
   210:     3804.810     3804.810     3804.820     3804.820     3814.810
   215:     3814.820     3854.490     3854.490     3854.490     3854.500
   220:     3854.500     3864.490     3864.500     3917.560     3917.560
   225:     3917.560     3917.570     3917.570     3927.560     3927.570
   230:     3933.380     3933.380     3933.380     3933.390     3933.390
   235:     3943.380     3943.390     4031.770     4031.770     4031.770
   240:     4031.780     4031.780     4041.770     4041.780     4071.520
   245:     4071.520     4071.520     4071.530     4071.530     4081.520
   250:     4081.530     4096.220     4096.220     4096.220     4096.230
   255:     4096.230     4106.220     4106.230     4153.570     4153.570
   260:     4153.570     4153.580     4153.580     4163.570     4163.580
   265:     4169.240     4169.240     4169.240     4169.250     4169.250
   270:     4179.240     4179.250     4202.720     4202.720     4202.720
   275:     4202.730     4202.730     4203.120     4203.120     4205.460
   280:     4205.460     4206.290     4206.290     4212.720     4212.730
   285:     4295.560     4295.560     4295.560     4295.570     4295.570
   290:     4305.240     4305.240     4305.560     4305.570     4361.580
   295:     4361.580     4361.580     4361.590     4361.590     4371.580
   300:     4371.590     4417.870     4417.870     4417.870     4417.880
   305:     4417.880     4427.870     4427.880     4435.150     4435.150
   310:     4435.150     4435.160     4435.160     4445.150     4445.160
   315:     4482.890     4482.890     4482.890     4482.900     4482.900
   320:     4485.350     4485.350     4492.890     4492.900     4606.040
   325:     4606.900     4610.030     4670.930     4670.930     4670.930
   330:     4670.940     4670.940     4680.930     4680.940     4681.370
   335:     4681.370     4681.370     4681.380     4681.380     4688.000
   340:     4688.220     4691.370     4691.380     4691.560     4699.370
   345:     4699.990     4726.740     4726.740     4726.740     4726.750
   350:     4726.750     4727.750     4727.750     4736.740     4736.750
   355:     4797.120     4797.120     4797.120     4797.130     4797.130
   360:     4800.190     4800.190     4807.120     4807.130     4813.070
   365:     4818.150     4879.640     4879.640     4879.640     4879.650
   370:     4879.650     4889.640     4889.650     4927.260     4927.260
   375:     4927.260     4927.270     4927.270     4937.260     4937.270
   380:     5027.430     5027.430     5027.430     5027.440     5027.440
   385:     5032.400     5032.400     5037.430     5037.440     5064.720
   390:     5064.720     5064.720     5064.730     5064.730     5074.720
   395:     5074.730     5173.040     5173.040     5173.040     5173.050
   400:     5173.050     5183.040     5183.050     5220.620     5220.620
   405:     5220.620     5220.630     5220.630     5230.620     5230.630
   410:     5264.420     5264.420     5264.420     5264.430     5264.430
   415:     5274.420     5274.430     5299.330     5299.330     5299.330
   420:     5299.340     5299.340     5309.330     5309.340     5316.020
   425:     5316.020     5316.020     5316.030     5316.030     5326.020
   430:     5326.030     5418.100     5418.100     5418.100     5418.110
   435:     5418.110     5428.100     5428.110     5496.670     5496.670
   440:     5496.670     5496.680     5496.680     5506.670     5506.680
   445:     5535.970     5535.970     5535.970     5535.980     5535.980
   450:     5545.970     5545.980     5590.820     5590.820     5590.820
   455:     5590.830     5590.830     5600.820     5600.830     5675.490
   460:     5675.490     5675.490     5675.500     5675.500     5685.490
   465:     5685.500     5715.720     5715.720     5715.720     5715.730
   470:     5715.730     5718.070     5718.070     5725.720     5725.730
   475:     5948.010     5948.010     5948.010     5948.020     5948.020
   480:     5958.010     5958.020     5978.220     5978.220     5978.220
   485:     5978.230     5978.230     5988.220     5988.230     6027.640
   490:     6027.640     6027.640     6027.650     6027.650     6033.840
   495:     6033.840     6037.640     6037.650     6086.760     6086.760
   500:     6086.760     6086.770     6086.770     6096.760     6096.770
   505:     6104.480     6104.480     6104.480     6104.490     6104.490
   510:     6105.870     6105.870     6106.550     6106.550     6107.290
   515:     6107.290     6114.480     6114.490     6116.770     6116.770
   520:     6116.770     6116.780     6116.780     6126.770     6126.780
   525:     6173.660     6176.040     6176.110     6179.700     6182.250
   530:     6191.440     6191.440     6191.440     6191.450     6191.450
   535:     6201.440     6201.450     6206.690     6230.070     6233.810
   540:     6233.810     6233.810     6233.820     6233.820     6235.360
   545:     6235.360     6241.400     6241.400     6243.810     6243.820
   550:     6297.840     6302.390     6306.350     6313.100     6313.550
   555:     6314.400     6314.710     6316.930     6317.810     6317.990
   560:     6318.200     6318.610     6318.920     6319.180     6320.670
   565:     6321.210     6322.100     6322.500     6323.010     6323.440
   570:     6333.250     6338.040     6342.150     6373.560     6375.040
   575:     6375.640     6376.300     6378.490     6411.540     6411.540
   580:     6411.540     6411.550     6411.550     6413.520     6413.520
   585:     6421.540     6421.550     6440.440     6440.440     6440.440
   590:     6440.450     6440.450     6445.770     6445.770     6450.440
   595:     6450.450     6455.900     6455.900     6455.900     6455.910
   600:     6455.910     6457.470     6457.470     6465.900     6465.910
   605:     6513.430     6541.400     6705.060     6705.060     6705.060
   610:     6705.070     6705.070     6715.060     6715.070     6886.880
   615:     6886.880     6886.880     6886.890     6886.890     6896.880
   620:     6896.890     7163.820     7163.820     7163.820     7163.830
   625:     7163.830     7173.820     7173.830     7216.460     7216.460
   630:     7216.460     7216.470     7216.470     7226.460     7226.470
   635:     7268.310     7268.310     7268.310     7268.320     7268.320
   640:     7278.310     7278.320     7367.900     7367.900     7367.900
   645:     7367.910     7367.910     7377.900     7377.910     7451.810
   650:     7451.810     7451.810     7451.820     7451.820     7461.810
   655:     7461.820     7506.180     7506.180     7506.180     7506.190
   660:     7506.190     7506.930     7506.930     7512.000     7512.000
   665:     7516.180     7516.190     7674.270     7674.270     7674.270
   670:     7674.280     7674.280     7684.270     7684.280     7706.140
   675:     7706.140     7706.140     7706.150     7706.150     7716.140
   680:     7716.150     7783.260     7783.260     7783.260     7783.270
   685:     7783.270     7793.260     7793.270     7815.370     7815.370
   690:     7815.370     7815.380     7815.380     7825.370     7825.380
   695:     7848.840     7848.840     7848.840     7848.850     7848.850
   700:     7858.840     7858.850     7872.590     7872.590     7872.590
   705:     7872.600     7872.600     7882.590     7882.600     7893.970
   710:     7893.970     7893.970     7893.980     7893.980     7903.970
   715:     7903.980     7917.050     7917.050     7917.050     7917.060
   720:     7917.060     7927.050     7927.060     8124.600     8124.600
   725:     8124.600     8124.610     8124.610     8134.600     8134.610
   730:     8200.070     8200.070     8200.070     8200.080     8200.080
   735:     8200.340     8200.340     8210.070     8210.080     8257.410
   740:     8257.410     8257.410     8257.420     8257.420     8267.410
   745:     8267.420     8302.350     8325.290     8325.290     8325.290
   750:     8325.300     8325.300     8335.290     8335.300     8375.160
   755:     8377.470     8382.300     8388.030     8441.000     8957.710
   760:     8995.960     8997.450     9017.510     9022.870     9044.040
   765:     9052.050     9056.070     9062.730     9083.820     9097.360
   770:     9097.360     9097.360     9097.370     9097.370     9107.360
   775:     9107.370     9116.600     9130.550     9130.890     9137.200
   780:     9147.900     9199.020     9201.740     9268.370     9292.940
   785:     9365.480     9365.760     9377.500     9377.500     9377.500
   790:     9377.510     9377.510     9387.500     9387.510     9453.080
   795:     9459.330     9502.210     9506.940     9506.940     9506.940
   800:     9506.950     9506.950     9516.940     9516.950     9564.970
   805:     9702.180     9720.140     9720.820     9761.660     9761.660
   810:     9761.660     9761.670     9761.670     9771.660     9771.670
   815:     9799.200     9822.960     9823.390     9900.590     9900.590
   820:     9900.590     9900.600     9900.600     9910.590     9910.600
   825:     9957.260    10077.740    10091.720    10091.940    10113.680
   830:    10114.040    10116.870    10117.110    10130.950    10132.510
   835:    10132.810    10211.140    10345.040    10345.040    10345.040
   840:    10345.050    10345.050    10346.920    10346.920    10348.500
   845:    10348.690    10355.040    10355.050    10430.750    10431.090
   850:    10434.960    10446.010    10457.170    10540.010    10643.080
   855:    10643.300    10723.600    10723.600    10723.600    10723.610
   860:    10723.610    10733.600    10733.610    10790.160    10800.000
