File: C:\MED-PC IV\DATA\!2025-02-20_15h18m.Subject 72



Start Date: 02/20/25
End Date: 02/20/25
Subject: 72
Experiment: OralFentSA
Group: One
Box: 8
Start Time: 15:18:26
End Time: 18:18:30
MSN: Golden_Liq_SelfAdmin
F:       0.000
G:     704.000
H:   10800.010
I:       0.000
J:       0.000
K:       0.000
L:       0.000
M:       0.000
N:       0.000
O:       0.000
P:       0.000
Q:       0.000
R:       0.000
S:       0.000
U:       0.000
V:       0.000
W:       0.000
X:       0.000
Y:       0.000
Z:       0.000
A:
     0:        0.000        0.000      180.000        4.000        0.000
     5:        5.000        0.000        5.000        0.000        0.000
    10:        1.000        0.000       10.000 100000000.00       22.000
    15:        9.000      640.000        0.000        0.000        0.000
    20:        0.000
B:
     0:        0.000        0.000        0.000      400.000        0.000
     5:      500.000        0.000      500.000        0.000        0.000
    10:        0.000        0.000     1000.000 10000000000.        0.000
    15:        0.000        0.000        0.000        0.000        0.000
    20:        0.000
C:
     0:       15.000       16.000        0.000       25.000      465.000
     5:    10635.460       16.200       14.000      100.850        7.204
    10:       25.000        5.000        0.000        0.000        0.000
    15:        0.000        0.000        0.000        0.000        0.000
    20:        0.000
D:
     0:        7.740        2.900        5.690       12.900        6.580
     5:        6.790        4.180        4.640        6.120        3.310
    10:        1.190        2.930       19.680       16.200
E:
     0:       19.000       11.000       26.000       27.000        2.000
     5:        4.000       22.000       24.000       12.000       13.000
    10:        8.000        5.000       17.000       18.000       14.000
    15:       10.000        6.000       19.000       11.000        6.000
    20:        6.000        6.000       23.000        6.000        6.000
    25:        6.000        6.000        2.000        4.000       22.000
    30:       24.000       12.000       13.000        8.000        5.000
    35:       17.000       21.000       22.000        6.000       18.000
    40:       14.000       10.000       19.000       11.000        6.000
    45:        6.000        6.000        6.000        6.000        6.000
    50:        6.000        6.000        6.000        6.000        6.000
    55:        6.000        6.000        6.000        2.000        4.000
    60:       22.000       24.000       12.000       13.000        8.000
    65:        5.000       17.000       18.000       21.000       22.000
    70:       14.000       10.000        6.000       19.000       11.000
    75:        6.000        2.000        4.000       22.000       24.000
    80:       12.000       13.000        8.000        5.000       17.000
    85:       18.000       14.000       10.000       19.000       11.000
    90:        6.000       23.000       23.000       23.000        6.000
    95:        6.000        6.000        6.000        6.000        6.000
   100:        6.000        6.000        6.000        6.000        6.000
   105:        6.000        6.000        6.000        6.000        6.000
   110:        6.000        6.000        6.000        6.000        6.000
   115:        6.000        6.000        6.000        2.000        4.000
   120:       22.000       24.000       12.000       13.000        8.000
   125:        5.000       17.000       18.000       14.000       10.000
   130:        6.000        6.000       19.000       11.000        6.000
   135:        6.000        6.000        6.000        6.000        6.000
   140:        6.000        6.000        6.000        6.000        6.000
   145:        6.000        6.000        6.000        6.000        6.000
   150:        6.000        6.000        6.000        6.000        6.000
   155:        6.000        6.000        6.000        6.000        6.000
   160:        6.000        6.000        6.000        6.000        6.000
   165:        6.000        6.000        6.000        6.000        6.000
   170:        6.000        6.000        6.000        6.000        6.000
   175:        6.000        6.000        6.000        6.000        6.000
   180:        6.000        6.000        6.000        6.000        6.000
   185:        6.000        6.000        6.000        6.000        6.000
   190:        6.000        6.000        6.000        6.000        6.000
   195:        6.000        6.000        6.000        6.000        6.000
   200:        6.000        6.000        6.000        6.000        6.000
   205:        6.000        6.000        6.000        6.000        6.000
   210:        6.000        6.000        6.000        6.000        6.000
   215:        6.000        6.000        6.000        6.000        6.000
   220:        6.000        6.000        6.000        6.000        6.000
   225:        6.000        6.000        6.000        6.000        6.000
   230:        6.000        6.000        6.000        6.000        6.000
   235:        6.000        6.000        6.000        6.000        6.000
   240:        6.000        6.000        6.000        6.000        6.000
   245:        6.000        6.000        6.000        6.000        6.000
   250:        6.000        6.000        6.000        6.000        6.000
   255:        6.000        6.000        6.000        6.000        6.000
   260:        6.000        6.000        6.000        6.000        6.000
   265:        6.000        6.000        6.000        6.000        6.000
   270:        6.000        6.000        6.000        6.000        6.000
   275:        6.000        6.000        6.000        6.000        6.000
   280:        6.000        6.000        6.000        6.000        6.000
   285:        6.000        6.000        6.000        6.000        6.000
   290:        6.000        6.000        6.000        6.000        6.000
   295:        6.000        6.000        6.000        6.000        6.000
   300:        6.000        6.000        6.000        6.000        6.000
   305:        6.000        6.000        6.000        6.000        6.000
   310:        6.000        6.000        6.000        6.000        6.000
   315:        2.000        4.000       22.000       24.000       12.000
   320:       13.000        8.000        5.000       17.000       21.000
   325:       22.000       18.000       21.000       22.000       14.000
   330:       10.000        6.000       19.000       11.000        6.000
   335:        6.000        6.000        6.000        6.000        6.000
   340:        6.000        6.000        6.000        6.000        6.000
   345:        6.000        6.000        6.000        6.000        6.000
   350:        6.000        6.000        6.000        6.000        6.000
   355:        6.000        6.000        6.000        6.000        6.000
   360:        6.000        6.000        6.000        6.000        6.000
   365:        6.000        6.000        6.000        6.000        6.000
   370:        6.000        6.000        6.000        6.000        6.000
   375:        6.000        6.000        6.000        6.000        6.000
   380:        6.000        6.000        6.000        6.000        6.000
   385:        6.000        6.000        6.000        6.000        6.000
   390:        6.000        6.000        6.000        6.000        6.000
   395:        6.000        6.000        6.000        6.000        6.000
   400:        6.000        6.000        6.000        6.000        6.000
   405:        6.000        2.000        4.000       22.000       24.000
   410:       12.000       13.000        8.000        5.000       17.000
   415:       21.000       22.000       18.000        6.000       14.000
   420:       10.000       21.000       22.000       19.000       11.000
   425:        6.000        6.000        6.000        6.000       23.000
   430:        2.000        4.000       22.000       24.000       12.000
   435:       13.000        8.000        5.000       17.000       18.000
   440:        6.000       14.000       10.000       21.000       22.000
   445:       19.000       11.000        6.000        2.000        4.000
   450:       22.000       24.000       12.000       13.000        8.000
   455:        5.000       17.000       18.000       14.000       10.000
   460:        6.000       19.000       11.000        6.000        2.000
   465:        4.000       22.000       24.000       12.000       13.000
   470:        8.000        5.000       17.000        6.000       18.000
   475:       14.000       10.000        6.000        6.000        6.000
   480:        6.000       19.000       11.000        6.000        6.000
   485:        6.000        6.000        6.000        6.000        6.000
   490:        6.000        6.000        6.000        6.000        6.000
   495:        6.000        6.000        6.000        6.000        6.000
   500:        6.000        6.000        6.000        6.000        6.000
   505:        6.000        6.000        6.000        6.000        6.000
   510:        6.000        6.000        6.000        6.000        6.000
   515:        6.000        6.000        6.000        6.000        6.000
   520:        6.000        6.000        6.000        6.000        6.000
   525:        6.000        6.000        6.000        6.000        6.000
   530:        6.000        6.000        6.000        6.000        6.000
   535:        6.000        6.000        6.000        6.000        6.000
   540:        6.000        6.000        6.000        6.000        6.000
   545:        6.000        6.000        6.000        6.000        6.000
   550:        6.000        6.000        6.000        6.000        6.000
   555:        6.000        6.000        6.000        6.000        6.000
   560:        6.000        6.000        6.000        6.000        6.000
   565:        6.000        6.000        6.000        6.000        6.000
   570:        6.000        6.000        6.000        6.000        6.000
   575:        6.000        6.000        6.000        6.000        6.000
   580:        6.000        6.000        6.000        6.000        6.000
   585:        6.000        6.000        6.000        6.000        6.000
   590:        6.000        6.000        2.000        4.000       22.000
   595:       24.000       12.000       13.000        8.000        5.000
   600:       17.000       21.000       22.000        6.000       18.000
   605:       14.000       10.000       19.000       11.000        6.000
   610:        6.000        6.000        6.000        6.000        6.000
   615:        6.000        6.000        6.000        6.000        6.000
   620:        6.000        6.000        6.000        6.000        6.000
   625:        6.000        6.000        6.000        6.000        2.000
   630:        4.000       22.000       24.000       12.000       13.000
   635:        8.000        5.000       17.000        6.000       18.000
   640:       14.000       10.000       21.000       22.000       21.000
   645:       22.000       19.000       11.000        6.000        2.000
   650:        4.000       22.000       24.000       12.000       13.000
   655:        8.000        5.000       17.000       18.000       14.000
   660:       10.000       19.000       11.000        2.000        4.000
   665:       22.000       24.000       12.000       13.000        8.000
   670:        5.000       17.000       18.000       14.000       10.000
   675:       19.000       11.000        6.000        6.000        6.000
   680:        2.000        4.000       22.000       24.000       12.000
   685:       13.000        8.000        5.000       17.000       18.000
   690:       14.000       10.000       19.000       11.000        6.000
   695:        6.000        6.000        6.000        6.000        6.000
   700:        6.000        6.000        6.000        6.000      100.000
T:
     0:        0.000        0.000        0.000        0.000       18.840
     5:       18.840       18.840       18.850       18.850       18.850
    10:       18.850       18.850       18.850       22.850       23.850
    15:       23.850       26.590       28.840       28.850       52.370
    20:       52.500       56.850      127.910      134.150      180.950
    25:      182.080      303.050      373.870      373.870      373.870
    30:      373.880      373.880      373.880      373.880      373.880
    35:      373.880      374.530      374.530      376.780      377.880
    40:      378.880      378.880      383.870      383.880      384.260
    45:      443.710      474.790      564.050      565.930      640.070
    50:      640.730      733.350      750.790      803.490      837.680
    55:      960.850     1025.730     1039.260     1068.220     1068.220
    60:     1068.220     1068.230     1068.230     1068.230     1068.230
    65:     1068.230     1068.230     1072.230     1072.780     1072.780
    70:     1073.230     1073.230     1073.920     1078.220     1078.230
    75:     1089.440     1207.390     1207.390     1207.390     1207.400
    80:     1207.400     1207.400     1207.400     1207.400     1207.400
    85:     1211.400     1212.400     1212.400     1217.390     1217.400
    90:     1220.300     1276.420     1278.150     1278.490     1280.750
    95:     1499.710     1532.580     1722.080     1724.180     1725.320
   100:     1728.770     1729.090     1729.490     1731.020     1753.290
   105:     1769.220     1771.390     1772.680     1781.370     2123.660
   110:     2125.210     2165.520     2174.020     2174.770     2175.000
   115:     2192.790     2231.830     2301.520     2318.710     2318.710
   120:     2318.710     2318.720     2318.720     2318.720     2318.720
   125:     2318.720     2318.720     2322.720     2323.720     2323.720
   130:     2325.300     2326.770     2328.710     2328.720     2334.260
   135:     2347.400     2348.950     2380.100     2382.330     2422.810
   140:     2458.140     2461.770     2471.550     2472.050     2476.060
   145:     2485.360     2485.810     2485.880     2494.480     2494.700
   150:     2495.260     2495.680     2496.460     2498.410     2500.910
   155:     2501.210     2501.260     2509.550     2512.390     2534.530
   160:     2536.730     2537.990     2539.360     2548.560     2574.720
   165:     2574.880     2575.050     2575.540     2575.710     2575.890
   170:     2576.550     2582.820     2591.070     2596.650     2597.130
   175:     2603.510     2608.150     2613.570     2629.760     2637.280
   180:     2643.080     2767.950     2776.950     2777.870     2778.410
   185:     2794.150     2808.920     2815.740     2823.200     2825.400
   190:     2840.680     2846.870     2851.890     2852.550     2855.280
   195:     2860.080     2860.350     2946.540     2963.470     2972.410
   200:     2977.410     2985.290     3046.430     3062.270     3072.150
   205:     3074.030     3074.920     3082.180     3085.220     3089.240
   210:     3089.430     3089.550     3089.940     3090.320     3095.300
   215:     3101.750     3102.690     3104.410     3107.160     3107.650
   220:     3112.380     3122.390     3123.500     3125.850     3177.890
   225:     3178.340     3180.760     3186.060     3189.960     3199.680
   230:     3199.900     3236.760     3237.760     3263.290     3266.590
   235:     3275.080     3294.730     3321.840     3323.980     3325.670
   240:     3337.060     3375.030     3399.960     3408.060     3413.930
   245:     3427.900     3428.530     3428.610     3436.110     3440.690
   250:     3463.990     3464.180     3470.860     3480.180     3504.520
   255:     3516.890     3539.980     3617.000     3637.350     3859.950
   260:     3870.390     3871.660     3878.390     3989.300     3992.380
   265:     3996.850     4001.200     4001.730     4004.910     4006.880
   270:     4007.390     4014.510     4017.670     4017.800     4018.180
   275:     4020.720     4030.260     4030.830     4038.760     4043.890
   280:     4046.840     4052.170     4058.670     4113.370     4113.510
   285:     4115.660     4116.950     4118.240     4130.070     4159.720
   290:     4170.250     4176.820     4178.300     4186.050     4191.200
   295:     4191.430     4205.630     4217.440     4236.440     4547.660
   300:     4728.560     4835.850     4944.270     5044.320     5926.460
   305:     5939.220     5948.270     5948.620     5949.540     5950.890
   310:     5951.170     6073.840     6073.950     6074.470     6138.840
   315:     6140.650     6140.650     6140.650     6140.660     6140.660
   320:     6140.660     6140.660     6140.660     6140.660     6140.690
   325:     6140.690     6144.660     6145.460     6145.460     6145.660
   330:     6145.660     6147.450     6150.650     6150.660     6173.640
   335:     6176.070     6180.820     6181.330     6189.410     6189.750
   340:     6190.350     6192.520     6192.870     6193.300     6198.040
   345:     6198.310     6201.770     6202.070     6203.730     6203.880
   350:     6204.670     6211.290     6213.970     6227.430     6240.070
   355:     6241.260     6250.200     6250.290     6250.820     6251.090
   360:     6256.110     6279.200     6284.430     6297.170     6401.790
   365:     6405.730     6410.000     6421.600     6425.680     6425.910
   370:     6426.200     6427.680     6603.100     7056.260     7059.250
   375:     7060.030     7063.830     7068.830     7069.450     7086.010
   380:     7086.650     7218.640     7254.190     7832.710     7856.040
   385:     7867.520     7867.590     7868.830     7869.730     7870.520
   390:     7871.690     7871.730     7875.320     7880.210     7884.470
   395:     7884.770     7894.070     7897.130     7897.650     7898.570
   400:     7898.950     7905.650     7912.840     7913.060     7913.570
   405:     7916.310     7944.030     7944.030     7944.030     7944.040
   410:     7944.040     7944.040     7944.040     7944.040     7944.040
   415:     7946.700     7946.700     7948.040     7948.220     7949.040
   420:     7949.040     7951.820     7951.820     7954.030     7954.040
   425:     7964.220     8004.750     8076.160     8078.720     8153.620
   430:     8169.860     8169.860     8169.860     8169.870     8169.870
   435:     8169.870     8169.870     8169.870     8169.870     8173.870
   440:     8174.510     8174.870     8174.870     8177.620     8177.620
   445:     8179.860     8179.870     8196.300     8199.900     8199.900
   450:     8199.900     8199.910     8199.910     8199.910     8199.910
   455:     8199.910     8199.910     8203.910     8204.910     8204.910
   460:     8206.030     8209.900     8209.910     8269.090     8323.440
   465:     8323.440     8323.440     8323.450     8323.450     8323.450
   470:     8323.450     8323.450     8323.450     8326.760     8327.450
   475:     8328.450     8328.450     8331.090     8332.160     8332.440
   480:     8333.200     8333.440     8333.450     8334.250     8337.350
   485:     8342.960     8343.350     8343.380     8343.970     8344.360
   490:     8346.320     8347.660     8351.030     8351.260     8388.060
   495:     8407.450     8410.500     8411.250     8411.580     8412.590
   500:     8413.290     8414.080     8414.890     8418.050     8418.310
   505:     8418.380     8423.660     8429.130     8429.530     8436.220
   510:     8436.450     8438.070     8461.810     8474.720     8479.160
   515:     8479.540     8481.040     8481.530     8481.650     8482.410
   520:     8502.630     8524.880     8525.010     8525.190     8525.240
   525:     8525.560     8531.340     8536.660     8541.000     8543.710
   530:     8543.950     8544.810     8546.230     8548.880     8583.440
   535:     8617.760     8746.160     8792.720     8794.820     8795.600
   540:     8853.490     8853.520     8855.000     8866.120     8871.030
   545:     8871.450     8881.130     8885.110     8886.850     8887.370
   550:     8887.530     8898.080     8902.200     8906.410     8908.790
   555:     8934.440     9224.480     9226.550     9229.510     9232.000
   560:     9234.630     9243.010     9245.770     9252.900     9253.910
   565:     9256.080     9286.230     9288.340     9288.580     9344.960
   570:     9352.320     9358.850     9383.330     9396.940     9397.160
   575:     9397.520     9420.940     9423.310     9468.780     9483.870
   580:     9521.200     9605.520     9612.700     9911.720     9911.750
   585:     9911.950     9980.930     9994.620    10085.870    10088.640
   590:    10088.870    10134.000    10142.940    10142.940    10142.940
   595:    10142.950    10142.950    10142.950    10142.950    10142.950
   600:    10142.950    10143.170    10143.170    10144.140    10146.950
   605:    10147.950    10147.950    10152.940    10152.950    10165.380
   610:    10172.440    10186.800    10190.550    10196.140    10205.730
   615:    10206.410    10206.500    10206.870    10215.490    10215.660
   620:    10241.940    10243.350    10243.370    10246.620    10307.950
   625:    10362.850    10365.740    10377.920    10378.760    10424.760
   630:    10424.760    10424.760    10424.770    10424.770    10424.770
   635:    10424.770    10424.770    10424.770    10427.700    10428.770
   640:    10429.770    10429.770    10430.900    10430.900    10433.910
   645:    10433.910    10434.760    10434.770    10435.150    10515.080
   650:    10515.080    10515.080    10515.090    10515.090    10515.090
   655:    10515.090    10515.090    10515.090    10519.090    10520.090
   660:    10520.090    10525.080    10525.090    10567.210    10567.210
   665:    10567.210    10567.220    10567.220    10567.220    10567.220
   670:    10567.220    10567.220    10571.220    10572.220    10572.220
   675:    10577.210    10577.220    10586.900    10591.480    10622.910
   680:    10635.450    10635.450    10635.450    10635.460    10635.460
   685:    10635.460    10635.460    10635.460    10635.460    10639.460
   690:    10640.460    10640.460    10645.450    10645.460    10651.660
   695:    10654.290    10657.140    10676.520    10723.240    10724.280
   700:    10734.590    10739.680    10740.830    10751.710    10800.010
