File: C:\MED-PC\Data\2025-03-19_09h14m_Subject 83.txt


Start Date: 03/19/25
End Date: 03/19/25
Subject: 83
Experiment: OralFentSA
Group: One
Box: 11
Start Time: 09:14:10
End Time: 12:14:33
MSN: 20241014_Golden_Liq_SelfAdmin
F:       0.000
G:     169.000
H:   10800.000
I:       0.000
J:       0.000
K:       0.000
L:       0.000
M:       0.000
N:       0.000
O:       0.000
P:       0.000
Q:       0.000
R:       0.000
S:       0.000
U:       0.000
V:       0.000
W:       0.000
X:       0.000
Y:       0.000
Z:       0.000
A:
     0:        0.000        0.000      180.000        4.000        0.000
     5:        5.000        0.000        5.000        0.000        0.000
    10:        1.000        0.000       10.000 30000000.000       23.000
    15:       13.000      640.000        0.000        0.000        0.000
    20:        0.000
B:
     0:        0.000        0.000        0.000      400.000        0.000
     5:      500.000        0.000      500.000        0.000        0.000
    10:        0.000        0.000     1000.000 3000000000.000        0.000
    15:        0.000        0.000        0.000        0.000        0.000
    20:        0.000
C:
     0:        4.000        5.000       15.000        6.000       90.000
     5:    10556.910       85.480        4.000      405.250      101.313
    10:        6.000       15.000        0.000        0.000        0.000
    15:        0.000        0.000        0.000        0.000        0.000
    20:        0.000
D:
     0:        2.070      155.400      162.300       85.480
E:
     0:       19.000       11.000       26.000       27.000        6.000
     5:        6.000        6.000        6.000        6.000        6.000
    10:        6.000        6.000        6.000        6.000        6.000
    15:        1.000        2.000        4.000       22.000       24.000
    20:       12.000       13.000        8.000        5.000       17.000
    25:        6.000        6.000       18.000       14.000       10.000
    30:       19.000       11.000        6.000        6.000        6.000
    35:        6.000        6.000        6.000        6.000        6.000
    40:        6.000        6.000        6.000        6.000        6.000
    45:        1.000        1.000        1.000        6.000        6.000
    50:        6.000        2.000        4.000       22.000       24.000
    55:       12.000       13.000        8.000        5.000       17.000
    60:       21.000       22.000       21.000       22.000       18.000
    65:       14.000       10.000       19.000       11.000        1.000
    70:        6.000        6.000        6.000        6.000        6.000
    75:        6.000        6.000        6.000        6.000        1.000
    80:        1.000        1.000        1.000        1.000        6.000
    85:        6.000        6.000        6.000        6.000        6.000
    90:        6.000        6.000        6.000        6.000        6.000
    95:        6.000        6.000        6.000        6.000        6.000
   100:        6.000        6.000        6.000        6.000        6.000
   105:        6.000        6.000        6.000        1.000        1.000
   110:        1.000        1.000        1.000        2.000        4.000
   115:       22.000       24.000       12.000       13.000        8.000
   120:        5.000       17.000       18.000       14.000       10.000
   125:       19.000       11.000        6.000        6.000        6.000
   130:        6.000        6.000        6.000        6.000        6.000
   135:        6.000        6.000        6.000        6.000        6.000
   140:        6.000        6.000        6.000        6.000        6.000
   145:        6.000        6.000        2.000        4.000       22.000
   150:       24.000       12.000       13.000        8.000        5.000
   155:       17.000       18.000       14.000       10.000       19.000
   160:       11.000        6.000        6.000        6.000        6.000
   165:        6.000        6.000        6.000        6.000      100.000
T:
     0:        0.000        0.000        0.000        0.000       20.010
     5:       27.540       27.660       27.680       30.540       36.920
    10:      130.660      155.630      156.780      156.940      157.870
    15:      172.900      204.450      204.450      204.450      204.460
    20:      204.460      204.460      204.460      204.460      204.460
    25:      206.530      206.970      208.460      209.460      209.460
    30:      214.450      214.460      240.630      241.340      347.160
    35:      391.470      393.600      394.420      394.670      395.510
    40:      395.670      395.740      396.620      396.670      398.370
    45:      426.910      458.740      462.520      706.420      707.240
    50:      742.070      807.380      807.380      807.380      807.390
    55:      807.390      807.390      807.390      807.390      807.390
    60:      807.800      807.800      807.940      807.940      811.390
    65:      812.390      812.390      817.380      817.390      936.460
    70:      962.790      962.980      966.490     1024.840     1110.350
    75:     1111.340     1111.450     1113.130     1117.040     1279.900
    80:     1281.020     1287.370     1288.970     1289.830     1298.740
    85:     1299.050     1299.090     1299.190     1305.060     1451.510
    90:     1453.180     1457.900     1458.060     1461.180     1461.280
    95:     1462.580     1505.080     1511.850     1936.790     1937.150
   100:     1943.260     1946.560     1946.850     1947.250     1948.040
   105:     1969.450     1971.560     1971.640     2000.180     2000.430
   110:     2000.620     2001.780     2002.980     2077.260     2077.260
   115:     2077.260     2077.270     2077.270     2077.270     2077.270
   120:     2077.270     2077.270     2081.270     2082.270     2082.270
   125:     2087.260     2087.270     2239.570     2240.650     2240.690
   130:     2243.420     5751.250     5753.140     5753.190    10075.980
   135:    10076.100    10103.300    10103.710    10104.490    10292.740
   140:    10293.090    10295.570    10295.750    10296.380    10303.380
   145:    10304.240    10305.550    10556.900    10556.900    10556.900
   150:    10556.910    10556.910    10556.910    10556.910    10556.910
   155:    10556.910    10560.910    10561.910    10561.910    10566.900
   160:    10566.910    10642.390    10642.860    10648.460    10648.500
   165:    10648.540    10654.560    10656.320    10661.600    10800.000
