File: C:\MED-PC IV\DATA\!2025-03-20_13h19m.Subject 69



Start Date: 03/20/25
End Date: 03/20/25
Subject: 69
Experiment: OralFentSA
Group: One
Box: 5
Start Time: 13:19:05
End Time: 16:19:29
MSN: Golden_Liq_SelfAdmin_EXT
F:       0.000
G:     885.000
H:   10800.010
I:       0.000
J:       0.000
K:       0.000
L:       0.000
M:       0.000
N:       0.000
O:       0.000
P:       0.000
Q:       0.000
R:       0.000
S:       0.000
U:       0.000
V:       0.000
W:       0.000
X:       0.000
Y:       0.000
Z:       0.000
A:
     0:        0.000        0.000      180.000        4.000        0.000
     5:        5.000        0.000        5.000        0.000        0.000
    10:        1.000        0.000       10.000 100000000.00       24.000
    15:       29.000      640.000        0.000        0.000        0.000
    20:        0.000
B:
     0:        0.000        0.000        0.000        0.000        0.000
     5:        0.000        0.000        0.000        0.000        0.000
    10:        0.000        0.000     1000.000 10000000000.        0.000
    15:        0.000        0.000        0.000        0.000        0.000
    20:        0.000
C:
     0:        0.000       39.000        0.000       54.000      569.000
     5:    10628.010       64.900       29.000     1808.290       62.355
    10:       54.000       52.000        0.000        0.000        0.000
    15:        0.000        0.000        0.000        0.000        0.000
    20:        0.000
D:
     0:       93.090       39.400        3.790       10.310       19.910
     5:      238.420       18.550       84.070       64.850       69.740
    10:       58.920       23.580       57.490       11.150      309.930
    15:       84.720       76.150       46.730       23.920      121.290
    20:       57.380       93.470       35.320       32.140       21.000
    25:        2.520       38.730        6.820       64.900
E:
     0:       19.000       11.000       26.000       27.000       23.000
     5:        6.000        6.000        6.000        6.000        6.000
    10:        6.000        6.000        6.000        6.000        6.000
    15:        6.000        6.000        6.000        6.000        6.000
    20:        6.000        6.000        6.000        6.000        6.000
    25:       23.000        6.000        6.000        6.000        6.000
    30:        6.000        6.000        6.000        6.000       23.000
    35:        6.000        6.000        6.000        6.000        6.000
    40:        6.000        6.000        6.000        6.000        6.000
    45:       23.000        6.000        6.000        6.000       23.000
    50:       23.000        2.000        4.000       22.000       24.000
    55:       19.000       11.000       23.000        6.000        6.000
    60:        6.000        6.000       23.000       23.000        6.000
    65:        6.000        2.000        4.000       22.000       24.000
    70:       19.000       11.000        6.000        6.000        2.000
    75:        4.000       22.000       24.000        6.000        6.000
    80:        6.000        6.000       19.000       11.000       23.000
    85:       23.000       23.000       23.000       23.000        6.000
    90:        6.000        6.000        2.000        4.000       22.000
    95:       24.000       21.000       22.000       19.000       11.000
   100:        2.000        4.000       22.000       24.000       19.000
   105:       11.000        6.000        2.000        4.000       22.000
   110:       24.000       21.000       22.000       21.000       22.000
   115:       21.000       22.000       21.000       22.000       21.000
   120:       22.000       19.000       11.000        2.000        4.000
   125:       22.000       24.000       19.000       11.000        6.000
   130:       23.000        2.000        4.000       22.000       24.000
   135:       21.000       22.000       19.000       11.000       23.000
   140:       23.000       23.000       23.000       23.000       23.000
   145:       23.000       23.000       23.000       23.000        6.000
   150:        2.000        4.000       22.000       24.000       21.000
   155:       22.000       19.000       11.000        6.000        6.000
   160:        6.000        6.000        6.000        6.000        6.000
   165:        6.000        6.000        6.000        6.000        6.000
   170:        6.000        6.000        6.000        6.000        6.000
   175:        6.000        6.000        6.000        6.000        6.000
   180:        6.000        6.000        6.000       23.000        6.000
   185:        6.000        6.000        6.000        6.000        6.000
   190:        6.000        6.000        6.000        6.000        6.000
   195:        6.000        6.000        6.000        6.000        6.000
   200:        6.000        6.000        6.000        6.000        6.000
   205:        6.000        6.000        6.000        6.000        6.000
   210:        6.000        6.000        6.000        6.000        6.000
   215:        6.000        6.000        6.000        6.000        6.000
   220:        6.000        6.000        6.000        6.000        6.000
   225:        6.000        6.000        6.000        6.000        6.000
   230:        6.000        6.000        6.000        6.000        6.000
   235:        6.000        6.000        6.000        6.000        6.000
   240:        6.000        6.000        6.000        6.000        6.000
   245:        6.000        2.000        4.000       22.000       24.000
   250:       21.000       22.000       19.000       11.000        6.000
   255:        6.000        6.000        2.000        4.000       22.000
   260:       24.000       19.000       11.000        2.000        4.000
   265:       22.000       24.000       19.000       11.000        6.000
   270:       23.000        2.000        4.000       22.000       24.000
   275:       19.000       11.000        2.000        4.000       22.000
   280:       24.000       19.000       11.000       23.000       23.000
   285:       23.000        6.000        6.000        6.000        6.000
   290:        6.000        6.000        6.000        6.000        6.000
   295:        6.000        6.000        6.000        6.000        6.000
   300:        6.000        6.000        6.000        6.000        6.000
   305:        6.000        6.000        6.000        6.000        6.000
   310:        6.000        6.000        6.000        6.000        6.000
   315:        6.000        6.000        2.000        4.000       22.000
   320:       24.000       21.000       22.000       19.000       11.000
   325:        6.000        6.000        6.000        6.000        6.000
   330:        6.000        2.000        4.000       22.000       24.000
   335:       19.000       11.000        6.000        6.000        6.000
   340:        6.000        2.000        4.000       22.000       24.000
   345:       19.000       11.000        6.000        6.000        6.000
   350:        6.000        6.000        6.000        6.000        6.000
   355:        6.000        6.000        6.000        6.000        6.000
   360:        6.000        6.000        6.000        6.000        6.000
   365:        6.000        6.000        6.000        6.000        6.000
   370:        6.000        6.000        6.000        6.000        6.000
   375:        6.000        6.000        6.000        6.000        6.000
   380:        6.000        6.000        6.000        6.000        6.000
   385:        6.000        6.000        6.000        6.000        6.000
   390:        6.000        6.000        2.000        4.000       22.000
   395:       24.000       19.000       11.000        2.000        4.000
   400:       22.000       24.000       19.000       11.000        6.000
   405:        6.000        6.000        2.000        4.000       22.000
   410:       24.000       19.000       11.000        2.000        4.000
   415:       22.000       24.000       19.000       11.000        6.000
   420:        6.000        6.000        6.000        6.000        6.000
   425:        6.000        6.000        6.000        6.000        6.000
   430:        6.000        6.000        6.000        6.000        6.000
   435:        6.000        6.000        6.000        6.000        6.000
   440:        6.000        6.000        6.000        6.000        6.000
   445:        6.000        6.000        6.000        6.000        6.000
   450:        6.000        6.000        6.000        6.000        6.000
   455:        6.000        6.000        6.000        6.000        6.000
   460:       23.000       23.000       23.000        6.000        6.000
   465:        2.000        4.000       22.000       24.000       19.000
   470:       11.000       23.000       23.000       23.000       23.000
   475:        6.000        6.000        2.000        4.000       22.000
   480:       24.000       21.000       22.000       19.000       11.000
   485:        6.000        6.000        2.000        4.000       22.000
   490:       24.000       21.000       22.000       21.000       22.000
   495:       19.000       11.000        6.000        6.000        6.000
   500:        6.000        6.000        6.000        6.000        6.000
   505:        6.000        6.000        2.000        4.000       22.000
   510:       24.000       19.000       11.000        6.000        6.000
   515:        6.000        6.000        6.000        6.000        6.000
   520:        6.000        6.000        6.000        6.000        6.000
   525:        6.000        6.000        6.000        6.000        6.000
   530:        6.000        6.000        6.000        6.000        6.000
   535:        6.000        6.000        6.000        6.000        6.000
   540:        6.000        6.000        6.000        6.000        6.000
   545:        6.000        6.000        6.000        6.000        6.000
   550:        6.000        6.000        6.000        6.000        6.000
   555:        6.000        6.000        6.000        6.000        6.000
   560:        6.000        6.000        2.000        4.000       22.000
   565:       24.000       21.000       22.000       19.000       11.000
   570:       23.000       23.000       23.000        2.000        4.000
   575:       22.000       24.000       19.000       11.000        6.000
   580:        6.000        6.000        6.000        6.000        6.000
   585:        6.000        6.000        6.000        6.000        6.000
   590:        6.000        6.000        6.000        6.000        6.000
   595:        6.000       23.000       23.000       23.000        6.000
   600:        6.000        6.000        6.000        2.000        4.000
   605:       22.000       24.000       19.000       11.000        6.000
   610:        6.000        6.000        6.000        6.000        6.000
   615:        6.000        6.000        6.000        6.000        6.000
   620:        6.000        6.000        6.000        2.000        4.000
   625:       22.000       24.000       19.000       11.000        6.000
   630:        6.000        6.000        6.000        6.000        6.000
   635:        6.000        6.000        6.000        6.000        6.000
   640:        6.000        6.000        6.000        6.000        6.000
   645:        6.000        6.000        6.000        6.000        6.000
   650:        6.000        6.000        6.000        6.000        6.000
   655:        6.000        6.000        6.000        6.000        6.000
   660:        2.000        4.000       22.000       24.000       19.000
   665:       11.000       23.000        6.000        6.000        6.000
   670:        6.000        6.000        6.000        6.000        6.000
   675:        6.000        6.000        6.000        6.000        6.000
   680:        6.000        6.000        6.000        6.000        6.000
   685:        6.000       23.000        6.000        2.000        4.000
   690:       22.000       24.000       19.000       11.000        6.000
   695:        6.000        6.000        6.000        6.000        6.000
   700:        6.000        6.000        6.000        6.000        6.000
   705:        6.000        6.000        6.000        6.000        6.000
   710:        6.000        6.000        6.000        6.000        6.000
   715:        6.000        6.000        6.000        6.000        6.000
   720:       23.000       23.000       23.000        6.000        6.000
   725:        6.000        2.000        4.000       22.000       24.000
   730:       21.000       22.000       19.000       11.000        2.000
   735:        4.000       22.000       24.000       19.000       11.000
   740:        6.000        6.000        6.000        2.000        4.000
   745:       22.000       24.000        6.000        6.000       21.000
   750:       22.000       19.000       11.000        6.000        6.000
   755:        6.000        6.000        6.000        6.000        6.000
   760:        6.000        6.000        6.000        6.000        6.000
   765:        6.000        6.000        6.000        6.000        6.000
   770:        6.000        6.000        6.000        6.000        6.000
   775:       23.000       23.000        2.000        4.000       22.000
   780:       24.000       19.000       11.000        6.000        6.000
   785:        6.000        6.000        6.000        6.000        6.000
   790:        6.000        6.000        6.000        6.000        6.000
   795:        6.000        6.000        6.000        6.000        6.000
   800:        6.000        6.000        6.000        6.000        6.000
   805:        6.000        6.000        6.000        6.000        6.000
   810:        6.000        6.000        6.000        6.000        6.000
   815:        6.000        6.000        6.000        6.000        6.000
   820:        6.000        6.000        6.000        6.000        6.000
   825:        6.000        6.000        6.000        6.000        6.000
   830:        6.000        6.000        6.000        6.000        6.000
   835:        6.000        6.000        6.000        6.000        6.000
   840:        6.000        2.000        4.000       22.000       24.000
   845:       19.000       11.000        2.000        4.000       22.000
   850:       24.000        6.000        6.000        6.000        6.000
   855:       19.000       11.000        6.000        6.000        6.000
   860:        6.000        6.000        6.000        6.000        6.000
   865:        6.000       23.000        6.000        6.000        6.000
   870:        2.000        4.000       22.000       24.000       19.000
   875:       11.000       23.000        6.000        6.000        6.000
   880:        6.000        6.000        6.000        6.000        6.000
   885:      100.000
T:
     0:        0.000        0.000        0.000        0.000       21.410
     5:       41.750       44.660       45.540       45.710       46.340
    10:       46.710       46.870       46.900       46.960       47.030
    15:       47.110       47.340       47.410       47.560       73.980
    20:       74.250       74.910       88.640       94.260      103.960
    25:      123.040      180.070      181.740      219.170      219.420
    30:      219.810      223.440      223.640      223.710      277.860
    35:      281.290      320.940      664.150      664.570      666.880
    40:      666.970      667.220      667.300      686.250      686.310
    45:      731.730      749.890      750.210      751.820      755.770
    50:      761.720      775.020      775.020      775.020      775.030
    55:      785.020      785.030      852.550      868.120      868.690
    60:      868.840      877.760      956.160      957.410     1143.020
    65:     1244.610     1304.650     1304.650     1304.650     1304.660
    70:     1314.650     1314.660     1344.060     1344.140     1372.650
    75:     1372.650     1372.650     1372.660     1376.450     1376.510
    80:     1376.540     1376.570     1382.650     1382.660     1401.930
    85:     1402.160     1402.940     1412.380     1412.780     1426.010
    90:     1429.820     1429.970     1517.500     1517.500     1517.500
    95:     1517.510     1523.350     1523.350     1527.500     1527.510
   100:     1527.770     1527.770     1527.770     1527.780     1537.770
   105:     1537.780     1538.090     1541.440     1541.440     1541.440
   110:     1541.450     1542.410     1542.410     1542.480     1542.480
   115:     1543.560     1543.560     1547.410     1547.410     1550.510
   120:     1550.510     1551.440     1551.450     1567.070     1567.070
   125:     1567.070     1567.080     1577.070     1577.080     1586.990
   130:     1628.370     1648.420     1648.420     1648.420     1648.430
   135:     1654.650     1654.650     1658.420     1658.430     1803.810
   140:     1803.970     1806.430     1808.420     1808.620     1846.590
   145:     1847.370     1858.580     1860.710     1861.410     1886.850
   150:     2086.040     2086.040     2086.040     2086.050     2087.980
   155:     2087.980     2096.040     2096.050     2104.600     2217.850
   160:     2220.250     2221.360     2222.620     2236.800     2237.040
   165:     2237.990     2238.300     2238.760     2238.820     2239.020
   170:     2239.070     2244.760     2244.890     2245.770     2264.160
   175:     2264.330     2264.400     2264.450     2265.040     2265.130
   180:     2265.420     2265.510     2265.640     2286.870     2617.070
   185:     2617.840     2637.230     2651.540     2654.610     2673.130
   190:     2675.710     2675.830     2685.810     2690.190     2723.050
   195:     2734.050     2734.090     2737.800     2738.070     2747.030
   200:     2748.340     2769.540     2769.950     2773.000     2803.430
   205:     2810.560     2810.720     2820.880     2822.480     2822.830
   210:     2822.950     2827.530     2828.410     2831.480     2838.680
   215:     2840.230     2841.410     2841.640     2848.740     2848.830
   220:     2848.970     2849.280     2849.390     2849.500     2855.080
   225:     2858.480     2860.290     2860.500     2866.810     2871.140
   230:     2872.330     2872.540     2874.690     2877.870     2885.850
   235:     2886.780     2890.210     2890.280     2890.500     2898.320
   240:     3071.180     3071.330     3071.500     3081.270     3084.350
   245:     3096.010     3227.620     3227.620     3227.620     3227.630
   250:     3228.870     3228.870     3237.620     3237.630     3311.700
   255:     3312.000     3312.550     3314.970     3314.970     3314.970
   260:     3314.980     3324.970     3324.980     3411.150     3411.150
   265:     3411.150     3411.160     3421.150     3421.160     3476.010
   270:     3536.620     3576.670     3576.670     3576.670     3576.680
   275:     3586.670     3586.680     3622.470     3622.470     3622.470
   280:     3622.480     3632.470     3632.480     3634.980     3642.810
   285:     3643.130     3692.220     3692.390     3693.280     3693.400
   290:     3694.000     3694.490     3694.850     3695.200     3697.290
   295:     3697.530     3708.560     3709.400     3709.480     3710.120
   300:     3713.890     3714.400     3714.520     3716.320     3717.550
   305:     3718.470     3718.680     3719.140     3721.490     3721.510
   310:     3721.560     3721.630     3722.180     3726.050     3726.340
   315:     3727.140     3727.470     3839.220     3839.220     3839.220
   320:     3839.230     3848.120     3848.120     3849.220     3849.230
   325:     3898.150     3898.280     3898.490     3898.610     3898.700
   330:     3914.650     3916.400     3916.400     3916.400     3916.410
   335:     3926.400     3926.410     3939.990     3940.560     4068.390
   340:     4069.770     4070.990     4070.990     4070.990     4071.000
   345:     4080.990     4081.000     4128.490     4129.100     4438.590
   350:     4441.110     4441.190     4444.780     4459.910     4460.230
   355:     4489.700     4489.770     4491.600     4492.130     4492.230
   360:     4528.420     4528.480     4562.350     4562.570     4570.960
   365:     4571.180     4574.320     4574.430     4574.520     4578.280
   370:     4578.310     4578.470     4578.780     4581.600     4581.750
   375:     4581.780     4583.900     4592.310     4592.620     4606.980
   380:     4612.210     4613.270     4613.300     4621.480     4621.840
   385:     4622.430     4622.490     4622.750     4627.120     4627.150
   390:     4631.540     4642.720     4979.980     4979.980     4979.980
   395:     4979.990     4989.980     4989.990     4996.550     4996.550
   400:     4996.550     4996.560     5006.550     5006.560     5007.710
   405:     5007.740     5015.240     5017.340     5017.340     5017.340
   410:     5017.350     5027.340     5027.350     5277.960     5277.960
   415:     5277.960     5277.970     5287.960     5287.970     5587.900
   420:     5588.060     5611.220     5614.760     5615.040     5619.520
   425:     5624.110     5625.080     5625.330     5628.830     5629.020
   430:     5630.200     5686.120     5700.800     5700.980     5722.100
   435:     5753.370     5753.790     5755.750     5760.990     5761.480
   440:     5761.570     5775.850     5824.110     5824.470     5824.560
   445:     5824.590     5830.180     5831.350     5831.480     5831.720
   450:     5831.980     5832.070     5835.410     5848.160     5848.770
   455:     5858.990     5871.730     5872.070     5885.190     5927.740
   460:     6035.750     6038.160     6040.010     6298.480     6327.410
   465:     6351.090     6351.090     6351.090     6351.100     6361.090
   470:     6361.100     6367.660     6372.650     6398.470     6398.870
   475:     6435.820     6472.150     6581.090     6581.090     6581.090
   480:     6581.100     6581.170     6581.170     6591.090     6591.100
   485:     6657.250     6657.290     6667.960     6667.960     6667.960
   490:     6667.970     6668.140     6668.140     6672.390     6672.390
   495:     6677.960     6677.970     6714.700     6720.380     6720.780
   500:     6729.320     6739.740     6740.210     6740.260     6760.500
   505:     6760.670     6768.400     6806.010     6806.010     6806.010
   510:     6806.020     6816.010     6816.020     6829.940     6829.950
   515:     6829.980     6830.380     6831.310     6831.400     6831.500
   520:     6833.950     6839.100     6839.220     6839.520     6855.810
   525:     6856.560     6865.240     6865.270     6868.530     6868.650
   530:     6869.470     6869.550     6871.810     6875.480     6880.820
   535:     6883.600     6888.900     6898.030     6901.110     6901.170
   540:     6902.500     6902.550     6903.970     6912.670     6912.820
   545:     6912.930     6918.150     6918.230     6918.900     6919.960
   550:     6924.100     6926.440     6934.510     6939.120     6939.160
   555:     6939.190     6939.550     6939.670     6940.300     6940.350
   560:     6940.790     7132.030     7134.190     7134.190     7134.190
   565:     7134.200     7143.730     7143.730     7144.190     7144.200
   570:     7180.530     7194.040     7197.760     7222.020     7222.020
   575:     7222.020     7222.030     7232.020     7232.030     7343.320
   580:     7343.370     7345.300     7349.170     7349.420     7349.570
   585:     7349.650     7350.990     7351.120     7351.200     7360.110
   590:     7360.230     7363.100     7363.210     7368.200     7377.680
   595:     7517.560     7813.890     7819.750     7829.400     7863.310
   600:     7864.160     7864.590     7897.900     7947.700     7947.700
   605:     7947.700     7947.710     7957.700     7957.710     8005.090
   610:     8231.400     8233.950     8234.040     8234.510     8234.570
   615:     8236.160     8236.390     8244.540     8244.690     8246.310
   620:     8246.350     8248.100     8260.280     8298.670     8298.670
   625:     8298.670     8298.680     8308.670     8308.680     8392.150
   630:     8398.640     8399.220     8399.420     8401.310     8406.880
   635:     8415.910     8420.270     8441.560     8441.830     8441.990
   640:     8449.910     8450.220     8459.700     8468.810     8468.850
   645:     8469.110     8470.770     8472.200     8472.710     8482.230
   650:     8491.010     8492.570     8510.950     8511.760     8512.020
   655:     8521.800     8524.240     8524.660     8532.580     8553.580
   660:     8618.970     8618.970     8618.970     8618.980     8628.970
   665:     8628.980     8643.290     8654.300     8655.740     8658.750
   670:     8658.800     8661.040     8661.120     8664.670     8664.820
   675:     8666.230     8670.610     8676.430     8688.170     8691.380
   680:     8691.450     8691.590     8697.690     8697.730     8699.150
   685:     8699.390     8744.450     8795.160     8796.170     8796.170
   690:     8796.170     8796.180     8806.170     8806.180     8828.320
   695:     8829.950     8830.080     8831.060     8835.030     8835.280
   700:     8839.150     8839.220     8844.130     8845.160     8853.480
   705:     8853.530     8854.570     8854.830     8854.860     8854.930
   710:     8855.300     8855.700     8856.890     8857.000     8858.850
   715:     8858.920     8859.050     8859.480     8860.010     8860.070
   720:     9127.810     9129.010     9183.820     9210.400     9210.520
   725:     9210.870     9217.510     9217.510     9217.510     9217.520
   730:     9226.550     9226.550     9227.510     9227.520     9239.700
   735:     9239.700     9239.700     9239.710     9249.700     9249.710
   740:     9260.710     9260.770     9260.950     9267.180     9267.180
   745:     9267.180     9267.190     9269.710     9270.280     9275.870
   750:     9275.870     9277.180     9277.190     9312.910     9312.950
   755:     9313.000     9313.210     9314.440     9314.560     9315.300
   760:     9315.520     9345.250     9348.560     9349.120     9349.220
   765:     9350.820     9351.060     9351.080     9351.170     9704.260
   770:     9704.300     9704.330     9704.410     9704.580     9748.490
   775:     9775.020     9842.350     9973.440     9973.440     9973.440
   780:     9973.450     9983.440     9983.450    10012.180    10031.930
   785:    10032.030    10034.600    10035.190    10035.390    10052.320
   790:    10052.390    10052.650    10052.800    10053.810    10053.920
   795:    10059.600    10059.760    10066.660    10066.960    10082.130
   800:    10082.180    10082.230    10082.320    10082.390    10083.300
   805:    10083.350    10083.500    10110.310    10110.420    10110.480
   810:    10110.710    10110.740    10110.770    10128.230    10131.730
   815:    10132.000    10143.440    10143.810    10154.820    10154.960
   820:    10155.040    10157.460    10165.490    10178.330    10189.480
   825:    10194.950    10194.970    10201.660    10201.710    10203.640
   830:    10203.840    10204.280    10204.490    10204.710    10207.570
   835:    10218.180    10221.140    10221.210    10221.270    10221.370
   840:    10230.630    10292.610    10292.610    10292.610    10292.620
   845:    10302.610    10302.620    10305.530    10305.530    10305.530
   850:    10305.540    10312.360    10312.790    10312.940    10313.440
   855:    10315.530    10315.540    10331.050    10331.150    10347.150
   860:    10375.180    10375.240    10378.560    10378.840    10486.560
   865:    10489.140    10520.090    10563.700    10563.800    10569.240
   870:    10628.000    10628.000    10628.000    10628.010    10638.000
   875:    10638.010    10685.570    10692.910    10693.060    10693.120
   880:    10693.420    10693.450    10693.610    10693.730    10695.210
   885:    10800.010
