File: C:\MED-PC\Data\2025-03-25_09h03m_Subject 74.txt


Start Date: 03/25/25
End Date: 03/25/25
Subject: 74
Experiment: OralFentSA
Group: One
Box: 2
Start Time: 09:03:40
End Time: 12:04:45
MSN: Golden_Liq_SelfAdmin_EXT
F:       0.000
G:     726.000
H:   10800.000
I:       0.000
J:       0.000
K:       0.000
L:       0.000
M:       0.000
N:       0.000
O:       0.000
P:       0.000
Q:       0.000
R:       0.000
S:       0.000
U:       0.000
V:       0.000
W:       0.000
X:       0.000
Y:       0.000
Z:       0.000
A:
     0:        0.000        0.000      180.000        4.000        0.000
     5:        5.000        0.000        5.000        0.000        0.000
    10:        1.000        0.000       10.000   100000.000       26.000
    15:       17.000      600.000        0.000        0.000        0.000
    20:        0.000
B:
     0:        0.000        0.000        0.000        0.000        0.000
     5:        0.000        0.000        0.000        0.000        0.000
    10:        0.000        0.000     1000.000 10000000.000        0.000
    15:        0.000        0.000        0.000        0.000        0.000
    20:        0.000
C:
     0:        0.000        6.000        6.000        7.000      677.000
     5:      917.170       25.950        5.000      197.870       39.574
    10:        7.000        6.000        0.000        0.000        0.000
    15:        0.000        0.000        0.000        0.000        0.000
    20:        0.000
D:
     0:        5.190        1.920      142.110       22.700       25.950
E:
     0:       19.000       11.000       26.000       27.000        2.000
     5:        4.000       22.000       24.000       12.000        6.000
    10:        6.000        6.000        6.000        6.000       19.000
    15:       11.000        6.000        6.000        6.000        6.000
    20:        6.000        2.000        4.000       22.000       24.000
    25:       12.000        6.000        6.000       21.000       22.000
    30:       19.000       11.000        2.000        4.000       22.000
    35:       24.000       12.000       20.000       20.000       19.000
    40:       11.000        1.000        1.000        1.000        6.000
    45:        6.000        6.000        6.000        6.000        6.000
    50:        2.000        4.000       22.000       24.000       12.000
    55:       19.000       11.000        6.000        6.000        6.000
    60:        6.000        6.000        6.000        6.000        6.000
    65:        6.000        6.000        1.000        6.000        6.000
    70:        6.000        6.000        6.000        6.000        6.000
    75:        6.000        6.000        2.000        4.000       22.000
    80:       24.000       12.000       21.000       22.000       19.000
    85:       11.000        6.000        6.000        6.000        6.000
    90:        6.000        6.000        6.000        6.000        6.000
    95:        6.000        6.000        6.000        6.000        6.000
   100:        6.000        6.000        6.000        6.000        6.000
   105:        6.000        6.000        6.000        6.000        6.000
   110:        6.000        6.000        6.000        6.000        6.000
   115:        6.000        6.000        6.000        6.000        6.000
   120:        6.000        6.000        6.000        6.000        6.000
   125:        6.000        6.000        6.000        6.000        6.000
   130:        6.000        6.000        6.000        6.000        6.000
   135:        6.000        6.000        6.000        6.000        6.000
   140:        6.000        6.000        6.000        6.000        6.000
   145:        6.000        6.000        6.000        6.000        6.000
   150:        6.000        6.000        6.000        6.000        6.000
   155:        6.000        6.000        6.000        6.000        6.000
   160:        6.000        6.000        6.000        6.000        6.000
   165:        6.000        6.000        6.000        6.000        6.000
   170:        6.000        6.000        6.000        6.000        6.000
   175:        6.000        6.000        6.000        6.000        6.000
   180:        6.000        6.000        6.000        6.000        6.000
   185:        6.000        6.000        6.000        6.000        6.000
   190:        6.000        6.000        6.000        6.000        6.000
   195:        6.000        6.000        6.000        6.000        6.000
   200:        6.000        6.000        6.000        6.000        6.000
   205:        6.000        6.000        6.000        6.000        6.000
   210:        6.000        6.000        6.000        6.000        6.000
   215:        6.000        6.000        6.000        6.000        6.000
   220:        6.000        6.000        6.000        6.000        6.000
   225:        6.000        6.000        6.000        6.000        6.000
   230:        6.000        6.000        6.000        6.000        6.000
   235:        6.000        6.000        6.000        6.000        6.000
   240:        6.000        6.000        6.000        6.000        6.000
   245:        6.000        6.000        6.000        6.000        6.000
   250:        6.000        6.000        6.000        6.000        6.000
   255:        6.000        6.000        6.000        6.000        6.000
   260:        6.000        6.000        6.000        6.000        6.000
   265:        6.000        6.000        6.000        6.000        6.000
   270:        6.000        6.000        6.000        6.000        6.000
   275:        6.000        6.000        6.000        6.000        6.000
   280:        6.000        6.000        6.000        6.000        6.000
   285:        6.000        6.000        6.000        6.000        6.000
   290:        6.000        6.000        6.000        6.000        6.000
   295:        6.000        6.000        6.000        6.000        6.000
   300:        6.000        6.000        6.000        6.000        6.000
   305:        6.000        6.000        6.000        6.000        6.000
   310:        6.000        6.000        6.000        6.000        6.000
   315:        6.000        6.000        6.000        6.000        6.000
   320:        6.000        6.000        6.000        6.000        6.000
   325:        6.000        6.000        6.000        6.000        6.000
   330:        6.000        6.000        6.000        6.000        6.000
   335:        6.000        6.000        6.000        6.000        6.000
   340:        6.000        6.000        6.000        6.000        6.000
   345:        6.000        6.000        6.000        6.000        6.000
   350:        6.000        6.000        6.000        6.000        6.000
   355:        6.000        6.000        6.000        6.000        6.000
   360:        6.000        6.000        6.000        6.000        6.000
   365:        6.000        6.000        6.000        6.000        6.000
   370:        6.000        6.000        6.000        6.000        6.000
   375:        6.000        6.000        6.000        6.000        6.000
   380:        6.000        6.000        6.000        6.000        6.000
   385:        6.000        6.000        6.000        6.000        6.000
   390:        6.000        6.000        6.000        6.000        6.000
   395:        6.000        6.000        6.000        6.000        6.000
   400:        6.000        6.000        6.000        6.000        6.000
   405:        6.000        6.000        6.000        6.000        6.000
   410:        6.000        6.000        6.000        6.000        6.000
   415:        6.000        6.000        6.000        6.000        6.000
   420:        6.000        6.000        6.000        6.000        6.000
   425:        6.000        6.000        6.000        6.000        6.000
   430:        6.000        6.000        6.000        6.000        6.000
   435:        6.000        6.000        6.000        6.000        6.000
   440:        6.000        6.000        6.000        6.000        6.000
   445:        6.000        6.000        6.000        6.000        6.000
   450:        6.000        6.000        6.000        6.000        6.000
   455:        6.000        6.000        6.000        6.000        6.000
   460:        6.000        6.000        6.000        6.000        6.000
   465:        6.000        6.000        6.000        6.000        6.000
   470:        6.000        6.000        6.000        6.000        6.000
   475:        6.000        6.000        6.000        6.000        6.000
   480:        6.000        6.000        6.000        6.000        6.000
   485:        6.000        6.000        6.000        6.000        6.000
   490:        6.000        6.000        6.000        6.000        6.000
   495:        6.000        6.000        6.000        6.000        6.000
   500:        6.000        6.000        6.000        6.000        6.000
   505:        6.000        6.000        6.000        6.000        6.000
   510:        6.000        6.000        6.000        6.000        6.000
   515:        6.000        6.000        6.000        6.000        6.000
   520:        6.000        6.000        6.000        6.000        6.000
   525:        6.000        6.000        6.000        6.000        6.000
   530:        6.000        6.000        6.000        6.000        6.000
   535:        6.000        6.000        6.000        6.000        6.000
   540:        6.000        6.000        6.000        6.000        6.000
   545:        6.000        6.000        6.000        6.000        6.000
   550:        6.000        6.000        6.000        6.000        6.000
   555:        6.000        6.000        6.000        6.000        6.000
   560:        6.000        6.000        6.000        6.000        6.000
   565:        6.000        6.000        6.000        6.000        6.000
   570:        6.000        6.000        6.000        6.000        6.000
   575:        6.000        6.000        6.000        6.000        6.000
   580:        6.000        6.000        6.000        6.000        6.000
   585:        6.000        6.000        6.000        6.000        6.000
   590:        6.000        6.000        6.000        6.000        6.000
   595:        6.000        6.000        6.000        6.000        6.000
   600:        6.000        6.000        6.000        6.000        6.000
   605:        6.000        6.000        6.000        6.000        6.000
   610:        6.000        6.000        6.000        6.000        6.000
   615:        6.000        6.000        6.000        6.000        6.000
   620:        6.000        6.000        6.000        6.000        6.000
   625:        6.000        6.000        6.000        6.000        6.000
   630:        6.000        6.000        6.000        6.000        6.000
   635:        6.000        6.000        6.000        6.000        6.000
   640:        6.000        6.000        6.000        6.000        6.000
   645:        6.000        6.000        6.000        6.000        6.000
   650:        6.000        6.000        6.000        6.000        6.000
   655:        6.000        6.000        6.000        6.000        6.000
   660:        6.000        6.000        6.000        6.000        6.000
   665:        6.000        6.000        6.000        6.000        6.000
   670:        6.000        6.000        6.000        6.000        6.000
   675:        6.000        6.000        6.000        6.000        6.000
   680:        6.000        6.000        6.000        6.000        6.000
   685:        6.000        6.000        6.000        6.000        6.000
   690:        6.000        6.000        6.000        6.000        6.000
   695:        6.000        6.000        6.000        6.000        6.000
   700:        6.000        6.000        6.000        6.000        6.000
   705:        6.000        6.000        6.000        6.000        6.000
   710:        6.000        6.000        6.000        6.000        6.000
   715:        6.000        6.000        6.000        6.000        6.000
   720:        6.000        6.000        6.000        6.000        6.000
   725:        6.000      100.000
T:
     0:        0.000        0.000        0.000        0.000        1.900
     5:        1.900        1.900        1.910        1.910        7.100
    10:       10.240       10.350       10.980       11.300       11.900
    15:       11.910      129.050      244.540      247.000      247.660
    20:      249.010      282.250      282.250      282.250      282.260
    25:      282.260      284.180      285.150      289.830      289.830
    30:      292.250      292.260      293.440      293.440      293.440
    35:      293.450      293.450      301.080      302.650      303.440
    40:      303.450      303.730      305.960      350.820      435.560
    45:      435.670      436.020      439.580      441.080      500.540
    50:      520.720      520.720      520.720      520.730      520.730
    55:      530.720      530.730      543.430      544.480      546.850
    60:      547.780      549.130      551.410      597.960      598.530
    65:      656.750      657.480      751.010      834.010      877.430
    70:      877.620      878.880      880.830      882.200      885.110
    75:      886.500      890.430      917.160      917.160      917.160
    80:      917.170      917.170      922.000      922.000      927.160
    85:      927.170      943.120      943.650      975.370      975.450
    90:      979.410      980.490      985.520      986.720      992.110
    95:      992.320      994.770      996.410      996.470      996.550
   100:      996.900      997.080      997.830     1003.710     1032.340
   105:     1033.220     1033.670     1033.940     1035.090     1035.520
   110:     1035.740     1036.470     1037.260     1146.200     1150.250
   115:     1150.500     1161.270     1161.550     1166.060     1222.500
   120:     1243.310     1252.000     1253.240     1253.630     1253.950
   125:     1254.890     1257.570     1259.500     1262.220     1264.420
   130:     1264.680     1264.740     1265.560     1266.440     1267.770
   135:     1268.070     1268.770     1269.270     1271.420     1272.620
   140:     1272.750     1272.980     1274.680     1276.590     1279.100
   145:     1279.290     1280.390     1281.150     1301.170     1301.820
   150:     1301.950     1696.590     1697.710     1699.050     1700.040
   155:     1700.630     1700.890     1702.740     1703.130     1704.120
   160:     1918.010     1918.670     1920.150     1921.010     1923.580
   165:     2003.060     2003.670     2003.760     2005.590     2007.180
   170:     2008.200     2009.640     2020.760     2022.650     2022.740
   175:     2024.930     2025.770     2026.070     2658.310     2661.960
   180:     2669.140     2690.770     2921.730     2923.350     3273.050
   185:     3277.680     3285.270     3286.570     3288.230     3295.650
   190:     3296.370     3301.940     3308.710     3312.150     3759.280
   195:     3759.560     3760.220     3760.400     3760.460     3762.390
   200:     3763.710     3764.880     3765.200     3766.350     3943.850
   205:     3944.050     3944.920     3947.360     3948.970     3951.530
   210:     4303.700     4303.830     4306.490     4307.240     4308.760
   215:     4331.380     4334.120     4666.410     4667.640     4760.950
   220:     4761.620     4762.120     4764.370     4765.600     4903.530
   225:     4903.710     4904.610     4905.820     4905.970     4906.260
   230:     4906.580     4906.840     4906.890     4910.090     4910.420
   235:     4935.530     4940.690     4990.510     4991.580     4993.740
   240:     4996.980     4997.310     4998.420     5003.540     5003.610
   245:     5031.830     5062.000     5063.230     5063.410     5103.370
   250:     5103.630     5105.300     5110.300     5113.820     5115.280
   255:     5118.810     5119.500     5119.730     5119.840     5121.740
   260:     5121.840     5122.440     5122.630     5123.060     5123.400
   265:     5123.540     5123.630     5123.740     5123.850     5123.940
   270:     5124.150     5124.470     5124.700     5124.800     5125.430
   275:     5125.890     5126.080     5126.310     5126.480     5126.990
   280:     5127.630     5127.840     5129.680     5129.740     5167.620
   285:     5202.320     5203.410     5203.480     5206.880     5208.340
   290:     5208.370     5235.080     5236.520     5239.510     5239.910
   295:     5247.710     5249.100     5251.410     5321.550     5327.510
   300:     5328.320     5329.670     5329.750     5330.030     5330.150
   305:     5331.310     5332.390     5333.370     5333.770     5333.870
   310:     5334.020     5335.860     5336.200     5336.310     5337.420
   315:     5347.110     5349.470     5427.030     5427.710     5428.070
   320:     5428.360     5428.540     5428.820     5430.120     5430.690
   325:     5431.200     5431.510     5434.620     5449.790     5449.920
   330:     5450.060     5450.110     5450.390     5450.590     5456.460
   335:     5459.920     5462.630     5462.770     5463.180     5463.240
   340:     5463.640     5463.770     5463.870     5464.080     5465.750
   345:     5465.980     5466.270     5466.390     5466.430     5466.560
   350:     5466.830     5466.960     5467.650     5467.770     5467.910
   355:     5468.170     5468.310     5468.370     5468.440     5468.540
   360:     5468.630     5468.700     5469.000     5469.290     5469.390
   365:     5469.430     5469.870     5469.940     5470.040     5470.260
   370:     5470.580     5470.930     5471.110     5471.300     5471.520
   375:     5471.730     5472.570     5473.020     5473.200     5473.390
   380:     5483.880     5484.120     5484.140     5484.330     5484.360
   385:     5484.610     5484.780     5484.950     5485.060     5485.440
   390:     5485.630     5501.270     5501.550     5501.580     5501.790
   395:     5501.950     5502.020     5502.190     5502.660     5509.950
   400:     5510.100     5510.210     5510.360     5511.230     5511.630
   405:     5512.590     5512.890     5513.040     5513.430     5513.580
   410:     5513.710     5513.900     5514.590     5514.770     5515.170
   415:     5515.530     5515.680     5515.940     5516.070     5516.500
   420:     5516.660     5517.450     5517.630     5518.580     5518.680
   425:     5518.900     5519.130     5521.500     5521.810     5522.510
   430:     5522.760     5523.010     5524.230     5524.390     5525.420
   435:     5525.870     5526.560     5526.670     5526.950     5527.190
   440:     5527.380     5527.630     5527.860     5528.030     5528.510
   445:     5529.230     5529.840     5530.320     5530.600     5530.860
   450:     5530.910     5531.380     5531.610     5532.260     5532.310
   455:     5532.490     5533.300     5533.380     5533.420     5533.530
   460:     5533.670     5533.730     5533.850     5533.880     5534.250
   465:     5535.340     5537.320     5537.540     5538.010     5538.130
   470:     5538.400     5539.710     5541.110     5542.610     5542.770
   475:     5542.850     5543.070     5545.980     5546.030     5546.420
   480:     5546.630     5546.830     5547.210     5547.780     5547.880
   485:     5549.120     5549.230     5549.400     5549.840     5552.380
   490:     5552.560     5552.670     5552.740     5552.780     5552.820
   495:     5552.850     5553.050     5553.610     5553.840     5553.920
   500:     5554.070     5554.350     5554.470     5554.690     5554.810
   505:     5554.980     5555.470     5556.030     5556.160     5556.660
   510:     5556.860     5557.080     5557.440     5557.520     5557.780
   515:     5558.180     5558.460     5558.630     5558.940     5559.810
   520:     5560.000     5561.230     5562.850     5563.100     5563.160
   525:     5563.210     5563.370     5563.570     5563.940     5564.020
   530:     5564.130     5564.280     5564.380     5564.900     5566.010
   535:     5567.890     5581.230     5582.390     5583.700     5586.530
   540:     5586.860     5587.430     5587.560     5593.530     5595.240
   545:     5595.940     5596.200     5599.750     5604.470     5605.420
   550:     5611.280     5613.910     5615.790     5615.880     5619.030
   555:     5620.700     5620.840     5621.190     5621.630     5622.780
   560:     5623.230     5623.830     5624.480     5624.540     5624.860
   565:     5627.260     5630.070     5644.930     5645.440     5647.370
   570:     5658.610     5659.210     5659.700     5660.180     5660.680
   575:     5661.110     5661.590     5662.030     5733.590     5774.220
   580:     5806.940     5822.120     5822.140     5822.580     5824.230
   585:     5824.660     5829.750     5834.760     5835.270     5836.350
   590:     5836.390     6982.680     6984.580     6984.650     6985.040
   595:     6985.980     6986.240     6988.080     6988.230     7031.100
   600:     7031.330     7032.090     7032.370     7032.390     7038.220
   605:     7239.780     7239.960     7240.180     7241.470     7244.760
   610:     7249.440     7251.300     7251.500     7252.580     7270.820
   615:     7270.920     7272.990     7281.950     7283.620     7286.030
   620:     7938.590     7939.240     7939.740     7940.160     7940.460
   625:     7941.540     7941.890     8112.930     8112.980     8113.890
   630:     8116.700     8117.780     8117.880     8119.500     8220.730
   635:     8226.020     8226.230     8226.660     8226.970     8227.180
   640:     8227.230     8406.320     8410.060     8412.180     8851.560
   645:     8854.060     8855.140     8856.830     8858.750     8859.710
   650:     9245.780     9246.170     9246.560     9246.980     9247.610
   655:     9247.840     9544.340     9544.750     9546.990     9547.210
   660:     9563.160     9564.840     9565.490     9566.350     9566.480
   665:     9853.380     9853.670     9854.590     9854.720     9854.930
   670:     9885.690     9885.770     9885.980     9886.480     9886.570
   675:     9991.290     9993.800     9998.050     9998.330    10002.030
   680:    10003.220    10009.030    10017.420    10023.730    10062.070
   685:    10062.500    10062.820    10065.690    10066.150    10068.530
   690:    10069.690    10071.650    10071.860    10074.390    10328.240
   695:    10332.870    10332.970    10334.920    10335.080    10335.330
   700:    10336.260    10336.410    10336.500    10336.670    10336.860
   705:    10336.960    10337.300    10337.540    10339.150    10339.210
   710:    10339.260    10349.940    10379.740    10379.820    10380.030
   715:    10383.280    10383.730    10383.800    10383.840    10384.060
   720:    10384.360    10384.400    10384.840    10385.030    10476.550
   725:    10760.850    10800.000
