File: C:\MED-PC IV\DATA\!2025-02-20_15h18m.Subject 67



Start Date: 02/20/25
End Date: 02/20/25
Subject: 67
Experiment: OralFentSA
Group: One
Box: 3
Start Time: 15:18:21
End Time: 18:18:30
MSN: Golden_Liq_SelfAdmin
F:       0.000
G:    1773.000
H:   10800.010
I:       0.000
J:       0.000
K:       0.000
L:       0.000
M:       0.000
N:       0.000
O:       0.000
P:       0.000
Q:       0.000
R:       0.000
S:       0.000
U:       0.000
V:       0.000
W:       0.000
X:       0.000
Y:       0.000
Z:       0.000
A:
     0:        0.000        0.000      180.000        4.000        0.000
     5:        5.000        0.000        5.000        0.000        0.000
    10:        1.000        0.000       10.000 100000000.00       19.000
    15:        9.000      640.000        0.000        0.000        0.000
    20:        0.000
B:
     0:        0.000        0.000        0.000      400.000        0.000
     5:      500.000        0.000      500.000        0.000        0.000
    10:        0.000        0.000     1000.000 10000000000.        0.000
    15:        0.000        0.000        0.000        0.000        0.000
    20:        0.000
C:
     0:       60.000       61.000        0.000       97.000      852.000
     5:    10459.810        3.170       56.000      784.840       14.015
    10:       97.000        3.000        0.000        0.000        0.000
    15:        0.000        0.000        0.000        0.000        0.000
    20:        0.000
D:
     0:        1.190        1.310        8.290        9.870        4.000
     5:       10.090       12.030        5.600        0.740        5.380
    10:       70.050        6.580        8.070      139.850       16.760
    15:       10.180       35.040        0.950        7.590       33.470
    20:       11.090        8.240        3.670        0.870        1.230
    25:        4.000        6.470        2.270        1.680        5.540
    30:       33.860       29.120        5.430        0.680        7.400
    35:       11.170        0.710        0.400        6.140        4.520
    40:        7.290        6.860        3.630        1.310       30.380
    45:        1.540        7.150        7.490        7.440        4.470
    50:       12.880       17.080       53.310       87.400        1.910
    55:        3.170
E:
     0:       19.000       11.000       26.000       27.000        6.000
     5:        6.000        6.000        6.000        6.000        6.000
    10:        6.000        6.000        6.000        6.000        6.000
    15:        6.000        6.000        6.000        2.000        4.000
    20:       22.000       24.000       12.000       13.000        8.000
    25:        5.000       17.000        6.000        6.000        6.000
    30:        6.000       18.000       21.000       22.000       14.000
    35:       10.000       19.000       11.000        6.000        6.000
    40:        6.000        6.000        6.000        6.000        6.000
    45:        6.000        6.000        6.000        6.000        2.000
    50:        4.000       22.000       24.000       12.000       13.000
    55:        8.000        5.000       17.000        6.000        6.000
    60:        6.000       18.000       14.000       10.000       21.000
    65:       22.000       21.000       22.000       21.000       22.000
    70:       19.000       11.000        6.000        6.000        6.000
    75:        2.000        4.000       22.000       24.000       12.000
    80:       13.000        8.000        5.000       17.000       18.000
    85:       14.000       10.000        6.000        6.000        6.000
    90:       19.000       11.000        6.000        6.000        6.000
    95:        6.000        6.000       23.000        6.000        6.000
   100:        2.000        4.000       22.000       24.000       12.000
   105:       13.000        8.000        5.000       17.000       18.000
   110:       14.000       10.000        6.000       19.000       11.000
   115:        6.000        6.000        2.000        4.000       22.000
   120:       24.000       12.000       13.000        8.000        5.000
   125:       17.000       18.000        6.000       14.000       10.000
   130:       19.000       11.000        6.000        6.000        6.000
   135:        6.000        6.000        2.000        4.000       22.000
   140:       24.000       12.000       13.000        8.000        5.000
   145:       17.000       18.000       14.000       10.000       19.000
   150:       11.000        6.000        6.000        6.000        6.000
   155:        6.000        6.000        6.000        6.000        6.000
   160:        6.000        6.000        6.000        6.000        6.000
   165:        6.000        6.000        6.000        6.000        6.000
   170:        6.000        6.000        6.000        6.000        6.000
   175:        6.000        6.000        6.000        6.000        6.000
   180:        6.000        6.000        6.000        6.000        6.000
   185:        6.000        6.000        6.000        6.000        6.000
   190:        6.000        6.000        6.000        6.000        6.000
   195:        6.000        6.000        6.000        6.000        6.000
   200:        6.000        6.000        6.000        6.000        6.000
   205:        6.000        6.000        6.000        6.000        6.000
   210:        6.000        6.000        6.000        6.000        6.000
   215:        6.000        6.000        6.000        6.000        6.000
   220:        6.000        6.000        2.000        4.000       22.000
   225:       24.000       12.000       13.000        8.000        5.000
   230:       17.000       21.000       22.000       18.000       14.000
   235:       10.000       19.000       11.000        6.000        6.000
   240:        6.000        6.000        6.000        6.000        6.000
   245:        2.000        4.000       22.000       24.000       12.000
   250:       13.000        8.000        5.000       17.000       18.000
   255:       14.000       10.000        6.000       19.000       11.000
   260:        6.000        6.000        6.000        6.000        6.000
   265:        6.000        6.000        6.000        6.000        6.000
   270:        6.000        6.000        6.000        6.000        6.000
   275:        6.000        6.000        6.000        6.000        6.000
   280:        6.000        6.000        6.000        6.000        6.000
   285:        6.000        6.000        6.000        6.000        6.000
   290:        6.000        6.000        6.000        6.000        6.000
   295:        6.000        6.000        6.000        6.000        6.000
   300:        6.000        6.000        6.000        6.000        6.000
   305:        6.000        6.000        6.000        6.000        6.000
   310:        6.000        6.000        6.000        6.000        6.000
   315:        6.000        6.000        6.000        6.000        6.000
   320:        6.000        6.000        6.000        6.000        6.000
   325:        6.000        6.000        6.000        6.000        6.000
   330:        2.000        4.000       22.000       24.000       12.000
   335:       13.000        8.000        5.000       17.000        6.000
   340:       21.000       22.000       18.000       14.000       10.000
   345:        6.000        6.000       19.000       11.000        6.000
   350:        6.000        6.000        6.000        6.000        6.000
   355:        6.000        6.000        6.000        6.000        6.000
   360:        6.000        6.000        6.000        6.000        6.000
   365:        6.000        6.000        6.000        2.000        4.000
   370:       22.000       24.000       12.000       13.000        8.000
   375:        5.000       17.000       18.000       14.000       10.000
   380:        6.000       19.000       11.000        6.000        2.000
   385:        4.000       22.000       24.000       12.000       13.000
   390:        8.000        5.000       17.000       18.000       14.000
   395:       10.000       19.000       11.000        6.000        6.000
   400:        6.000        2.000        4.000       22.000       24.000
   405:       12.000       13.000        8.000        5.000       17.000
   410:       18.000       14.000       10.000        6.000       19.000
   415:       11.000        6.000        6.000        6.000        6.000
   420:        6.000        6.000        6.000        6.000        6.000
   425:        6.000        6.000        6.000        6.000        6.000
   430:        6.000        6.000        6.000        6.000        2.000
   435:        4.000       22.000       24.000       12.000       13.000
   440:        8.000        5.000       17.000       18.000       14.000
   445:       10.000        6.000       19.000       11.000        6.000
   450:        6.000        6.000        6.000        6.000        6.000
   455:        6.000       23.000        6.000        6.000        6.000
   460:        6.000        6.000        6.000        6.000        6.000
   465:        6.000        6.000        6.000        6.000        6.000
   470:        6.000        6.000        6.000        6.000        6.000
   475:        6.000        6.000        6.000        6.000        6.000
   480:        6.000        2.000        4.000       22.000       24.000
   485:       12.000       13.000        8.000        5.000       17.000
   490:       18.000       14.000       10.000       19.000       11.000
   495:        6.000        6.000        6.000        6.000        6.000
   500:        6.000        6.000        6.000        6.000        6.000
   505:        6.000        2.000        4.000       22.000       24.000
   510:       12.000       13.000        8.000        5.000       17.000
   515:       18.000       14.000       10.000       19.000       11.000
   520:        6.000        6.000        6.000        2.000        4.000
   525:       22.000       24.000       12.000       13.000        8.000
   530:        5.000       17.000       18.000       14.000       10.000
   535:       19.000       11.000        6.000        6.000        6.000
   540:        2.000        4.000       22.000       24.000       12.000
   545:       13.000        8.000        5.000       17.000       18.000
   550:       14.000       10.000       19.000       11.000        6.000
   555:        6.000        6.000        6.000        6.000        6.000
   560:        6.000        6.000        6.000        6.000        6.000
   565:        6.000        6.000        6.000        6.000        6.000
   570:        6.000        6.000        6.000        6.000        6.000
   575:        6.000        6.000        6.000        6.000        6.000
   580:        6.000        6.000        6.000        6.000        6.000
   585:        6.000        6.000        6.000        6.000        6.000
   590:        6.000        6.000        6.000        6.000        6.000
   595:        6.000        6.000        6.000        6.000        6.000
   600:        6.000        6.000        6.000        6.000        6.000
   605:        6.000        6.000        6.000        6.000        6.000
   610:        2.000        4.000       22.000       24.000       12.000
   615:       13.000        8.000        5.000       17.000        6.000
   620:       18.000       14.000       10.000        6.000       19.000
   625:       11.000        6.000        2.000        4.000       22.000
   630:       24.000       12.000       13.000        8.000        5.000
   635:       17.000       18.000       14.000       10.000        6.000
   640:       19.000       11.000        2.000        4.000       22.000
   645:       24.000       12.000       13.000        8.000        5.000
   650:       17.000       21.000       22.000       18.000       14.000
   655:       10.000       19.000       11.000        6.000        6.000
   660:        6.000        2.000        4.000       22.000       24.000
   665:       12.000       13.000        8.000        5.000       17.000
   670:       18.000       14.000       10.000       19.000       11.000
   675:        6.000        6.000        6.000        6.000        6.000
   680:        6.000        6.000        6.000        6.000        6.000
   685:        2.000        4.000       22.000       24.000       12.000
   690:       13.000        8.000        5.000       17.000       18.000
   695:       14.000       10.000        6.000       19.000       11.000
   700:        6.000        6.000        6.000        2.000        4.000
   705:       22.000       24.000       12.000       13.000        8.000
   710:        5.000       17.000        6.000       18.000       14.000
   715:       10.000       21.000       22.000       19.000       11.000
   720:        6.000        6.000        6.000        6.000        6.000
   725:        6.000        6.000        6.000        6.000        6.000
   730:        2.000        4.000       22.000       24.000       12.000
   735:       13.000        8.000        5.000       17.000        6.000
   740:       18.000       14.000       10.000       19.000       11.000
   745:        6.000        6.000        2.000        4.000       22.000
   750:       24.000       12.000       13.000        8.000        5.000
   755:       17.000        6.000       18.000        6.000       14.000
   760:       10.000       21.000       22.000       19.000       11.000
   765:        6.000        6.000        6.000        6.000        6.000
   770:        6.000        6.000        2.000        4.000       22.000
   775:       24.000       12.000       13.000        8.000        5.000
   780:       17.000       18.000        6.000        6.000       14.000
   785:       10.000       19.000       11.000        6.000        6.000
   790:        6.000        6.000        6.000        6.000        6.000
   795:        6.000        6.000        6.000        6.000        6.000
   800:        6.000        6.000        6.000        6.000        6.000
   805:        6.000        6.000        6.000        6.000        6.000
   810:        6.000        6.000        6.000        6.000        6.000
   815:        6.000        6.000        6.000        6.000        2.000
   820:        4.000       22.000       24.000       12.000       13.000
   825:        8.000        5.000       17.000       18.000       14.000
   830:       10.000       19.000       11.000        2.000        4.000
   835:       22.000       24.000       12.000       13.000        8.000
   840:        5.000       17.000       18.000       14.000       10.000
   845:       19.000       11.000        2.000        4.000       22.000
   850:       24.000       12.000       13.000        8.000        5.000
   855:       17.000       21.000       22.000       21.000       22.000
   860:       21.000       22.000       18.000       14.000       10.000
   865:        6.000        6.000       19.000       11.000        2.000
   870:        4.000       22.000       24.000       12.000       13.000
   875:        8.000        5.000       17.000       21.000       22.000
   880:        6.000       18.000       14.000       10.000       21.000
   885:       22.000       21.000       22.000       21.000       22.000
   890:       19.000       11.000        2.000        4.000       22.000
   895:       24.000       12.000       13.000        8.000        5.000
   900:       17.000       21.000       22.000       21.000       22.000
   905:        6.000       18.000       14.000       10.000       19.000
   910:       11.000        6.000        6.000        6.000        6.000
   915:        6.000        6.000        6.000        2.000        4.000
   920:       22.000       24.000       12.000       13.000        8.000
   925:        5.000       17.000       18.000       14.000       10.000
   930:        6.000        6.000       19.000       11.000        2.000
   935:        4.000       22.000       24.000       12.000       13.000
   940:        8.000        5.000       17.000       21.000       22.000
   945:       21.000       22.000       18.000       14.000       10.000
   950:       19.000       11.000        6.000        6.000        6.000
   955:        6.000        6.000        6.000        6.000        6.000
   960:        2.000        4.000       22.000       24.000       12.000
   965:       13.000        8.000        5.000       17.000       18.000
   970:       14.000       10.000       19.000       11.000        6.000
   975:        6.000        2.000        4.000       22.000       24.000
   980:       12.000       13.000        8.000        5.000       17.000
   985:       18.000       14.000       10.000        6.000        6.000
   990:       19.000       11.000        6.000        2.000        4.000
   995:       22.000       24.000       12.000       13.000        8.000
  1000:        5.000       17.000        6.000       21.000       22.000
  1005:       18.000       14.000       10.000        6.000       21.000
  1010:       22.000       21.000       22.000       19.000       11.000
  1015:        2.000        4.000       22.000       24.000       12.000
  1020:       13.000        8.000        5.000       17.000       21.000
  1025:       22.000       18.000       14.000       10.000        6.000
  1030:        6.000        6.000       19.000       11.000        6.000
  1035:        6.000        6.000        6.000        6.000        6.000
  1040:        6.000        6.000        6.000        6.000        6.000
  1045:        2.000        4.000       22.000       24.000       12.000
  1050:       13.000        8.000        5.000       17.000       18.000
  1055:       14.000       10.000       19.000       11.000        6.000
  1060:        6.000        6.000        6.000        6.000        6.000
  1065:        6.000        6.000        6.000        6.000        6.000
  1070:        6.000        6.000        6.000        6.000        6.000
  1075:        6.000        6.000        6.000        6.000        6.000
  1080:        6.000        6.000        6.000        6.000        6.000
  1085:        6.000        6.000        6.000        6.000        6.000
  1090:        6.000        6.000        6.000        6.000        6.000
  1095:        6.000        6.000        6.000        6.000        6.000
  1100:        6.000        6.000        6.000        6.000        6.000
  1105:        6.000        6.000        6.000        6.000        6.000
  1110:        6.000        6.000        6.000        6.000        6.000
  1115:        6.000        6.000        6.000        6.000        6.000
  1120:        6.000        2.000        4.000       22.000       24.000
  1125:       12.000       13.000        8.000        5.000       17.000
  1130:        6.000       18.000       14.000       10.000       19.000
  1135:       11.000        6.000        6.000        6.000        6.000
  1140:        6.000        6.000        6.000        6.000        6.000
  1145:        6.000        6.000        6.000        6.000        6.000
  1150:        6.000        6.000        2.000        4.000       22.000
  1155:       24.000       12.000       13.000        8.000        5.000
  1160:       17.000        6.000       21.000       22.000       18.000
  1165:       14.000       10.000        6.000       19.000       11.000
  1170:        6.000        6.000        6.000        6.000        6.000
  1175:        6.000        6.000        6.000        6.000        6.000
  1180:        6.000        6.000        6.000        6.000        6.000
  1185:        6.000        6.000        2.000        4.000       22.000
  1190:       24.000       12.000       13.000        8.000        5.000
  1195:       17.000       18.000       14.000       10.000        6.000
  1200:       19.000       11.000        6.000        6.000        6.000
  1205:        2.000        4.000       22.000       24.000       12.000
  1210:       13.000        8.000        5.000       17.000       18.000
  1215:        6.000       14.000       10.000        6.000       19.000
  1220:       11.000        2.000        4.000       22.000       24.000
  1225:       12.000       13.000        8.000        5.000       17.000
  1230:       21.000       22.000       18.000       14.000       10.000
  1235:        6.000       21.000       22.000       21.000       22.000
  1240:       19.000       11.000        2.000        4.000       22.000
  1245:       24.000       12.000       13.000        8.000        5.000
  1250:       17.000       21.000       22.000       18.000       14.000
  1255:       10.000        6.000        6.000       21.000       22.000
  1260:       21.000       22.000       19.000       11.000        2.000
  1265:        4.000       22.000       24.000       12.000       13.000
  1270:        8.000        5.000       17.000       18.000       14.000
  1275:       10.000       19.000       11.000        2.000        4.000
  1280:       22.000       24.000       12.000       13.000        8.000
  1285:        5.000       17.000        6.000        6.000       18.000
  1290:       14.000       10.000        6.000        6.000       19.000
  1295:       11.000        6.000        6.000        6.000        6.000
  1300:        6.000        6.000        6.000        6.000        6.000
  1305:        6.000        6.000        6.000        6.000        6.000
  1310:        6.000        6.000        6.000        6.000        6.000
  1315:        6.000        6.000        6.000        6.000        6.000
  1320:        6.000        6.000        6.000        6.000        6.000
  1325:        2.000        4.000       22.000       24.000       12.000
  1330:       13.000        8.000        5.000       17.000        6.000
  1335:       18.000        6.000       14.000       10.000       19.000
  1340:       11.000        6.000        2.000        4.000       22.000
  1345:       24.000       12.000       13.000        8.000        5.000
  1350:       17.000       21.000       22.000       18.000       14.000
  1355:       10.000       23.000       19.000       11.000        6.000
  1360:        6.000        6.000        6.000        6.000        6.000
  1365:        6.000        6.000        6.000        6.000        6.000
  1370:        6.000        6.000        6.000        6.000        6.000
  1375:        6.000        6.000        6.000        6.000        6.000
  1380:        6.000        6.000        6.000        6.000        2.000
  1385:        4.000       22.000       24.000       12.000       13.000
  1390:        8.000        5.000       17.000        6.000       18.000
  1395:       14.000       10.000       19.000       11.000        6.000
  1400:        6.000        6.000        6.000        6.000        6.000
  1405:        6.000        6.000        2.000        4.000       22.000
  1410:       24.000       12.000       13.000        8.000        5.000
  1415:       17.000       21.000       22.000       18.000       14.000
  1420:       10.000       21.000       22.000        6.000       21.000
  1425:       22.000       19.000       11.000        2.000        4.000
  1430:       22.000       24.000       12.000       13.000        8.000
  1435:        5.000       17.000       18.000       14.000       10.000
  1440:        6.000       19.000       11.000        6.000        6.000
  1445:        6.000        6.000        6.000        6.000        6.000
  1450:        6.000        6.000        6.000        2.000        4.000
  1455:       22.000       24.000       12.000       13.000        8.000
  1460:        5.000       17.000       18.000       14.000       10.000
  1465:        6.000        6.000       19.000       11.000        6.000
  1470:        6.000        6.000        6.000        6.000        6.000
  1475:        6.000        6.000        6.000        6.000        6.000
  1480:        6.000        6.000        6.000        2.000        4.000
  1485:       22.000       24.000       12.000       13.000        8.000
  1490:        5.000       17.000       21.000       22.000       18.000
  1495:       14.000       10.000       21.000       22.000       19.000
  1500:       11.000        2.000        4.000       22.000       24.000
  1505:       12.000       13.000        8.000        5.000       17.000
  1510:       18.000        6.000       14.000       10.000       19.000
  1515:       11.000        6.000        6.000        6.000        6.000
  1520:        2.000        4.000       22.000       24.000       12.000
  1525:       13.000        8.000        5.000       17.000       18.000
  1530:       14.000       10.000       19.000       11.000        6.000
  1535:        2.000        4.000       22.000       24.000       12.000
  1540:       13.000        8.000        5.000       17.000       18.000
  1545:       14.000       10.000       19.000       11.000        6.000
  1550:        2.000        4.000       22.000       24.000       12.000
  1555:       13.000        8.000        5.000       17.000       18.000
  1560:       14.000       10.000       19.000       11.000        6.000
  1565:        6.000        6.000        6.000        6.000        6.000
  1570:        6.000        6.000        6.000        2.000        4.000
  1575:       22.000       24.000       12.000       13.000        8.000
  1580:        5.000       17.000       18.000       14.000       10.000
  1585:       19.000       11.000        6.000        6.000        6.000
  1590:        6.000        6.000        6.000        6.000        6.000
  1595:        6.000        6.000        6.000        2.000        4.000
  1600:       22.000       24.000       12.000       13.000        8.000
  1605:        5.000       17.000        6.000        6.000       18.000
  1610:       14.000       10.000        6.000        6.000        6.000
  1615:        6.000       19.000       11.000        6.000        6.000
  1620:        6.000        6.000        6.000        6.000        6.000
  1625:        6.000        6.000        6.000        6.000        6.000
  1630:        6.000        6.000        6.000        2.000        4.000
  1635:       22.000       24.000       12.000       13.000        8.000
  1640:        5.000       17.000        6.000       18.000        6.000
  1645:       14.000       10.000        6.000        6.000       19.000
  1650:       11.000        6.000        6.000        6.000        6.000
  1655:        6.000        6.000        6.000        6.000        6.000
  1660:        6.000        6.000        6.000        6.000        6.000
  1665:        6.000        6.000        6.000        6.000        6.000
  1670:        6.000        6.000        6.000        6.000        6.000
  1675:        6.000        6.000        6.000        6.000        6.000
  1680:        6.000        6.000        6.000        6.000        6.000
  1685:        6.000        6.000        6.000        6.000        6.000
  1690:        6.000        6.000        6.000        6.000        6.000
  1695:        6.000        6.000        6.000        6.000        6.000
  1700:        6.000        6.000        6.000        6.000        6.000
  1705:        6.000        6.000        6.000        6.000        6.000
  1710:        6.000        6.000        6.000        6.000        6.000
  1715:        6.000        6.000        6.000        6.000        6.000
  1720:        6.000        6.000        6.000        6.000        6.000
  1725:        6.000        6.000        6.000        6.000        6.000
  1730:        6.000        6.000        6.000        6.000        6.000
  1735:        6.000        6.000        6.000        6.000        6.000
  1740:        6.000        6.000        6.000        6.000        6.000
  1745:        6.000        6.000        6.000        6.000        6.000
  1750:        6.000        6.000        6.000        6.000        6.000
  1755:        6.000        6.000        6.000        6.000        6.000
  1760:        6.000        6.000        6.000        6.000        6.000
  1765:        6.000        6.000        6.000        6.000        6.000
  1770:        6.000        6.000        6.000      100.000
T:
     0:        0.000        0.000        0.000        0.000        0.450
     5:        1.080        3.300        3.620        3.630        6.990
    10:        7.470       11.660       12.110       15.530       17.120
    15:       30.520       66.130       71.660       76.590       76.590
    20:       76.590       76.600       76.600       76.600       76.600
    25:       76.600       76.600       77.790       79.590       79.760
    30:       79.790       80.600       80.860       80.860       81.600
    35:       81.600       86.590       86.600      111.340      111.530
    40:      113.730      117.430      125.170      132.500      132.630
    45:      133.190      133.220      133.290      139.380      153.320
    50:      153.320      153.320      153.330      153.330      153.330
    55:      153.330      153.330      153.330      154.640      156.690
    60:      157.050      157.330      158.330      158.330      159.120
    65:      159.120      162.680      162.680      163.170      163.170
    70:      163.320      163.330      163.890      164.130      164.240
    75:      165.230      165.230      165.230      165.240      165.240
    80:      165.240      165.240      165.240      165.240      169.240
    85:      170.240      170.240      173.530      173.680      174.020
    90:      175.230      175.240      183.600      212.570      213.130
    95:      213.420      214.650      224.930      235.630      251.250
   100:      252.650      252.650      252.650      252.660      252.660
   105:      252.660      252.660      252.660      252.660      256.660
   110:      257.660      257.660      262.530      262.650      262.660
   115:      262.670      268.870      276.090      276.090      276.090
   120:      276.100      276.100      276.100      276.100      276.100
   125:      276.100      280.100      280.100      281.100      281.100
   130:      286.090      286.100      288.550      325.230      325.390
   135:      325.890      364.880      366.550      366.550      366.550
   140:      366.560      366.560      366.560      366.560      366.560
   145:      366.560      370.560      371.560      371.560      376.550
   150:      376.560      376.650      377.500      380.190      387.900
   155:      389.720      390.690      393.210      394.050      395.810
   160:      396.050      396.070      396.160      396.310      397.820
   165:      397.830      398.280      398.410      398.470      399.380
   170:      399.600      399.750      400.010      400.440      400.480
   175:      400.610      401.070      401.420      401.660      402.000
   180:      402.070      458.730      467.900      472.490      473.270
   185:      481.620      488.540      489.190      489.240      490.540
   190:      493.700      525.970      566.900      567.970      568.080
   195:      570.430      571.400      582.120      582.290      586.490
   200:      595.440      601.580      602.920      603.140      604.900
   205:      605.310      605.910      606.220      608.730      609.660
   210:      609.710      610.040      617.550      623.010      629.370
   215:      629.940      659.890      676.550      704.080      704.470
   220:      712.540      764.550      772.880      772.880      772.880
   225:      772.890      772.890      772.890      772.890      772.890
   230:      772.890      773.160      773.160      776.890      777.890
   235:      777.890      782.880      782.890      784.920      804.040
   240:      804.340      845.210      871.660      923.160      992.280
   245:      994.730      994.730      994.730      994.740      994.740
   250:      994.740      994.740      994.740      994.740      998.740
   255:      999.740      999.740     1000.340     1004.730     1004.740
   260:     1008.970     1022.420     1033.310     1058.000     1061.860
   265:     1082.190     1083.030     1111.160     1111.390     1114.700
   270:     1181.170     1181.250     1181.460     1181.840     1290.950
   275:     1292.880     1299.090     1306.490     1306.790     1309.470
   280:     1317.350     1317.730     1324.970     1325.280     1332.170
   285:     1336.820     1349.320     1349.600     1350.170     1354.340
   290:     1355.030     1355.050     1358.370     1360.560     1393.220
   295:     1397.580     1397.800     1414.240     1414.470     1419.800
   300:     1429.470     1445.390     1461.310     1461.740     1461.770
   305:     1461.980     1473.400     1478.530     1478.660     1498.940
   310:     1499.280     1499.530     1499.720     1502.520     1502.610
   315:     1505.350     1511.360     1515.880     1524.700     1525.110
   320:     1525.910     1566.370     1566.790     1589.100     1589.930
   325:     1590.030     1590.240     1592.240     1597.170     1612.670
   330:     1615.720     1615.720     1615.720     1615.730     1615.730
   335:     1615.730     1615.730     1615.730     1615.730     1616.470
   340:     1617.200     1617.200     1619.730     1620.730     1620.730
   345:     1621.000     1623.490     1625.720     1625.730     1626.550
   350:     1626.740     1627.540     1650.210     1653.160     1680.750
   355:     1681.110     1747.770     1787.300     1787.350     1853.560
   360:     2223.020     2299.660     2337.750     2337.960     2354.510
   365:     2367.720     2367.900     2375.970     2377.470     2377.470
   370:     2377.470     2377.480     2377.480     2377.480     2377.480
   375:     2377.480     2377.480     2381.480     2382.480     2382.480
   380:     2382.860     2387.470     2387.480     2388.120     2395.040
   385:     2395.040     2395.040     2395.050     2395.050     2395.050
   390:     2395.050     2395.050     2395.050     2399.050     2400.050
   395:     2400.050     2405.040     2405.050     2465.100     2505.420
   400:     2517.540     2555.200     2555.200     2555.200     2555.210
   405:     2555.210     2555.210     2555.210     2555.210     2555.210
   410:     2559.210     2560.210     2560.210     2561.790     2565.200
   415:     2565.210     2607.990     2610.620     3095.720     3110.290
   420:     3117.920     3117.960     3135.170     3138.060     3139.040
   425:     3139.960     3140.020     3157.080     3157.170     3157.210
   430:     3170.850     3171.490     3171.700     3172.940     3174.490
   435:     3174.490     3174.490     3174.500     3174.500     3174.500
   440:     3174.500     3174.500     3174.500     3178.500     3179.500
   445:     3179.500     3182.570     3184.490     3184.500     3198.520
   450:     3199.380     3201.830     3210.570     3217.240     3224.910
   455:     3228.000     3244.100     3257.910     3258.940     3264.250
   460:     3296.500     3331.170     3387.800     3397.010     3761.710
   465:     3786.700     3809.400     3809.560     3843.250     3873.810
   470:     3890.200     3894.240     3915.510     3936.600     3979.680
   475:     3980.090     4105.230     4127.470     4127.710     4128.010
   480:     4129.040     4195.830     4195.830     4195.830     4195.840
   485:     4195.840     4195.840     4195.840     4195.840     4195.840
   490:     4199.840     4200.840     4200.840     4205.830     4205.840
   495:     4335.690     4335.780     4403.390     4654.020     4654.130
   500:     4688.630     4690.340     4690.640     4711.920     4714.460
   505:     4714.520     4714.980     4714.980     4714.980     4714.990
   510:     4714.990     4714.990     4714.990     4714.990     4714.990
   515:     4718.990     4719.990     4719.990     4724.980     4724.990
   520:     4731.750     4760.100     4762.190     4768.460     4768.460
   525:     4768.460     4768.470     4768.470     4768.470     4768.470
   530:     4768.470     4768.470     4772.470     4773.470     4773.470
   535:     4778.460     4778.470     4778.650     4786.190     4799.250
   540:     4804.760     4804.760     4804.760     4804.770     4804.770
   545:     4804.770     4804.770     4804.770     4804.770     4808.770
   550:     4809.770     4809.770     4814.760     4814.770     4839.810
   555:     4840.020     4840.430     4842.030     4848.480     4852.420
   560:     4853.140     4857.990     4861.880     4871.640     4882.070
   565:     4888.060     4892.220     4892.410     4900.530     4907.950
   570:     4920.300     4924.610     4925.820     4927.100     4933.570
   575:     4934.870     4938.930     4943.400     4943.690     4950.950
   580:     4951.530     4953.000     4971.860     4972.120     4972.300
   585:     4976.080     4981.060     4994.680     5003.490     5004.300
   590:     5017.890     5021.020     5025.480     5039.620     5050.500
   595:     5073.080     5097.580     5115.230     5122.600     5122.850
   600:     5138.810     5166.910     5212.940     5398.730     5807.380
   605:     5834.370     5916.800     5922.430     5924.410     5926.270
   610:     5927.300     5927.300     5927.300     5927.310     5927.310
   615:     5927.310     5927.310     5927.310     5927.310     5928.260
   620:     5931.310     5932.310     5932.310     5935.470     5937.300
   625:     5937.310     5947.890     5950.170     5950.170     5950.170
   630:     5950.180     5950.180     5950.180     5950.180     5950.180
   635:     5950.180     5954.180     5955.180     5955.180     5957.770
   640:     5960.170     5960.180     5977.430     5977.430     5977.430
   645:     5977.440     5977.440     5977.440     5977.440     5977.440
   650:     5977.440     5977.790     5977.790     5981.440     5982.440
   655:     5982.440     5987.430     5987.440     6010.910     6011.130
   660:     6011.340     6033.600     6033.600     6033.600     6033.610
   665:     6033.610     6033.610     6033.610     6033.610     6033.610
   670:     6037.610     6038.610     6038.610     6043.600     6043.610
   675:     6044.700     6093.280     6096.050     6105.140     6107.900
   680:     6109.120     6109.410     6111.130     6111.700     6112.940
   685:     6114.120     6114.120     6114.120     6114.130     6114.130
   690:     6114.130     6114.130     6114.130     6114.130     6118.130
   695:     6119.130     6119.130     6122.370     6124.120     6124.130
   700:     6135.730     6135.860     6136.080     6159.270     6159.270
   705:     6159.270     6159.280     6159.280     6159.280     6159.280
   710:     6159.280     6159.280     6162.950     6163.280     6164.280
   715:     6164.280     6165.560     6165.560     6169.270     6169.280
   720:     6183.560     6183.990     6192.290     6193.560     6221.440
   725:     6221.570     6237.090     6242.130     6243.900     6270.980
   730:     6292.180     6292.180     6292.180     6292.190     6292.190
   735:     6292.190     6292.190     6292.190     6292.190     6293.060
   740:     6296.190     6297.190     6297.190     6302.180     6302.190
   745:     6313.070     6315.770     6317.070     6317.070     6317.070
   750:     6317.080     6317.080     6317.080     6317.080     6317.080
   755:     6317.080     6318.310     6321.080     6321.950     6322.080
   760:     6322.080     6323.000     6323.000     6327.070     6327.080
   765:     6344.050     6347.120     6348.630     6348.780     6350.620
   770:     6351.380     6357.980     6359.240     6359.240     6359.240
   775:     6359.250     6359.250     6359.250     6359.250     6359.250
   780:     6359.250     6363.250     6363.250     6364.120     6364.250
   785:     6364.250     6369.240     6369.250     6371.840     6391.200
   790:     6391.370     6392.850     6402.260     6477.350     6491.030
   795:     6671.400     6687.310     6688.070     6688.150     6688.260
   800:     6688.520     6688.550     6691.780     6691.930     6693.050
   805:     6693.210     6698.460     6702.000     6706.360     6712.500
   810:     6712.590     6729.110     6729.780     6807.690     6817.050
   815:     6860.560     6860.690     6998.450     7329.860     7330.660
   820:     7330.660     7330.660     7330.670     7330.670     7330.670
   825:     7330.670     7330.670     7330.670     7334.670     7335.670
   830:     7335.670     7340.660     7340.670     7351.370     7351.370
   835:     7351.370     7351.380     7351.380     7351.380     7351.380
   840:     7351.380     7351.380     7355.380     7356.380     7356.380
   845:     7361.370     7361.380     7364.510     7364.510     7364.510
   850:     7364.520     7364.520     7364.520     7364.520     7364.520
   855:     7364.520     7366.050     7366.050     7367.120     7367.120
   860:     7367.760     7367.760     7368.520     7369.520     7369.520
   865:     7370.990     7373.550     7374.510     7374.520     7375.070
   870:     7375.070     7375.070     7375.080     7375.080     7375.080
   875:     7375.080     7375.080     7375.080     7376.260     7376.260
   880:     7377.350     7379.080     7380.080     7380.080     7382.150
   885:     7382.150     7383.910     7383.910     7384.420     7384.420
   890:     7385.070     7385.080     7388.670     7388.670     7388.670
   895:     7388.680     7388.680     7388.680     7388.680     7388.680
   900:     7388.680     7388.980     7388.980     7389.500     7389.500
   905:     7390.360     7392.680     7393.680     7393.680     7398.670
   910:     7398.680     7411.770     7411.820     7420.570     7443.450
   915:     7453.650     7454.220     7463.790     7464.720     7464.720
   920:     7464.720     7464.730     7464.730     7464.730     7464.730
   925:     7464.730     7464.730     7468.730     7469.730     7469.730
   930:     7470.270     7470.510     7474.720     7474.730     7485.170
   935:     7485.170     7485.170     7485.180     7485.180     7485.180
   940:     7485.180     7485.180     7485.180     7485.440     7485.440
   945:     7489.060     7489.060     7489.180     7490.180     7490.180
   950:     7495.170     7495.180     7519.040     7533.650     7534.130
   955:     7534.270     7534.310     7534.410     7534.720     7569.900
   960:     7644.490     7644.490     7644.490     7644.500     7644.500
   965:     7644.500     7644.500     7644.500     7644.500     7648.500
   970:     7649.500     7649.500     7654.490     7654.500     7673.620
   975:     7676.160     7676.950     7676.950     7676.950     7676.960
   980:     7676.960     7676.960     7676.960     7676.960     7676.960
   985:     7680.960     7681.960     7681.960     7682.390     7682.740
   990:     7686.950     7686.960     7688.820     7691.630     7691.630
   995:     7691.630     7691.640     7691.640     7691.640     7691.640
  1000:     7691.640     7691.640     7692.320     7693.180     7693.180
  1005:     7695.640     7696.640     7696.640     7699.840     7700.780
  1010:     7700.780     7701.140     7701.140     7701.630     7701.640
  1015:     7703.090     7703.090     7703.090     7703.100     7703.100
  1020:     7703.100     7703.100     7703.100     7703.100     7703.820
  1025:     7703.820     7707.100     7708.100     7708.100     7710.500
  1030:     7712.370     7712.670     7713.090     7713.100     7713.690
  1035:     7714.210     7714.230     7714.700     7714.750     7720.190
  1040:     7730.350     7750.840     7751.190     7777.610     7780.650
  1045:     7783.590     7783.590     7783.590     7783.600     7783.600
  1050:     7783.600     7783.600     7783.600     7783.600     7787.600
  1055:     7788.600     7788.600     7793.590     7793.600     7794.770
  1060:     7829.880     7834.830     7838.260     7839.140     7840.790
  1065:     7843.810     7849.050     7849.680     7854.660     7861.950
  1070:     7880.680     7895.650     7896.690     7898.640     7899.030
  1075:     7899.100     7903.660     7904.560     7905.880     7906.350
  1080:     7906.420     7915.130     7915.660     7916.640     7917.350
  1085:     7918.760     7919.940     7924.980     7929.420     7930.300
  1090:     7930.810     7931.800     7933.150     7933.420     7933.480
  1095:     7933.550     7940.740     7941.210     7941.600     7941.690
  1100:     7942.000     7942.580     7945.400     7945.940     7946.710
  1105:     7946.820     7946.980     7947.530     7952.300     7958.900
  1110:     7981.980     7991.690     8000.100     8000.700     8001.150
  1115:     8001.220     8001.860     8002.630     8002.710     8003.330
  1120:     8003.350     8005.860     8005.860     8005.860     8005.870
  1125:     8005.870     8005.870     8005.870     8005.870     8005.870
  1130:     8006.580     8009.870     8010.870     8010.870     8015.860
  1135:     8015.870     8040.860     8041.300     8041.420     8063.750
  1140:     8354.110     8356.980     8370.340     8375.520     8381.540
  1145:     8381.780     8381.810     8381.990     8401.780     8402.190
  1150:     8404.330     8410.520     8411.980     8411.980     8411.980
  1155:     8411.990     8411.990     8411.990     8411.990     8411.990
  1160:     8411.990     8412.390     8413.300     8413.300     8415.990
  1165:     8416.990     8416.990     8420.110     8421.980     8421.990
  1170:     8448.080     8448.540     8469.710     8469.830     8478.580
  1175:     8481.200     8489.890     8496.220     8502.100     8504.650
  1180:     8532.800     8625.680     8684.130     8689.020     8689.230
  1185:     8695.990     8702.380     8707.050     8707.050     8707.050
  1190:     8707.060     8707.060     8707.060     8707.060     8707.060
  1195:     8707.060     8711.060     8712.060     8712.060     8713.200
  1200:     8717.050     8717.060     8732.640     8799.420     8799.670
  1205:     9098.340     9098.340     9098.340     9098.350     9098.350
  1210:     9098.350     9098.350     9098.350     9098.350     9102.350
  1215:     9102.870     9103.350     9103.350     9108.240     9108.340
  1220:     9108.350     9109.430     9109.430     9109.430     9109.440
  1225:     9109.440     9109.440     9109.440     9109.440     9109.440
  1230:     9109.890     9109.890     9113.440     9114.440     9114.440
  1235:     9116.730     9118.060     9118.060     9119.140     9119.140
  1240:     9119.430     9119.440     9121.250     9121.250     9121.250
  1245:     9121.260     9121.260     9121.260     9121.260     9121.260
  1250:     9121.260     9123.490     9123.490     9125.260     9126.260
  1255:     9126.260     9128.120     9128.490     9129.960     9129.960
  1260:     9130.680     9130.680     9131.250     9131.260     9135.250
  1265:     9135.250     9135.250     9135.260     9135.260     9135.260
  1270:     9135.260     9135.260     9135.260     9139.260     9140.260
  1275:     9140.260     9145.250     9145.260     9182.050     9182.050
  1280:     9182.050     9182.060     9182.060     9182.060     9182.060
  1285:     9182.060     9182.060     9185.690     9186.050     9186.060
  1290:     9187.060     9187.060     9189.840     9190.060     9192.050
  1295:     9192.060     9196.860     9200.850     9201.070     9201.770
  1300:     9201.820     9201.840     9202.240     9203.970     9215.810
  1305:     9216.250     9217.020     9217.390     9217.580     9218.010
  1310:     9218.790     9218.830     9218.870     9219.070     9230.600
  1315:     9261.610     9262.250     9263.030     9268.500     9279.150
  1320:     9279.300     9279.770     9280.990     9285.670     9287.710
  1325:     9288.670     9288.670     9288.670     9288.680     9288.680
  1330:     9288.680     9288.680     9288.680     9288.680     9289.990
  1335:     9292.680     9293.190     9293.680     9293.680     9298.670
  1340:     9298.680     9299.100     9301.630     9301.630     9301.630
  1345:     9301.640     9301.640     9301.640     9301.640     9301.640
  1350:     9301.640     9301.750     9301.750     9305.640     9306.640
  1355:     9306.640     9311.490     9311.630     9311.640     9332.020
  1360:     9333.960     9334.880     9335.990     9338.560     9339.120
  1365:     9339.830     9341.120     9341.390     9342.660     9342.880
  1370:     9344.720     9345.110     9345.140     9345.500     9355.840
  1375:     9356.250     9356.430     9374.400     9374.500     9374.720
  1380:     9385.860     9386.250     9386.950     9405.090     9428.950
  1385:     9428.950     9428.950     9428.960     9428.960     9428.960
  1390:     9428.960     9428.960     9428.960     9430.500     9432.960
  1395:     9433.960     9433.960     9438.950     9438.960     9439.590
  1400:     9442.490     9443.310     9444.000     9446.500     9449.810
  1405:     9451.500     9454.690     9456.250     9456.250     9456.250
  1410:     9456.260     9456.260     9456.260     9456.260     9456.260
  1415:     9456.260     9460.190     9460.190     9460.260     9461.260
  1420:     9461.260     9462.480     9462.480     9463.410     9464.380
  1425:     9464.380     9466.250     9466.260     9466.750     9466.750
  1430:     9466.750     9466.760     9466.760     9466.760     9466.760
  1435:     9466.760     9466.760     9470.760     9471.760     9471.760
  1440:     9474.250     9476.750     9476.760     9480.420     9480.810
  1445:     9488.280     9489.910     9491.490     9493.900     9494.480
  1450:     9494.660     9501.760     9502.100     9503.310     9503.310
  1455:     9503.310     9503.320     9503.320     9503.320     9503.320
  1460:     9503.320     9503.320     9507.320     9508.320     9508.320
  1465:     9510.760     9510.890     9513.310     9513.320     9519.680
  1470:     9520.180     9536.320     9536.760     9552.130     9592.590
  1475:     9596.430     9620.580     9630.810     9633.470     9633.710
  1480:     9640.430     9641.660     9648.570     9649.260     9649.260
  1485:     9649.260     9649.270     9649.270     9649.270     9649.270
  1490:     9649.270     9649.270     9652.510     9652.510     9653.270
  1495:     9654.270     9654.270     9659.210     9659.210     9659.260
  1500:     9659.270     9663.370     9663.370     9663.370     9663.380
  1505:     9663.380     9663.380     9663.380     9663.380     9663.380
  1510:     9667.380     9667.850     9668.380     9668.380     9673.370
  1515:     9673.380     9677.490     9979.570    10030.110    10040.200
  1520:    10041.620    10041.620    10041.620    10041.630    10041.630
  1525:    10041.630    10041.630    10041.630    10041.630    10045.630
  1530:    10046.630    10046.630    10051.620    10051.630    10054.510
  1535:    10058.680    10058.680    10058.680    10058.690    10058.690
  1540:    10058.690    10058.690    10058.690    10058.690    10062.690
  1545:    10063.690    10063.690    10068.680    10068.690    10075.770
  1550:    10079.190    10079.190    10079.190    10079.200    10079.200
  1555:    10079.200    10079.200    10079.200    10079.200    10083.200
  1560:    10084.200    10084.200    10089.190    10089.200    10132.510
  1565:    10136.900    10137.290    10137.790    10138.850    10138.870
  1570:    10138.950    10140.510    10214.130    10217.200    10217.200
  1575:    10217.200    10217.210    10217.210    10217.210    10217.210
  1580:    10217.210    10217.210    10221.210    10222.210    10222.210
  1585:    10227.200    10227.210    10304.610    10334.930    10354.310
  1590:    10372.560    10373.120    10392.750    10395.160    10398.640
  1595:    10398.750    10399.800    10405.190    10406.840    10406.840
  1600:    10406.840    10406.850    10406.850    10406.850    10406.850
  1605:    10406.850    10406.850    10408.760    10409.420    10410.850
  1610:    10411.850    10411.850    10412.920    10413.230    10413.730
  1615:    10413.970    10416.840    10416.850    10417.830    10420.830
  1620:    10434.010    10434.420    10434.530    10434.560    10434.580
  1625:    10436.030    10445.780    10446.280    10446.420    10449.600
  1630:    10449.820    10454.010    10457.160    10459.800    10459.800
  1635:    10459.800    10459.810    10459.810    10459.810    10459.810
  1640:    10459.810    10459.810    10462.980    10463.810    10464.480
  1645:    10464.810    10464.810    10464.820    10469.310    10469.800
  1650:    10469.810    10470.220    10471.350    10471.750    10471.770
  1655:    10471.850    10474.410    10474.670    10477.440    10477.450
  1660:    10481.310    10481.320    10481.570    10481.780    10482.360
  1665:    10482.750    10483.310    10484.010    10484.580    10485.170
  1670:    10486.730    10494.280    10495.430    10503.310    10506.430
  1675:    10509.270    10513.430    10513.740    10513.750    10514.150
  1680:    10514.290    10518.280    10518.660    10518.720    10518.960
  1685:    10527.310    10529.650    10535.830    10536.360    10536.940
  1690:    10538.240    10538.300    10538.630    10543.460    10548.210
  1695:    10570.350    10571.080    10577.390    10590.100    10590.230
  1700:    10590.470    10590.610    10591.090    10591.670    10607.700
  1705:    10620.990    10621.770    10628.470    10629.050    10632.510
  1710:    10633.210    10641.850    10642.330    10642.770    10643.480
  1715:    10647.440    10647.560    10650.630    10650.880    10653.290
  1720:    10663.510    10664.280    10664.500    10666.580    10666.610
  1725:    10667.100    10670.600    10671.270    10673.640    10675.680
  1730:    10676.270    10680.010    10680.710    10680.880    10684.450
  1735:    10686.890    10687.390    10693.860    10693.900    10694.000
  1740:    10694.330    10696.800    10698.020    10698.040    10702.340
  1745:    10702.480    10703.470    10704.240    10704.320    10704.520
  1750:    10704.770    10707.640    10707.890    10708.220    10708.840
  1755:    10716.710    10720.160    10720.380    10725.870    10726.090
  1760:    10726.260    10726.520    10733.010    10733.420    10734.050
  1765:    10735.060    10744.580    10744.940    10745.770    10765.770
  1770:    10772.840    10772.980    10781.400    10800.010
