File: C:\MED-PC\Data\2025-04-04_08h37m_Subject 81.txt


Start Date: 04/04/25
End Date: 04/04/25
Subject: 81
Experiment: OralFentSA
Group: One
Box: 9
Start Time: 08:37:59
End Time: 11:39:02
MSN: Golden_Liq_SelfAdmin_EXT
F:       0.000
G:     178.000
H:   10800.000
I:       0.000
J:       0.000
K:       0.000
L:       0.000
M:       0.000
N:       0.000
O:       0.000
P:       0.000
Q:       0.000
R:       0.000
S:       0.000
U:       0.000
V:       0.000
W:       0.000
X:       0.000
Y:       0.000
Z:       0.000
A:
     0:        0.000        0.000      180.000        4.000        0.000
     5:        5.000        0.000        5.000        0.000        0.000
    10:        1.000        0.000       10.000   100000.000       25.000
    15:       25.000      600.000        0.000        0.000        0.000
    20:        0.000
B:
     0:        0.000        0.000        0.000        0.000        0.000
     5:        0.000        0.000        0.000        0.000        0.000
    10:        0.000        0.000     1000.000 10000000.000        0.000
    15:        0.000        0.000        0.000        0.000        0.000
    20:        0.000
C:
     0:        0.000       12.000       24.000       13.000       69.000
     5:    10441.550      212.380        7.000      988.030      141.147
    10:       13.000       24.000        0.000        0.000        0.000
    15:        0.000        0.000        0.000        0.000        0.000
    20:        0.000
D:
     0:       19.900      204.990      485.480       21.100       16.470
     5:       27.710      212.380
E:
     0:       19.000       11.000       26.000       27.000        6.000
     5:        6.000        6.000        6.000        6.000        6.000
    10:        6.000        6.000        6.000        6.000        2.000
    15:        4.000       22.000       24.000       12.000       19.000
    20:       11.000        6.000        1.000        1.000        1.000
    25:        6.000        6.000        1.000        6.000        6.000
    30:        2.000        4.000       22.000       24.000       12.000
    35:       19.000       11.000        6.000        6.000        1.000
    40:        6.000        6.000        6.000        6.000        6.000
    45:        1.000        6.000        2.000        4.000       22.000
    50:       24.000       12.000       19.000       11.000        2.000
    55:        4.000       22.000       24.000       12.000       21.000
    60:       22.000       19.000       11.000        6.000        6.000
    65:        6.000        6.000        6.000        6.000        6.000
    70:        6.000        2.000        4.000       22.000       24.000
    75:       12.000       19.000       11.000        6.000        1.000
    80:        6.000        6.000        6.000        6.000        2.000
    85:        4.000       22.000       24.000       12.000       19.000
    90:       11.000        6.000        6.000        6.000        6.000
    95:        6.000        6.000        6.000        6.000        6.000
   100:        6.000        6.000        6.000        1.000        6.000
   105:        6.000        6.000        2.000        4.000       22.000
   110:       24.000       12.000       19.000       11.000        6.000
   115:        1.000        1.000        6.000        6.000        6.000
   120:        6.000        6.000        1.000        1.000        6.000
   125:        1.000        2.000        4.000       22.000       24.000
   130:       12.000       19.000       11.000        2.000        4.000
   135:       22.000       24.000       12.000       21.000       22.000
   140:       19.000       11.000        2.000        4.000       22.000
   145:       24.000       12.000       20.000       19.000       11.000
   150:        1.000        6.000        1.000        1.000        1.000
   155:        1.000        1.000        6.000        6.000        6.000
   160:        6.000        6.000        1.000        1.000        6.000
   165:        6.000        6.000        6.000        6.000        1.000
   170:        2.000        4.000       22.000       24.000       12.000
   175:       19.000       11.000        1.000      100.000
T:
     0:        0.000        0.000        0.000        0.000      100.490
     5:      100.800      609.090      614.150      814.910      815.490
    10:     1214.110     1701.190     1756.750     1766.070     1984.940
    15:     1984.940     1984.940     1984.950     1984.950     1994.940
    20:     1994.950     2004.850     2188.980     2190.550     2195.350
    25:     2389.080     2389.330     2817.340     2828.530     2875.700
    30:     3155.610     3155.610     3155.610     3155.620     3155.620
    35:     3165.610     3165.620     3360.610     3361.260     3401.170
    40:     3450.290     3450.630     3473.770     3474.040     3474.170
    45:     3758.430     3799.030     3837.510     3837.510     3837.510
    50:     3837.520     3837.520     3847.510     3847.520     3854.650
    55:     3854.650     3854.650     3854.660     3854.660     3857.340
    60:     3857.340     3864.650     3864.660     4340.140     4340.180
    65:     4340.230     4440.010     4442.740     4467.970     4487.430
    70:     4834.630     4905.950     4905.950     4905.950     4905.960
    75:     4905.960     4915.950     4915.960     4927.060     5217.100
    80:     5298.200     5428.990     5437.380     5531.230     5705.000
    85:     5705.000     5705.000     5705.010     5705.010     5715.000
    90:     5715.010     5721.480     5721.780     5724.070     5726.050
    95:     5777.870     5785.310     5806.320     5825.560     5829.090
   100:     5830.070     5927.130     6133.570     6206.010     6435.070
   105:     6503.830     6547.730     6593.640     6593.640     6593.640
   110:     6593.650     6593.650     6603.640     6603.650     6621.360
   115:     6672.790     6673.850     6782.720     6783.100     6808.880
   120:     7065.160     7065.200     7194.720     7634.740     7892.660
   125:     8000.650     8121.790     8121.790     8121.790     8121.800
   130:     8121.800     8131.790     8131.800     8142.470     8142.470
   135:     8142.470     8142.480     8142.480     8144.000     8144.000
   140:     8152.470     8152.480     8222.970     8222.970     8222.970
   145:     8222.980     8222.980     8225.720     8232.970     8232.980
   150:     8341.580     8435.360     8483.290     8523.840     8525.010
   155:     8529.920     8547.720     8768.060     9065.610     9065.680
   160:     9295.270     9295.350     9466.240     9467.130     9574.770
   165:     9684.410     9684.620     9703.010     9857.220    10058.080
   170:    10441.540    10441.540    10441.540    10441.550    10441.550
   175:    10451.540    10451.550    10641.900    10800.000
