File: C:\MED-PC IV\DATA\!2025-03-19_12h06m.Subject 72



Start Date: 03/19/25
End Date: 03/19/25
Subject: 72
Experiment: OralFentSA
Group: One
Box: 8
Start Time: 12:06:27
End Time: 15:06:39
MSN: Golden_Liq_SelfAdmin_EXT
F:       0.000
G:     371.000
H:   10800.010
I:       0.000
J:       0.000
K:       0.000
L:       0.000
M:       0.000
N:       0.000
O:       0.000
P:       0.000
Q:       0.000
R:       0.000
S:       0.000
U:       0.000
V:       0.000
W:       0.000
X:       0.000
Y:       0.000
Z:       0.000
A:
     0:        0.000        0.000      180.000        4.000        0.000
     5:        5.000        0.000        5.000        0.000        0.000
    10:        1.000        0.000       10.000 100000000.00       24.000
    15:       28.000      640.000        0.000        0.000        0.000
    20:        0.000
B:
     0:        0.000        0.000        0.000        0.000        0.000
     5:        0.000        0.000        0.000        0.000        0.000
    10:        0.000        0.000     1000.000 10000000000.        0.000
    15:        0.000        0.000        0.000        0.000        0.000
    20:        0.000
C:
     0:        0.000       28.000        0.000       46.000      142.000
     5:    10716.540       66.540       18.000     1278.190       71.011
    10:       46.000       25.000        0.000        0.000        0.000
    15:        0.000        0.000        0.000        0.000        0.000
    20:        0.000
D:
     0:       27.170       26.110       14.040       16.860       17.430
     5:       70.670       37.140       18.350       23.050       79.930
    10:       19.990      508.500       18.920       10.020       53.430
    15:      215.290       54.750       66.540
E:
     0:       19.000       11.000       26.000       27.000        6.000
     5:        6.000        2.000        4.000       22.000       24.000
    10:       21.000       22.000       21.000       22.000       19.000
    15:       11.000        6.000        6.000        6.000        6.000
    20:        6.000        2.000        4.000       22.000       24.000
    25:       21.000       22.000       21.000       22.000       19.000
    30:       11.000        2.000        4.000       22.000       24.000
    35:       21.000       22.000       19.000       11.000        2.000
    40:        4.000       22.000       24.000       19.000       11.000
    45:        2.000        4.000       22.000       24.000       19.000
    50:       11.000        2.000        4.000       22.000       24.000
    55:       19.000       11.000        6.000        6.000        6.000
    60:        6.000        6.000        6.000        6.000        6.000
    65:       23.000       23.000       23.000       23.000        2.000
    70:        4.000       22.000       24.000       21.000       22.000
    75:       21.000       22.000       19.000       11.000        6.000
    80:        6.000        6.000        6.000        6.000        6.000
    85:        6.000        2.000        4.000       22.000       24.000
    90:       21.000       22.000       19.000       11.000        6.000
    95:        6.000        6.000        6.000       23.000       23.000
   100:       23.000        6.000        6.000        6.000        6.000
   105:        2.000        4.000       22.000       24.000       19.000
   110:       11.000        6.000        6.000        6.000        6.000
   115:        6.000        6.000        6.000        6.000        6.000
   120:        6.000        6.000        6.000        6.000        6.000
   125:        6.000        6.000        6.000        6.000        6.000
   130:        6.000        2.000        4.000       22.000       24.000
   135:       19.000       11.000        2.000        4.000       22.000
   140:       24.000       21.000       22.000       19.000       11.000
   145:        6.000        6.000        6.000       23.000        2.000
   150:        4.000       22.000       24.000       21.000       22.000
   155:       19.000       11.000        2.000        4.000       22.000
   160:       24.000       21.000       22.000       19.000       11.000
   165:        2.000        4.000       22.000       24.000       19.000
   170:       11.000        6.000        6.000        6.000        2.000
   175:        4.000       22.000       24.000       23.000       19.000
   180:       11.000        6.000        6.000        6.000        6.000
   185:        6.000        2.000        4.000       22.000       24.000
   190:       19.000       11.000        6.000        6.000        2.000
   195:        4.000       22.000       24.000       19.000       11.000
   200:        2.000        4.000       22.000       24.000       19.000
   205:       11.000        6.000        6.000        6.000        6.000
   210:        2.000        4.000       22.000       24.000       21.000
   215:       22.000       21.000       22.000       19.000       11.000
   220:        6.000        2.000        4.000       22.000       24.000
   225:       19.000       11.000        6.000        6.000        2.000
   230:        4.000       22.000       24.000       19.000       11.000
   235:        6.000        6.000        6.000        6.000        6.000
   240:        6.000       23.000       23.000        2.000        4.000
   245:       22.000       24.000       19.000       11.000        2.000
   250:        4.000       22.000       24.000       21.000       22.000
   255:       21.000       22.000       21.000       22.000       19.000
   260:       11.000        6.000        6.000        6.000        6.000
   265:        6.000        6.000        6.000        6.000        6.000
   270:        6.000       23.000        6.000        6.000        6.000
   275:        6.000        6.000        6.000        6.000        2.000
   280:        4.000       22.000       24.000       21.000       22.000
   285:       19.000       11.000       23.000        6.000        6.000
   290:        6.000        6.000       23.000       23.000       23.000
   295:       23.000       23.000       23.000       23.000       23.000
   300:        6.000        6.000        6.000        6.000       23.000
   305:       23.000       23.000       23.000        2.000        4.000
   310:       22.000       24.000       19.000       11.000        6.000
   315:        6.000        6.000        6.000        6.000        6.000
   320:        6.000        6.000        6.000        6.000        6.000
   325:        6.000        6.000        6.000        6.000        6.000
   330:        6.000        6.000        6.000        6.000        6.000
   335:        6.000        2.000        4.000       22.000       24.000
   340:       21.000       22.000       19.000       11.000        6.000
   345:        6.000        6.000        6.000        6.000        6.000
   350:        6.000        6.000        6.000        6.000        6.000
   355:        6.000        6.000        2.000        4.000       22.000
   360:       24.000       21.000       22.000       19.000       11.000
   365:        6.000        6.000        6.000        6.000        6.000
   370:        6.000      100.000
T:
     0:        0.000        0.000        0.000        0.000       37.740
     5:       40.730       98.210       98.210       98.210       98.220
    10:       98.940       98.940      100.080      100.080      108.210
    15:      108.220      125.390      126.360      127.410      129.660
    20:      239.320      330.170      330.170      330.170      330.180
    25:      333.520      333.520      336.440      336.440      340.170
    30:      340.180      345.810      345.810      345.810      345.820
    35:      351.860      351.860      355.810      355.820      378.630
    40:      378.630      378.630      378.640      388.630      388.640
    45:      398.780      398.780      398.780      398.790      408.780
    50:      408.790      417.340      417.340      417.340      417.350
    55:      427.340      427.350      443.460      445.320      445.360
    60:      588.620      596.660      599.610      608.380      614.580
    65:      633.670      647.770      649.330      651.140      692.350
    70:      692.350      692.350      692.360      693.230      693.230
    75:      694.900      694.900      702.350      702.360      706.400
    80:      708.160      712.630      713.830      713.900      714.030
    85:      714.250      822.200      822.200      822.200      822.210
    90:      823.410      823.410      832.200      832.210      839.070
    95:      839.240      839.420      846.710      868.820      910.020
   100:      921.600      969.560      987.240     1059.740     1059.900
   105:     1060.490     1060.490     1060.490     1060.500     1070.490
   110:     1070.500     1077.930     1078.010     1078.040     1078.090
   115:     1078.140     1079.110     1079.140     1079.430     1083.790
   120:     1088.010     1091.170     1097.480     1099.900     1104.640
   125:     1107.620     1108.280     1109.920     1110.290     1110.340
   130:     1112.910     1124.880     1124.880     1124.880     1124.890
   135:     1134.880     1134.890     1139.200     1139.200     1139.200
   140:     1139.210     1140.840     1140.840     1149.200     1149.210
   145:     1209.880     1214.420     1215.040     1226.460     1531.240
   150:     1531.240     1531.240     1531.250     1534.850     1534.850
   155:     1541.240     1541.250     1548.000     1548.000     1548.000
   160:     1548.010     1554.190     1554.190     1558.000     1558.010
   165:     1558.560     1558.560     1558.560     1558.570     1568.560
   170:     1568.570     1595.710     1596.600     1598.920     1770.040
   175:     1770.040     1770.040     1770.050     1776.830     1780.040
   180:     1780.050     1788.400     1788.430     1788.740     1788.790
   185:     1791.700     1811.860     1811.860     1811.860     1811.870
   190:     1821.860     1821.870     1834.920     1837.120     1853.600
   195:     1853.600     1853.600     1853.610     1863.600     1863.610
   200:     1963.660     1963.660     1963.660     1963.670     1973.660
   205:     1973.670     2043.600     2043.680     2046.650     2047.370
   210:     2128.100     2128.100     2128.100     2128.110     2129.090
   215:     2129.090     2130.350     2130.350     2138.100     2138.110
   220:     2148.100     2320.780     2320.780     2320.780     2320.790
   225:     2330.780     2330.790     2829.290     2834.190     2930.240
   230:     2930.240     2930.240     2930.250     2940.240     2940.250
   235:     2949.170     2949.210     2949.650     2952.340     2962.020
   240:     2962.050     3008.810     3013.650     3036.880     3036.880
   245:     3036.880     3036.890     3046.880     3046.890     3060.920
   250:     3060.920     3060.920     3060.930     3061.350     3061.350
   255:     3062.900     3062.900     3064.290     3064.290     3070.920
   260:     3070.930     3070.950     3076.600     3079.390     3105.030
   265:     3105.450     3109.560     3146.060     3146.090     3146.140
   270:     3146.390     3231.920     3250.840     3261.570     3261.590
   275:     3261.870     3262.050     3263.510     3264.180     3363.020
   280:     3363.020     3363.020     3363.030     3363.370     3363.370
   285:     3373.020     3373.030     3409.320     3416.460     3423.980
   290:     3426.890     3427.040     3450.680     3452.100     3456.130
   295:     3464.070     3470.180     3476.950     3483.830     3537.920
   300:     3548.960     3549.240     3549.330     3551.350     3559.540
   305:     3575.090     3577.160     3625.150     3658.010     3658.010
   310:     3658.010     3658.020     3668.010     3668.020     3873.310
   315:     3877.990     3878.020     3880.430     3882.090     3882.110
   320:     3882.170     3883.080     3883.330     3883.360     3883.470
   325:     3883.860     4281.190     4282.220     4282.670     4283.210
   330:     4283.630     4288.500     6519.730     6869.080     6894.420
   335:     6898.940     6978.340     6978.340     6978.340     6978.350
   340:     6985.970     6985.970     6988.340     6988.350     7033.100
   345:     8111.610    10344.770    10349.180    10357.770    10642.430
   350:    10642.490    10642.530    10645.970    10647.930    10658.860
   355:    10659.130    10665.790    10716.530    10716.530    10716.530
   360:    10716.540    10722.500    10722.500    10726.530    10726.540
   365:    10783.080    10786.440    10789.690    10789.950    10790.930
   370:    10791.000    10800.010
