File: C:\MED-PC\Data\2025-03-21_13h22m_Subject 85.txt


Start Date: 03/21/25
End Date: 03/21/25
Subject: 85
Experiment: OralFentSA
Group: One
Box: 1
Start Time: 13:22:58
End Time: 16:25:23
MSN: 20241014_Golden_Liq_SelfAdmin
F:       0.000
G:    1220.000
H:   10800.000
I:       0.000
J:       0.000
K:       0.000
L:       0.000
M:       0.000
N:       0.000
O:       0.000
P:       0.000
Q:       0.000
R:       0.000
S:       0.000
U:       0.000
V:       0.000
W:       0.000
X:       0.000
Y:       0.000
Z:       0.000
A:
     0:        0.000        0.000      180.000        4.000        0.000
     5:        5.000        0.000        5.000        0.000        0.000
    10:        1.000        0.000       10.000  3000000.000       22.000
    15:       15.000      640.000        0.000        0.000        0.000
    20:        0.000
B:
     0:        0.000        0.000        0.000      400.000        0.000
     5:      500.000        0.000      500.000        0.000        0.000
    10:        0.000        0.000     1000.000 300000000.000        0.000
    15:        0.000        0.000        0.000        0.000        0.000
    20:        0.000
C:
     0:       62.000       63.000       72.000       83.000      234.000
     5:    10705.590       26.970       41.000     4355.750      106.238
    10:       83.000       72.000        0.000        0.000        0.000
    15:        0.000        0.000        0.000        0.000        0.000
    20:        0.000
D:
     0:       22.980        5.180      161.420       19.620      647.890
     5:       18.650        1.920      130.810       57.250      121.810
    10:      486.880       27.360      578.100       10.290        4.580
    15:       15.620      274.670       61.310        8.500        4.040
    20:        7.780      145.320      102.550        8.130      375.750
    25:       54.350       27.940       86.570       16.260        4.730
    30:        3.090       73.940       55.830       50.910      232.260
    35:       95.370       51.790      204.480        9.650       63.200
    40:       26.970
E:
     0:       19.000       11.000       26.000       27.000        1.000
     5:        6.000        6.000        6.000        2.000        4.000
    10:       22.000       24.000       12.000       13.000        8.000
    15:        5.000       17.000       18.000       21.000       22.000
    20:       14.000       10.000       19.000       11.000        6.000
    25:        6.000        6.000        6.000        6.000        6.000
    30:        2.000        4.000       22.000       24.000       12.000
    35:       13.000        8.000        5.000       17.000       21.000
    40:       22.000       18.000       14.000       10.000        6.000
    45:        6.000        6.000       19.000       11.000        6.000
    50:        6.000        6.000        6.000        6.000        6.000
    55:        6.000        6.000        6.000        6.000        6.000
    60:        6.000        6.000        6.000        6.000        6.000
    65:        6.000        6.000        6.000        6.000        6.000
    70:        6.000        6.000        6.000        6.000        6.000
    75:        6.000        6.000        6.000        6.000        6.000
    80:        2.000        4.000       22.000       24.000       12.000
    85:       13.000        8.000        5.000       17.000       18.000
    90:       21.000       22.000       14.000       10.000       21.000
    95:       22.000       19.000       11.000        1.000        1.000
   100:        1.000        1.000        1.000        6.000        6.000
   105:        6.000        6.000        6.000        2.000        4.000
   110:       22.000       24.000       12.000       13.000        8.000
   115:        5.000       17.000       18.000       14.000       10.000
   120:       20.000       20.000       19.000       11.000        6.000
   125:        2.000        4.000       22.000       24.000       12.000
   130:       13.000        8.000        5.000       17.000       18.000
   135:       14.000       10.000       19.000       11.000        2.000
   140:        4.000       22.000       24.000       12.000       13.000
   145:        8.000        5.000       17.000       18.000       14.000
   150:       10.000       19.000       11.000        6.000        6.000
   155:        6.000        2.000        4.000       22.000       24.000
   160:       12.000       13.000        8.000        5.000       17.000
   165:       21.000       22.000       18.000       14.000       10.000
   170:       19.000       11.000        2.000        4.000       22.000
   175:       24.000       12.000       13.000        8.000        5.000
   180:       17.000       18.000       14.000       10.000       19.000
   185:       11.000        6.000        2.000        4.000       22.000
   190:       24.000       12.000       13.000        8.000        5.000
   195:       17.000        6.000       18.000        6.000       14.000
   200:       10.000        6.000       19.000       11.000        6.000
   205:        6.000        6.000        6.000        6.000        6.000
   210:        6.000        6.000        2.000        4.000       22.000
   215:       24.000       12.000       13.000        8.000        5.000
   220:       17.000       21.000       22.000       18.000       21.000
   225:       22.000       14.000       10.000       19.000       11.000
   230:        1.000        1.000        6.000        6.000        6.000
   235:        2.000        4.000       22.000       24.000       12.000
   240:       13.000        8.000        5.000       17.000       21.000
   245:       22.000       18.000       14.000       10.000       19.000
   250:       11.000        2.000        4.000       22.000       24.000
   255:       12.000       13.000        8.000        5.000       17.000
   260:       18.000       14.000       10.000       19.000       11.000
   265:        1.000        6.000        6.000        2.000        4.000
   270:       22.000       24.000       12.000       13.000        8.000
   275:        5.000       17.000       18.000       14.000       10.000
   280:       19.000       11.000        1.000        6.000        2.000
   285:        4.000       22.000       24.000       12.000       13.000
   290:        8.000        5.000       17.000       18.000       14.000
   295:       10.000       19.000       11.000        6.000        6.000
   300:        1.000        2.000        4.000       22.000       24.000
   305:       12.000       13.000        8.000        5.000       17.000
   310:       18.000       14.000       10.000       19.000       11.000
   315:        6.000        6.000        2.000        4.000       22.000
   320:       24.000       12.000       13.000        8.000        5.000
   325:       17.000       21.000       22.000       18.000       14.000
   330:       10.000       19.000       11.000        2.000        4.000
   335:       22.000       24.000       12.000       13.000        8.000
   340:        5.000       17.000       18.000       14.000       10.000
   345:       19.000       11.000        2.000        4.000       22.000
   350:       24.000       12.000       13.000        8.000        5.000
   355:       17.000       18.000       14.000       10.000       19.000
   360:       11.000        2.000        4.000       22.000       24.000
   365:       12.000       13.000        8.000        5.000       17.000
   370:       18.000       14.000       10.000       19.000       11.000
   375:        6.000        6.000        6.000        6.000        6.000
   380:        6.000        6.000        6.000        6.000        6.000
   385:        6.000        6.000        6.000        2.000        4.000
   390:       22.000       24.000       12.000       13.000        8.000
   395:        5.000       17.000       18.000       14.000       10.000
   400:       19.000       11.000        2.000        4.000       22.000
   405:       24.000       12.000       13.000        8.000        5.000
   410:       17.000       21.000       22.000       18.000       14.000
   415:       10.000       19.000       11.000        2.000        4.000
   420:       22.000       24.000       12.000       13.000        8.000
   425:        5.000       17.000       18.000       21.000       22.000
   430:       14.000       10.000       19.000       11.000        6.000
   435:        6.000        6.000        6.000        1.000        1.000
   440:        1.000        6.000        6.000        2.000        4.000
   445:       22.000       24.000       12.000       13.000        8.000
   450:        5.000       17.000       18.000       14.000       10.000
   455:       19.000       11.000        1.000        1.000        2.000
   460:        4.000       22.000       24.000       12.000       13.000
   465:        8.000        5.000       17.000       18.000        6.000
   470:       14.000       10.000       19.000       11.000        6.000
   475:        6.000        6.000        6.000        6.000        1.000
   480:        1.000        1.000        6.000        6.000        6.000
   485:        6.000        2.000        4.000       22.000       24.000
   490:       12.000       13.000        8.000        5.000       17.000
   495:       18.000       14.000       10.000       19.000       11.000
   500:        1.000        2.000        4.000       22.000       24.000
   505:       12.000       13.000        8.000        5.000       17.000
   510:       18.000       14.000       10.000       19.000       11.000
   515:        1.000        1.000        1.000        2.000        4.000
   520:       22.000       24.000       12.000       13.000        8.000
   525:        5.000       17.000       18.000       14.000       10.000
   530:       19.000       11.000        6.000        6.000        6.000
   535:        6.000        2.000        4.000       22.000       24.000
   540:       12.000       13.000        8.000        5.000       17.000
   545:       18.000       14.000       10.000       19.000       11.000
   550:        6.000        6.000        6.000        6.000        6.000
   555:        6.000        6.000        2.000        4.000       22.000
   560:       24.000       12.000       13.000        8.000        5.000
   565:       17.000       18.000       14.000       10.000       19.000
   570:       11.000        2.000        4.000       22.000       24.000
   575:       12.000       13.000        8.000        5.000       17.000
   580:       18.000       14.000       10.000       19.000       11.000
   585:        6.000        6.000        2.000        4.000       22.000
   590:       24.000       12.000       13.000        8.000        5.000
   595:       17.000       21.000       22.000       18.000       14.000
   600:       10.000        6.000        6.000       19.000       11.000
   605:        6.000        6.000        6.000        1.000        1.000
   610:        1.000        1.000        1.000        1.000        2.000
   615:        4.000       22.000       24.000       12.000       13.000
   620:        8.000        5.000       17.000       18.000        6.000
   625:       14.000       10.000        6.000       19.000       11.000
   630:        6.000        6.000        6.000        6.000        6.000
   635:        6.000        1.000        1.000        6.000        6.000
   640:        6.000        1.000        1.000        6.000        6.000
   645:        6.000        6.000        2.000        4.000       22.000
   650:       24.000       12.000       13.000        8.000        5.000
   655:       17.000       18.000       14.000       10.000        6.000
   660:       19.000       11.000        6.000        6.000        6.000
   665:        6.000        2.000        4.000       22.000       24.000
   670:       12.000       13.000        8.000        5.000       17.000
   675:       18.000       14.000       10.000       21.000       22.000
   680:       19.000       11.000        1.000        1.000        6.000
   685:        6.000        2.000        4.000       22.000       24.000
   690:       12.000       13.000        8.000        5.000       17.000
   695:       18.000       14.000       10.000       19.000       11.000
   700:        1.000        1.000        1.000        1.000        6.000
   705:        6.000        1.000        6.000        2.000        4.000
   710:       22.000       24.000       12.000       13.000        8.000
   715:        5.000       17.000       18.000       14.000       10.000
   720:       19.000       11.000        1.000        1.000        2.000
   725:        4.000       22.000       24.000       12.000       13.000
   730:        8.000        5.000       17.000       18.000       14.000
   735:       10.000        6.000       19.000       11.000        2.000
   740:        4.000       22.000       24.000       12.000       13.000
   745:        8.000        5.000       17.000       21.000       22.000
   750:       18.000       14.000       10.000       21.000       22.000
   755:       19.000       11.000        2.000        4.000       22.000
   760:       24.000       12.000       13.000        8.000        5.000
   765:       17.000       21.000       22.000       18.000       14.000
   770:       10.000       19.000       11.000        2.000        4.000
   775:       22.000       24.000       12.000       13.000        8.000
   780:        5.000       17.000       18.000       14.000       10.000
   785:       19.000       11.000        6.000        6.000        6.000
   790:        1.000        6.000        6.000        2.000        4.000
   795:       22.000       24.000       12.000       13.000        8.000
   800:        5.000       17.000       18.000       14.000       10.000
   805:       19.000       11.000        6.000        6.000        6.000
   810:        2.000        4.000       22.000       24.000       12.000
   815:       13.000        8.000        5.000       17.000       18.000
   820:       14.000       10.000       19.000       11.000        1.000
   825:        1.000        6.000        6.000        6.000        6.000
   830:        2.000        4.000       22.000       24.000       12.000
   835:       13.000        8.000        5.000       17.000       18.000
   840:       14.000       10.000       20.000       19.000       11.000
   845:        6.000        6.000        6.000        6.000        2.000
   850:        4.000       22.000       24.000       12.000       13.000
   855:        8.000        5.000       17.000       21.000       22.000
   860:       18.000       14.000       10.000       19.000       11.000
   865:        2.000        4.000       22.000       24.000       12.000
   870:       13.000        8.000        5.000       17.000       18.000
   875:       14.000       10.000       19.000       11.000        6.000
   880:        6.000        6.000        6.000        2.000        4.000
   885:       22.000       24.000       12.000       13.000        8.000
   890:        5.000       17.000       18.000        6.000       14.000
   895:       10.000        6.000        6.000       19.000       11.000
   900:        6.000        6.000        6.000        6.000        6.000
   905:        6.000        2.000        4.000       22.000       24.000
   910:       12.000       13.000        8.000        5.000       17.000
   915:        6.000       18.000       14.000       10.000        6.000
   920:       19.000       11.000        2.000        4.000       22.000
   925:       24.000       12.000       13.000        8.000        5.000
   930:       17.000       21.000       22.000       21.000       22.000
   935:       18.000       14.000       10.000       19.000       11.000
   940:        2.000        4.000       22.000       24.000       12.000
   945:       13.000        8.000        5.000       17.000       18.000
   950:       14.000       10.000       19.000       11.000        6.000
   955:        6.000        6.000        6.000        6.000        1.000
   960:        6.000        6.000        6.000        6.000        6.000
   965:        2.000        4.000       22.000       24.000       12.000
   970:       13.000        8.000        5.000       17.000       18.000
   975:       14.000       10.000       19.000       11.000        6.000
   980:        6.000        2.000        4.000       22.000       24.000
   985:       12.000       13.000        8.000        5.000       17.000
   990:       18.000       14.000       10.000       19.000       11.000
   995:        1.000        1.000        1.000        6.000        1.000
  1000:        6.000        6.000        2.000        4.000       22.000
  1005:       24.000       12.000       13.000        8.000        5.000
  1010:       17.000       18.000       14.000       10.000       19.000
  1015:       11.000        1.000        1.000        1.000        1.000
  1020:        6.000        6.000        6.000        6.000        6.000
  1025:        6.000        6.000        2.000        4.000       22.000
  1030:       24.000       12.000       13.000        8.000        5.000
  1035:       17.000       18.000       14.000       10.000       21.000
  1040:       22.000       19.000       11.000        2.000        4.000
  1045:       22.000       24.000       12.000       13.000        8.000
  1050:        5.000       17.000       18.000       14.000       10.000
  1055:       19.000       11.000        1.000        2.000        4.000
  1060:       22.000       24.000       12.000       13.000        8.000
  1065:        5.000       17.000       18.000       14.000       10.000
  1070:       20.000       19.000       11.000        1.000        1.000
  1075:        1.000        6.000        6.000        6.000        6.000
  1080:        6.000        6.000        6.000        2.000        4.000
  1085:       22.000       24.000       12.000       13.000        8.000
  1090:        5.000       17.000       21.000       22.000       18.000
  1095:       14.000       10.000       19.000       11.000        6.000
  1100:        6.000        6.000        6.000        6.000        6.000
  1105:        6.000        6.000        6.000        2.000        4.000
  1110:       22.000       24.000       12.000       13.000        8.000
  1115:        5.000       17.000       18.000       14.000       10.000
  1120:       19.000       11.000        2.000        4.000       22.000
  1125:       24.000       12.000       13.000        8.000        5.000
  1130:       17.000       18.000       14.000       10.000       19.000
  1135:       11.000        6.000        6.000        6.000        6.000
  1140:        6.000        6.000        1.000        6.000        6.000
  1145:        6.000        2.000        4.000       22.000       24.000
  1150:       12.000       13.000        8.000        5.000       17.000
  1155:       18.000       14.000       10.000        6.000       19.000
  1160:       11.000        6.000        6.000        6.000        6.000
  1165:        2.000        4.000       22.000       24.000       12.000
  1170:       13.000        8.000        5.000       17.000       18.000
  1175:       14.000       10.000       19.000       11.000        1.000
  1180:        1.000        1.000        1.000        6.000        2.000
  1185:        4.000       22.000       24.000       12.000       13.000
  1190:        8.000        5.000       17.000       18.000       14.000
  1195:       10.000       19.000       11.000        6.000        6.000
  1200:        6.000        2.000        4.000       22.000       24.000
  1205:       12.000       13.000        8.000        5.000       17.000
  1210:       18.000       14.000       10.000       19.000       11.000
  1215:        1.000        1.000        1.000        1.000        1.000
  1220:      100.000
T:
     0:        0.000        0.000        0.000        0.000        6.340
     5:      198.340      200.530      200.670      204.640      204.640
    10:      204.640      204.650      204.650      204.650      204.650
    15:      204.650      204.650      208.650      208.850      208.850
    20:      209.650      209.650      214.640      214.650      227.630
    25:      235.850      235.950      236.200      237.570      241.000
    30:      244.050      244.050      244.050      244.060      244.060
    35:      244.060      244.060      244.060      244.060      247.700
    40:      247.700      248.060      249.060      249.060      249.240
    45:      252.730      253.820      254.050      254.060      255.520
    50:      257.310      257.960      258.000      259.190      260.590
    55:      260.820      261.540      264.770      265.930      267.390
    60:      270.750      271.260      272.200      273.510      274.010
    65:      274.240      274.300      275.520      276.130      276.860
    70:      277.060      277.100      280.820      281.120      284.890
    75:      287.510      287.920      288.220      288.250      289.150
    80:      295.480      295.480      295.480      295.490      295.490
    85:      295.490      295.490      295.490      295.490      299.490
    90:      300.480      300.480      300.490      300.490      301.190
    95:      301.190      305.480      305.490      357.380      363.900
   100:      420.700      423.310      428.420      456.910      457.520
   105:      458.700      467.770      470.490      482.320      482.320
   110:      482.320      482.330      482.330      482.330      482.330
   115:      482.330      482.330      486.330      487.330      487.330
   120:      487.990      490.750      492.320      492.330      501.950
   125:      509.670      509.670      509.670      509.680      509.680
   130:      509.680      509.680      509.680      509.680      513.680
   135:      514.680      514.680      519.670      519.680      523.200
   140:      523.200      523.200      523.210      523.210      523.210
   145:      523.210      523.210      523.210      527.210      528.210
   150:      528.210      533.200      533.210     1171.100     1242.980
   155:     1243.110     1282.000     1282.000     1282.000     1282.010
   160:     1282.010     1282.010     1282.010     1282.010     1282.010
   165:     1282.610     1282.610     1286.010     1287.010     1287.010
   170:     1292.000     1292.010     1322.160     1322.160     1322.160
   175:     1322.170     1322.170     1322.170     1322.170     1322.170
   180:     1322.170     1326.170     1327.170     1327.170     1332.160
   185:     1332.170     1340.820     1355.030     1355.030     1355.030
   190:     1355.040     1355.040     1355.040     1355.040     1355.040
   195:     1355.040     1356.960     1359.040     1359.550     1360.040
   200:     1360.040     1362.270     1365.030     1365.040     1365.730
   205:     1367.110     1367.320     1367.920     1369.520     1370.400
   210:     1372.590     1579.950     1620.580     1620.580     1620.580
   215:     1620.590     1620.590     1620.590     1620.590     1620.590
   220:     1620.590     1624.420     1624.420     1624.590     1625.140
   225:     1625.140     1625.590     1625.590     1630.580     1630.590
   230:     1684.420     1684.600     1751.400     1751.610     1753.410
   235:     1770.640     1770.640     1770.640     1770.650     1770.650
   240:     1770.650     1770.650     1770.650     1770.650     1771.290
   245:     1771.290     1774.650     1775.650     1775.650     1780.640
   250:     1780.650     1789.390     1789.390     1789.390     1789.400
   255:     1789.400     1789.400     1789.400     1789.400     1789.400
   260:     1793.400     1794.400     1794.400     1799.390     1799.400
   265:     1836.470     1846.650     1846.860     2026.580     2026.580
   270:     2026.580     2026.590     2026.590     2026.590     2026.590
   275:     2026.590     2026.590     2030.590     2031.590     2031.590
   280:     2036.580     2036.590     2090.000     2148.400     2164.800
   285:     2164.800     2164.800     2164.810     2164.810     2164.810
   290:     2164.810     2164.810     2164.810     2168.810     2169.810
   295:     2169.810     2174.800     2174.810     2651.690     2652.110
   300:     2704.420     2721.670     2721.670     2721.670     2721.680
   305:     2721.680     2721.680     2721.680     2721.680     2721.680
   310:     2725.680     2726.680     2726.680     2731.670     2731.680
   315:     2749.040     2753.760     2883.070     2883.070     2883.070
   320:     2883.080     2883.080     2883.080     2883.080     2883.080
   325:     2883.080     2886.440     2886.440     2887.080     2888.080
   330:     2888.080     2893.070     2893.080     3095.410     3095.410
   335:     3095.410     3095.420     3095.420     3095.420     3095.420
   340:     3095.420     3095.420     3099.420     3100.420     3100.420
   345:     3105.410     3105.420     3133.840     3133.840     3133.840
   350:     3133.850     3133.850     3133.850     3133.850     3133.850
   355:     3133.850     3137.850     3138.850     3138.850     3143.840
   360:     3143.850     3207.920     3207.920     3207.920     3207.930
   365:     3207.930     3207.930     3207.930     3207.930     3207.930
   370:     3211.930     3212.930     3212.930     3217.920     3217.930
   375:     3786.030     3786.150     3789.390     3796.430     3796.710
   380:     3800.530     3805.210     3806.040     3811.550     3820.340
   385:     3860.900     3863.110     3863.740     3943.580     3943.580
   390:     3943.580     3943.590     3943.590     3943.590     3943.590
   395:     3943.590     3943.590     3947.590     3948.590     3948.590
   400:     3953.580     3953.590     3970.540     3970.540     3970.540
   405:     3970.550     3970.550     3970.550     3970.550     3970.550
   410:     3970.550     3970.740     3970.740     3974.550     3975.550
   415:     3975.550     3980.540     3980.550     3993.200     3993.200
   420:     3993.200     3993.210     3993.210     3993.210     3993.210
   425:     3993.210     3993.210     3997.210     3998.030     3998.030
   430:     3998.210     3998.210     4003.200     4003.210     4003.500
   435:     4003.740     4016.520     4016.800     4052.780     4054.610
   440:     4113.700     4200.390     4202.200     4214.310     4214.310
   445:     4214.310     4214.320     4214.320     4214.320     4214.320
   450:     4214.320     4214.320     4218.320     4219.320     4219.320
   455:     4224.310     4224.320     4356.230     4393.180     4410.890
   460:     4410.890     4410.890     4410.900     4410.900     4410.900
   465:     4410.900     4410.900     4410.900     4414.900     4415.480
   470:     4415.900     4415.900     4420.890     4420.900     4434.430
   475:     4441.380     4442.230     4442.770     4444.690     4457.630
   480:     4472.610     4501.340     4526.150     4528.140     4528.650
   485:     4532.170     4632.290     4632.290     4632.290     4632.300
   490:     4632.300     4632.300     4632.300     4632.300     4632.300
   495:     4636.300     4637.300     4637.300     4642.290     4642.300
   500:     4655.680     4698.110     4698.110     4698.110     4698.120
   505:     4698.120     4698.120     4698.120     4698.120     4698.120
   510:     4702.120     4703.120     4703.120     4708.110     4708.120
   515:     4754.410     4756.090     4758.980     4786.900     4786.900
   520:     4786.900     4786.910     4786.910     4786.910     4786.910
   525:     4786.910     4786.910     4790.910     4791.910     4791.910
   530:     4796.900     4796.910     4802.530     4805.190     4806.040
   535:     4807.980     4815.120     4815.120     4815.120     4815.130
   540:     4815.130     4815.130     4815.130     4815.130     4815.130
   545:     4819.130     4820.130     4820.130     4825.120     4825.130
   550:     5089.800     5095.410     5095.940     5134.970     5136.130
   555:     5196.490     5202.520     5214.210     5214.210     5214.210
   560:     5214.220     5214.220     5214.220     5214.220     5214.220
   565:     5214.220     5218.220     5219.220     5219.220     5224.210
   570:     5224.220     5252.330     5252.330     5252.330     5252.340
   575:     5252.340     5252.340     5252.340     5252.340     5252.340
   580:     5256.340     5257.340     5257.340     5262.330     5262.340
   585:     5313.650     5313.890     5320.590     5320.590     5320.590
   590:     5320.600     5320.600     5320.600     5320.600     5320.600
   595:     5320.600     5322.760     5322.760     5324.600     5325.600
   600:     5325.600     5329.100     5329.950     5330.590     5330.600
   605:     5354.690     5354.950     5356.520     5490.370     5492.520
   610:     5512.400     5512.820     5518.400     5529.530     5560.310
   615:     5560.310     5560.310     5560.320     5560.320     5560.320
   620:     5560.320     5560.320     5560.320     5564.320     5564.360
   625:     5565.320     5565.320     5565.490     5570.310     5570.320
   630:     5866.710     5887.680     5888.220     5888.320     5889.310
   635:     5910.530     5959.050     5959.110     6023.690     6024.710
   640:     6032.170     6138.230     6141.850     6162.060     6162.340
   645:     6163.150     6204.960     6219.800     6219.800     6219.800
   650:     6219.810     6219.810     6219.810     6219.810     6219.810
   655:     6219.810     6223.810     6224.810     6224.810     6227.590
   660:     6229.800     6229.810     6266.200     6269.990     6270.330
   665:     6271.160     6286.760     6286.760     6286.760     6286.770
   670:     6286.770     6286.770     6286.770     6286.770     6286.770
   675:     6290.770     6291.770     6291.770     6295.660     6295.660
   680:     6296.760     6296.770     6306.910     6396.450     6432.090
   685:     6435.050     6441.800     6441.800     6441.800     6441.810
   690:     6441.810     6441.810     6441.810     6441.810     6441.810
   695:     6445.810     6446.810     6446.810     6451.800     6451.810
   700:     6454.750     6511.750     6521.070     6527.430     6544.360
   705:     6582.430     6632.170     6643.940     6701.550     6701.550
   710:     6701.550     6701.560     6701.560     6701.560     6701.560
   715:     6701.560     6701.560     6705.560     6706.560     6706.560
   720:     6711.550     6711.560     6716.600     6724.280     6786.350
   725:     6786.350     6786.350     6786.360     6786.360     6786.360
   730:     6786.360     6786.360     6786.360     6790.360     6791.360
   735:     6791.360     6794.490     6796.350     6796.360     6803.110
   740:     6803.110     6803.110     6803.120     6803.120     6803.120
   745:     6803.120     6803.120     6803.120     6804.930     6804.930
   750:     6807.120     6808.120     6808.120     6812.090     6812.090
   755:     6813.110     6813.120     6814.730     6814.730     6814.730
   760:     6814.740     6814.740     6814.740     6814.740     6814.740
   765:     6814.740     6816.820     6816.820     6818.740     6819.740
   770:     6819.740     6824.730     6824.740     6828.470     6828.470
   775:     6828.470     6828.480     6828.480     6828.480     6828.480
   780:     6828.480     6828.480     6832.480     6833.480     6833.480
   785:     6838.470     6838.480     7204.230     7240.720     7240.960
   790:     7345.580     7418.660     7426.340     7573.900     7573.900
   795:     7573.900     7573.910     7573.910     7573.910     7573.910
   800:     7573.910     7573.910     7577.910     7578.910     7578.910
   805:     7583.900     7583.910     7628.260     7628.560     7629.760
   810:     7715.880     7715.880     7715.880     7715.890     7715.890
   815:     7715.890     7715.890     7715.890     7715.890     7719.890
   820:     7720.890     7720.890     7725.880     7725.890     7729.300
   825:     7729.580     7743.830     7758.960     7760.520     7760.700
   830:     7825.590     7825.590     7825.590     7825.600     7825.600
   835:     7825.600     7825.600     7825.600     7825.600     7829.600
   840:     7830.600     7830.600     7834.620     7835.590     7835.600
   845:     7912.170     7912.540     7916.090     7917.130     7926.730
   850:     7926.730     7926.730     7926.740     7926.740     7926.740
   855:     7926.740     7926.740     7926.740     7928.640     7928.640
   860:     7930.740     7931.740     7931.740     7936.730     7936.740
   865:     7979.540     7979.540     7979.540     7979.550     7979.550
   870:     7979.550     7979.550     7979.550     7979.550     7983.550
   875:     7984.550     7984.550     7989.540     7989.550     7995.810
   880:     7998.720     8002.660     8003.460     8008.480     8008.480
   885:     8008.480     8008.490     8008.490     8008.490     8008.490
   890:     8008.490     8008.490     8012.490     8013.220     8013.490
   895:     8013.490     8015.400     8015.700     8018.480     8018.490
   900:     8023.130     8023.180     8040.040     8040.200     8042.390
   905:     8043.390     8052.700     8052.700     8052.700     8052.710
   910:     8052.710     8052.710     8052.710     8052.710     8052.710
   915:     8055.800     8056.710     8057.710     8057.710     8058.830
   920:     8062.700     8062.710     8062.780     8062.780     8062.780
   925:     8062.790     8062.790     8062.790     8062.790     8062.790
   930:     8062.790     8065.500     8065.500     8065.670     8065.670
   935:     8066.790     8067.790     8067.790     8072.780     8072.790
   940:     8095.860     8095.860     8095.860     8095.870     8095.870
   945:     8095.870     8095.870     8095.870     8095.870     8099.870
   950:     8100.870     8100.870     8105.860     8105.870     8169.810
   955:     8170.150     8173.480     8173.620     8174.580     8244.020
   960:     8270.790     8273.020     8275.570     8278.380     8279.940
   965:     8333.410     8333.410     8333.410     8333.420     8333.420
   970:     8333.420     8333.420     8333.420     8333.420     8337.420
   975:     8338.420     8338.420     8343.410     8343.420     8389.250
   980:     8389.410     8407.110     8407.110     8407.110     8407.120
   985:     8407.120     8407.120     8407.120     8407.120     8407.120
   990:     8411.120     8412.120     8412.120     8417.110     8417.120
   995:     8420.400     8434.510     8435.710     8458.030     8608.370
  1000:     8690.340     8693.130     8720.170     8720.170     8720.170
  1005:     8720.180     8720.180     8720.180     8720.180     8720.180
  1010:     8720.180     8724.180     8725.180     8725.180     8730.170
  1015:     8730.180     8894.920     8897.900     8925.850     8934.010
  1020:     8952.440     8959.080     8961.840     8962.110     8985.190
  1025:     8986.380     8988.130     8993.580     8993.580     8993.580
  1030:     8993.590     8993.590     8993.590     8993.590     8993.590
  1035:     8993.590     8997.590     8998.590     8998.590     9001.810
  1040:     9001.810     9003.580     9003.590     9009.100     9009.100
  1045:     9009.100     9009.110     9009.110     9009.110     9009.110
  1050:     9009.110     9009.110     9013.110     9014.110     9014.110
  1055:     9019.100     9019.110     9579.640     9653.230     9653.230
  1060:     9653.230     9653.240     9653.240     9653.240     9653.240
  1065:     9653.240     9653.240     9657.240     9658.240     9658.240
  1070:     9662.280     9663.230     9663.240     9719.250     9729.000
  1075:     9734.400     9748.610     9790.350     9790.420     9790.510
  1080:     9828.500     9828.880     9829.570     9837.880     9837.880
  1085:     9837.880     9837.890     9837.890     9837.890     9837.890
  1090:     9837.890     9837.890     9838.260     9838.260     9841.890
  1095:     9842.890     9842.890     9847.880     9847.890     9889.680
  1100:     9889.910     9894.220     9948.180     9948.610     9949.600
  1105:     9951.120     9951.250     9952.620     9970.080     9970.080
  1110:     9970.080     9970.090     9970.090     9970.090     9970.090
  1115:     9970.090     9970.090     9974.090     9975.090     9975.090
  1120:     9980.080     9980.090    10029.340    10029.340    10029.340
  1125:    10029.350    10029.350    10029.350    10029.350    10029.350
  1130:    10029.350    10033.350    10034.350    10034.350    10039.340
  1135:    10039.350    10233.830    10241.280    10241.570    10242.350
  1140:    10268.250    10445.500    10506.190    10535.010    10538.960
  1145:    10539.140    10544.030    10544.030    10544.030    10544.040
  1150:    10544.040    10544.040    10544.040    10544.040    10544.040
  1155:    10548.040    10549.040    10549.040    10553.690    10554.030
  1160:    10554.040    10555.720    10558.930    10559.160    10562.250
  1165:    10574.060    10574.060    10574.060    10574.070    10574.070
  1170:    10574.070    10574.070    10574.070    10574.070    10578.070
  1175:    10579.070    10579.070    10584.060    10584.070    10616.670
  1180:    10619.510    10621.980    10623.480    10637.270    10673.900
  1185:    10673.900    10673.900    10673.910    10673.910    10673.910
  1190:    10673.910    10673.910    10673.910    10677.910    10678.910
  1195:    10678.910    10683.900    10683.910    10700.880    10700.950
  1200:    10701.270    10705.580    10705.580    10705.580    10705.590
  1205:    10705.590    10705.590    10705.590    10705.590    10705.590
  1210:    10709.590    10710.590    10710.590    10715.580    10715.590
  1215:    10719.530    10721.470    10724.160    10727.310    10730.440
  1220:    10800.000
