File: C:\MED-PC\Data\2025-04-08_12h48m_Subject 85.txt


Start Date: 04/08/25
End Date: 04/08/25
Subject: 85
Experiment: OralFentSA
Group: One
Box: 1
Start Time: 12:48:04
End Time: 15:50:05
MSN: Golden_Liq_SelfAdmin_EXT
F:       0.000
G:     627.000
H:   10800.000
I:       0.000
J:       0.000
K:       0.000
L:       0.000
M:       0.000
N:       0.000
O:       0.000
P:       0.000
Q:       0.000
R:       0.000
S:       0.000
U:       0.000
V:       0.000
W:       0.000
X:       0.000
Y:       0.000
Z:       0.000
A:
     0:        0.000        0.000      180.000        4.000        0.000
     5:        5.000        0.000        5.000        0.000        0.000
    10:        1.000        0.000       10.000   100000.000       22.000
    15:       27.000      600.000        0.000        0.000        0.000
    20:        0.000
B:
     0:        0.000        0.000        0.000        0.000        0.000
     5:        0.000        0.000        0.000        0.000        0.000
    10:        0.000        0.000     1000.000 10000000.000        0.000
    15:        0.000        0.000        0.000        0.000        0.000
    20:        0.000
C:
     0:        0.000       41.000       51.000       60.000      252.000
     5:    10257.630       25.190       31.000     3739.480      120.628
    10:       60.000       51.000        0.000        0.000        0.000
    15:        0.000        0.000        0.000        0.000        0.000
    20:        0.000
D:
     0:        5.460      933.910       73.220      351.010        2.540
     5:        2.560      394.040       23.320       12.720      194.850
    10:      152.080      250.310       74.630       23.360       54.660
    15:      109.780      145.320       56.380      102.770      223.080
    20:        5.940       78.430       45.070      102.660       13.800
    25:       14.990       81.010       16.710      163.400        6.280
    30:       25.190
E:
     0:       19.000       11.000       26.000       27.000        2.000
     5:        4.000       22.000       24.000       12.000        6.000
    10:       19.000       11.000        6.000        6.000        6.000
    15:        6.000        6.000        6.000        6.000        6.000
    20:        6.000        6.000        6.000        6.000        6.000
    25:        6.000        6.000        6.000        6.000        1.000
    30:        1.000        6.000        6.000        2.000        4.000
    35:       22.000       24.000       12.000       19.000       11.000
    40:        6.000        6.000        6.000        6.000        6.000
    45:        6.000        6.000        6.000        6.000        6.000
    50:        2.000        4.000       22.000       24.000       12.000
    55:       19.000       11.000        1.000        1.000        6.000
    60:        2.000        4.000       22.000       24.000       12.000
    65:       19.000       11.000        2.000        4.000       22.000
    70:       24.000       12.000       21.000       22.000       19.000
    75:       11.000        1.000        6.000        6.000        6.000
    80:        6.000        1.000        2.000        4.000       22.000
    85:       24.000       12.000        6.000        6.000       19.000
    90:       11.000        6.000        6.000        6.000        6.000
    95:        6.000        6.000        6.000        2.000        4.000
   100:       22.000       24.000       12.000       19.000       11.000
   105:        2.000        4.000       22.000       24.000       12.000
   110:       21.000       22.000        6.000        6.000       19.000
   115:       11.000        2.000        4.000       22.000       24.000
   120:       12.000       21.000       22.000       21.000       22.000
   125:       19.000       11.000        6.000        6.000        1.000
   130:        1.000        6.000        6.000        6.000        2.000
   135:        4.000       22.000       24.000       12.000       19.000
   140:       11.000        1.000        2.000        4.000       22.000
   145:       24.000       12.000       19.000       11.000        6.000
   150:        6.000        6.000        6.000        6.000        6.000
   155:        6.000        6.000        6.000        6.000        6.000
   160:        6.000        6.000        6.000        6.000        6.000
   165:        6.000        6.000        6.000        6.000        1.000
   170:        2.000        4.000       22.000       24.000       12.000
   175:       19.000       11.000        6.000        6.000        6.000
   180:        6.000        6.000        6.000        6.000        6.000
   185:        6.000        6.000        6.000        6.000        6.000
   190:        6.000        6.000        2.000        4.000       22.000
   195:       24.000       12.000       21.000       22.000       19.000
   200:       11.000        1.000        1.000        1.000        6.000
   205:        6.000        6.000        6.000        6.000        6.000
   210:        6.000        6.000        6.000        1.000        2.000
   215:        4.000       22.000       24.000       12.000       19.000
   220:       11.000        1.000        1.000        1.000        1.000
   225:        1.000        6.000        2.000        4.000       22.000
   230:       24.000       12.000       21.000       22.000       19.000
   235:       11.000        2.000        4.000       22.000       24.000
   240:       12.000       21.000       22.000       21.000       22.000
   245:       21.000       22.000       19.000       11.000        6.000
   250:        6.000        6.000        6.000        1.000        1.000
   255:        6.000        6.000        6.000        6.000        6.000
   260:        6.000        2.000        4.000       22.000       24.000
   265:       12.000       21.000       22.000       19.000       11.000
   270:        2.000        4.000       22.000       24.000       12.000
   275:       21.000       22.000       19.000       11.000        6.000
   280:        6.000        6.000        6.000        6.000        6.000
   285:        6.000        6.000        6.000        6.000        6.000
   290:        6.000        6.000        6.000        6.000        6.000
   295:        6.000        6.000        6.000        1.000        2.000
   300:        4.000       22.000       24.000       12.000       21.000
   305:       22.000       19.000       11.000        6.000        6.000
   310:        2.000        4.000       22.000       24.000       12.000
   315:       19.000       11.000        1.000        6.000        6.000
   320:        6.000        6.000        6.000        6.000        6.000
   325:        6.000        1.000        2.000        4.000       22.000
   330:       24.000       12.000       21.000       22.000       19.000
   335:       11.000        6.000        6.000        2.000        4.000
   340:       22.000       24.000       12.000       19.000       11.000
   345:        1.000        1.000        1.000        1.000        1.000
   350:        6.000        2.000        4.000       22.000       24.000
   355:       12.000       19.000       11.000        1.000        6.000
   360:        6.000        2.000        4.000       22.000       24.000
   365:       12.000       21.000       22.000       19.000       11.000
   370:        6.000        6.000        2.000        4.000       22.000
   375:       24.000       12.000       19.000       11.000        2.000
   380:        4.000       22.000       24.000       12.000       19.000
   385:       11.000        1.000        1.000        6.000        2.000
   390:        4.000       22.000       24.000       12.000        6.000
   395:       19.000       11.000        6.000        6.000        6.000
   400:        6.000        6.000        6.000        6.000        6.000
   405:        1.000        2.000        4.000       22.000       24.000
   410:       12.000       19.000       11.000        2.000        4.000
   415:       22.000       24.000       12.000       21.000       22.000
   420:       21.000       22.000       19.000       11.000        1.000
   425:        1.000        6.000        1.000        6.000        6.000
   430:        6.000        6.000        2.000        4.000       22.000
   435:       24.000       12.000       21.000       22.000       19.000
   440:       11.000        1.000        2.000        4.000       22.000
   445:       24.000       12.000       19.000       11.000        6.000
   450:        6.000        6.000        6.000        6.000        6.000
   455:        2.000        4.000       22.000       24.000       12.000
   460:       21.000       22.000       19.000       11.000        1.000
   465:        1.000        1.000        1.000        1.000        6.000
   470:        6.000        6.000        6.000        6.000        2.000
   475:        4.000       22.000       24.000       12.000       19.000
   480:       11.000        6.000        6.000        6.000        6.000
   485:        2.000        4.000       22.000       24.000       12.000
   490:       19.000       11.000        6.000        6.000        6.000
   495:        6.000        6.000        6.000        6.000        6.000
   500:        6.000        6.000        6.000        6.000        6.000
   505:        2.000        4.000       22.000       24.000       12.000
   510:       21.000       22.000       19.000       11.000        6.000
   515:        6.000        6.000        6.000        6.000        6.000
   520:        6.000        6.000        1.000        1.000        1.000
   525:        1.000        1.000        1.000        6.000        2.000
   530:        4.000       22.000       24.000       12.000       19.000
   535:       11.000        6.000        2.000        4.000       22.000
   540:       24.000       12.000       21.000       22.000       19.000
   545:       11.000        6.000        6.000        6.000        6.000
   550:        6.000        6.000        6.000        6.000        6.000
   555:        6.000        6.000        6.000        6.000        1.000
   560:        1.000        1.000        6.000        6.000        6.000
   565:        6.000        6.000        6.000        6.000        6.000
   570:        6.000        6.000        6.000        6.000        6.000
   575:        6.000        6.000        6.000        6.000        6.000
   580:        6.000        6.000        2.000        4.000       22.000
   585:       24.000       12.000       19.000       11.000        2.000
   590:        4.000       22.000       24.000       12.000        6.000
   595:        6.000       19.000       11.000        6.000        2.000
   600:        4.000       22.000       24.000       12.000       19.000
   605:       11.000        6.000        6.000        6.000        6.000
   610:        6.000        6.000        6.000        6.000        6.000
   615:        6.000        6.000        6.000        6.000        6.000
   620:        6.000        6.000        6.000        6.000        6.000
   625:        6.000        6.000      100.000
T:
     0:        0.000        0.000        0.000        0.000       19.910
     5:       19.910       19.910       19.920       19.920       25.380
    10:       29.910       29.920       88.660      129.010      265.110
    15:      361.250      362.690      364.210      364.670      371.940
    20:      372.260      372.530      372.620      373.670      373.860
    25:      373.980      375.070      380.800      382.670      639.470
    30:      650.010      781.450      781.690      792.130      792.130
    35:      792.130      792.140      792.140      802.130      802.140
    40:     1726.050     1732.580     1732.880     1733.350     1739.690
    45:     1744.710     1745.270     1745.680     1747.070     1747.630
    50:     1781.900     1781.900     1781.900     1781.910     1781.910
    55:     1791.900     1791.910     1795.160     1827.710     1855.130
    60:     1866.500     1866.500     1866.500     1866.510     1866.510
    65:     1876.500     1876.510     1876.540     1876.540     1876.540
    70:     1876.550     1876.550     1876.980     1876.980     1886.540
    75:     1886.550     2213.070     2227.560     2238.390     2287.630
    80:     2288.230     2348.970     2384.940     2384.940     2384.940
    85:     2384.950     2384.950     2387.490     2387.950     2394.940
    90:     2394.950     2575.000     2576.200     2589.170     2589.250
    95:     2589.530     2595.160     2595.990     2598.560     2598.560
   100:     2598.560     2598.570     2598.570     2608.560     2608.570
   105:     2697.030     2697.030     2697.030     2697.040     2697.040
   110:     2697.120     2697.120     2699.600     2700.460     2707.030
   115:     2707.040     2767.400     2767.400     2767.400     2767.410
   120:     2767.410     2773.510     2773.510     2774.220     2774.220
   125:     2777.400     2777.410     3161.450     3162.540     3223.970
   130:     3316.850     3515.670     3516.060     3516.470     3529.980
   135:     3529.980     3529.980     3529.990     3529.990     3539.980
   140:     3539.990     3621.650     3706.070     3706.070     3706.070
   145:     3706.080     3706.080     3716.070     3716.080     3729.400
   150:     3730.880     3748.520     3749.250     3749.310     3752.170
   155:     3753.200     3755.330     3756.830     3759.490     3760.250
   160:     3762.310     3765.250     3765.420     3765.820     3768.740
   165:     3789.430     3789.880     3789.930     3790.720     3859.620
   170:     3867.790     3867.790     3867.790     3867.800     3867.800
   175:     3877.790     3877.800     3880.520     3886.080     3886.800
   180:     3887.950     3898.480     4116.720     4120.360     4120.810
   185:     4174.370     4192.390     4200.140     4217.430     4267.560
   190:     4268.010     4286.110     4296.390     4296.390     4296.390
   195:     4296.400     4296.400     4300.580     4300.580     4306.390
   200:     4306.400     4307.790     4311.170     4409.040     4491.250
   205:     4491.710     4589.960     4590.540     4590.620     4677.470
   210:     4677.910     4691.790     4692.030     4734.630     4751.970
   215:     4751.970     4751.970     4751.980     4751.980     4761.970
   220:     4761.980     4834.080     4850.660     4862.100     4879.830
   225:     4883.520     4904.060     4939.210     4939.210     4939.210
   230:     4939.220     4939.220     4949.190     4949.190     4949.210
   235:     4949.220     4964.320     4964.320     4964.320     4964.330
   240:     4964.330     4966.850     4966.850     4972.370     4972.370
   245:     4973.070     4973.070     4974.320     4974.330     5214.640
   250:     5214.760     5252.000     5254.420     5264.400     5475.850
   255:     5557.690     5596.380     5601.120     5605.490     5607.010
   260:     5607.330     5630.700     5630.700     5630.700     5630.710
   265:     5630.710     5634.450     5634.450     5640.700     5640.710
   270:     5643.560     5643.560     5643.560     5643.570     5643.570
   275:     5647.050     5647.050     5653.560     5653.570     5718.200
   280:     5725.140     5725.420     5734.630     5735.030     5738.500
   285:     5741.210     5746.080     5747.720     5748.770     5750.600
   290:     5751.060     5751.320     5752.270     5754.760     5763.230
   295:     5763.390     5763.890     5764.480     5790.690     5835.950
   300:     5835.950     5835.950     5835.960     5835.960     5836.040
   305:     5836.040     5845.950     5845.960     5859.320     5859.500
   310:     6208.100     6208.100     6208.100     6208.110     6208.110
   315:     6218.100     6218.110     6233.710     6262.770     6340.260
   320:     6415.080     6415.740     6416.090     6453.330     6453.810
   325:     6456.690     6529.940     6580.320     6580.320     6580.320
   330:     6580.330     6580.330     6581.730     6581.730     6590.320
   335:     6590.330     6690.110     6690.720     6745.470     6745.470
   340:     6745.470     6745.480     6745.480     6755.470     6755.480
   345:     6862.530     6862.910     6870.300     6878.150     6879.040
   350:     6890.800     6931.860     6931.860     6931.860     6931.870
   355:     6931.870     6941.860     6941.870     6965.420     6988.250
   360:     7159.320     7165.890     7165.890     7165.890     7165.900
   365:     7165.900     7171.340     7171.340     7175.890     7175.900
   370:     7268.670     7268.950     7305.810     7305.810     7305.810
   375:     7305.820     7305.820     7315.810     7315.820     7317.620
   380:     7317.620     7317.620     7317.630     7317.630     7327.620
   385:     7327.630     7521.880     7525.960     7540.710     7588.030
   390:     7588.030     7588.030     7588.040     7588.040     7593.980
   395:     7598.030     7598.040     7619.250     7626.170     7626.900
   400:     7627.760     7630.670     7645.200     7645.520     7646.490
   405:     7667.930     8042.810     8042.810     8042.810     8042.820
   410:     8042.820     8052.810     8052.820     8057.150     8057.150
   415:     8057.150     8057.160     8057.160     8057.880     8057.880
   420:     8058.940     8058.940     8067.150     8067.160     8096.580
   425:     8109.080     8135.590     8213.740     8278.790     8279.340
   430:     8281.220     8418.650     8426.420     8426.420     8426.420
   435:     8426.430     8426.430     8433.030     8433.030     8436.420
   440:     8436.430     8448.320     8456.240     8456.240     8456.240
   445:     8456.250     8456.250     8466.240     8466.250     8501.320
   450:     8501.800     8507.600     8507.980     8532.380     8533.050
   455:     8537.980     8537.980     8537.980     8537.990     8537.990
   460:     8540.590     8540.590     8547.980     8547.990     8551.110
   465:     8587.250     8588.010     8591.640     8598.500     8640.650
   470:     8676.740     8678.000     8688.100     8688.470     8701.120
   475:     8701.120     8701.120     8701.130     8701.130     8711.120
   480:     8711.130     8714.930     8715.800     8980.630     8981.970
   485:     9018.330     9018.330     9018.330     9018.340     9018.340
   490:     9028.330     9028.340     9033.330     9033.800     9101.180
   495:     9166.620     9166.930     9167.230     9172.910     9173.210
   500:     9175.850     9177.780     9178.170     9179.950     9180.730
   505:     9239.280     9239.280     9239.280     9239.290     9239.290
   510:     9240.720     9240.720     9249.280     9249.290     9320.300
   515:     9336.730     9337.160     9338.920     9339.110     9344.780
   520:     9345.600     9345.960     9357.650     9363.500     9408.320
   525:     9411.130     9417.060     9426.200     9438.510     9511.400
   530:     9511.400     9511.400     9511.410     9511.410     9521.400
   535:     9521.410     9528.120     9543.390     9543.390     9543.390
   540:     9543.400     9543.400     9544.800     9544.800     9553.390
   545:     9553.400     9706.800     9716.450     9717.000     9720.660
   550:     9721.040     9721.970     9723.600     9725.950     9726.010
   555:     9727.490     9731.560     9741.440     9743.380     9770.290
   560:     9774.690     9777.880     9797.470     9799.520     9799.580
   565:     9894.840     9907.990     9908.660     9936.410     9937.570
   570:     9938.070     9938.770     9941.550     9943.060     9944.260
   575:     9946.660    10024.300    10038.420    10039.510    10045.530
   580:    10102.550    10105.980    10110.200    10110.200    10110.200
   585:    10110.210    10110.210    10120.200    10120.210    10243.950
   590:    10243.950    10243.950    10243.960    10243.960    10250.240
   595:    10251.680    10253.950    10253.960    10256.480    10257.620
   600:    10257.620    10257.620    10257.630    10257.630    10267.620
   605:    10267.630    10282.820    10283.790    10285.450    10286.120
   610:    10354.640    10355.300    10558.680    10575.580    10583.780
   615:    10584.170    10597.210    10597.530    10597.590    10598.530
   620:    10645.160    10646.050    10646.130    10676.420    10683.130
   625:    10684.040    10716.120    10800.000
