File: C:\MED-PC\Data\2025-03-31_12h55m_Subject 93.txt


Start Date: 03/31/25
End Date: 03/31/25
Subject: 93
Experiment: OralFentSA
Group: One
Box: 10
Start Time: 12:55:14
End Time: 15:55:30
MSN: Golden_Liq_SelfAdmin_EXT
F:       0.000
G:    1277.000
H:   10800.000
I:       0.000
J:       0.000
K:       0.000
L:       0.000
M:       0.000
N:       0.000
O:       0.000
P:       0.000
Q:       0.000
R:       0.000
S:       0.000
U:       0.000
V:       0.000
W:       0.000
X:       0.000
Y:       0.000
Z:       0.000
A:
     0:        0.000        0.000      180.000        4.000        0.000
     5:        5.000        0.000        5.000        0.000        0.000
    10:        1.000        0.000       10.000   100000.000       22.000
    15:       21.000      600.000        0.000        0.000        0.000
    20:        0.000
B:
     0:        0.000        0.000        0.000        0.000        0.000
     5:        0.000        0.000        0.000        0.000        0.000
    10:        0.000        0.000     1000.000 10000000.000        0.000
    15:        0.000        0.000        0.000        0.000        0.000
    20:        0.000
C:
     0:        0.000       87.000      124.000      128.000      463.000
     5:    10781.090       49.710       64.000     2076.070       32.439
    10:      128.000      124.000        0.000        0.000        0.000
    15:        0.000        0.000        0.000        0.000        0.000
    20:        0.000
D:
     0:        2.940       16.850       76.890       13.060        1.930
     5:      116.710       37.780       13.820        1.540       22.860
    10:        2.430       49.000        5.250       96.510        3.260
    15:        2.160       64.650       48.100        7.060        1.780
    20:        1.260       19.340       14.580       62.240        6.590
    25:       39.770        5.160        3.430      126.300      111.360
    30:        7.440       10.390       11.770      127.870        4.860
    35:        4.740       12.190       10.050        4.440       12.350
    40:       19.880      131.070        4.630       36.130       18.410
    45:        4.900      109.990        3.100        4.430       47.890
    50:       10.910        8.690        3.180        5.920      122.130
    55:        7.220      189.870       60.300       38.120        8.700
    60:        2.060        2.590        5.530       49.710
E:
     0:       19.000       11.000       26.000       27.000        1.000
     5:        6.000        6.000        6.000        1.000        6.000
    10:        6.000        6.000        6.000        6.000        6.000
    15:        2.000        4.000       22.000       24.000       12.000
    20:        6.000       19.000       11.000        1.000        2.000
    25:        4.000       22.000       24.000       12.000       21.000
    30:       22.000       19.000       11.000        2.000        4.000
    35:       22.000       24.000       12.000       20.000       19.000
    40:       11.000        6.000        6.000        6.000        6.000
    45:        6.000        6.000        6.000        6.000        6.000
    50:        6.000        6.000        6.000        6.000        6.000
    55:        6.000        6.000        6.000        6.000        6.000
    60:        1.000        2.000        4.000       22.000       24.000
    65:       12.000       21.000       22.000       19.000       11.000
    70:        2.000        4.000       22.000       24.000       12.000
    75:       19.000       11.000        6.000        6.000        6.000
    80:        6.000        6.000        6.000        6.000        6.000
    85:        6.000        6.000        6.000        6.000        6.000
    90:        6.000        6.000        6.000        6.000        6.000
    95:        6.000        6.000        2.000        4.000       22.000
   100:       24.000       12.000       20.000       20.000       19.000
   105:       11.000        1.000        2.000        4.000       22.000
   110:       24.000       12.000       19.000       11.000        2.000
   115:        4.000       22.000       24.000       12.000       20.000
   120:       21.000       22.000       19.000       11.000        6.000
   125:        6.000        6.000        2.000        4.000       22.000
   130:       24.000       12.000        6.000        6.000       19.000
   135:       11.000        1.000        1.000        1.000        6.000
   140:        6.000        6.000        2.000        4.000       22.000
   145:       24.000       12.000       19.000       11.000        1.000
   150:        6.000        6.000        6.000        2.000        4.000
   155:       22.000       24.000       12.000       19.000       11.000
   160:        6.000        6.000        6.000        6.000        6.000
   165:        6.000        2.000        4.000       22.000       24.000
   170:       12.000       20.000       19.000       11.000        2.000
   175:        4.000       22.000       24.000       12.000       19.000
   180:       11.000        6.000        6.000        2.000        4.000
   185:       22.000       24.000       12.000        6.000        6.000
   190:       19.000       11.000        1.000        2.000        4.000
   195:       22.000       24.000       12.000       20.000       19.000
   200:       11.000        2.000        4.000       22.000       24.000
   205:       12.000       20.000       19.000       11.000        6.000
   210:        6.000        6.000        6.000        6.000        6.000
   215:        6.000        6.000        1.000        6.000        6.000
   220:        6.000        6.000        2.000        4.000       22.000
   225:       24.000       12.000        6.000       21.000       22.000
   230:       21.000       22.000       19.000       11.000        6.000
   235:        2.000        4.000       22.000       24.000       12.000
   240:       19.000       11.000        1.000        6.000        6.000
   245:        6.000        6.000        6.000        6.000        6.000
   250:        6.000        6.000        6.000        6.000        6.000
   255:        6.000        6.000        6.000        2.000        4.000
   260:       22.000       24.000       12.000        6.000        6.000
   265:       19.000       11.000        2.000        4.000       22.000
   270:       24.000       12.000       19.000       11.000        2.000
   275:        4.000       22.000       24.000       12.000       21.000
   280:       22.000       20.000       19.000       11.000        1.000
   285:        6.000        6.000        6.000        2.000        4.000
   290:       22.000       24.000       12.000       21.000       22.000
   295:        6.000       21.000       22.000       19.000       11.000
   300:        6.000        6.000        2.000        4.000       22.000
   305:       24.000       12.000        6.000        6.000       19.000
   310:       11.000        6.000        1.000        1.000        6.000
   315:        6.000        6.000        6.000        6.000        6.000
   320:        6.000        2.000        4.000       22.000       24.000
   325:       12.000       21.000       22.000       19.000       11.000
   330:        6.000        6.000        6.000        6.000        6.000
   335:        6.000        2.000        4.000       22.000       24.000
   340:       12.000       19.000       11.000        2.000        4.000
   345:       22.000       24.000       12.000       21.000       22.000
   350:       19.000       11.000        1.000        6.000        6.000
   355:        6.000        6.000        6.000        6.000        6.000
   360:        6.000        1.000        1.000        6.000        2.000
   365:        4.000       22.000       24.000       12.000        6.000
   370:        6.000        6.000        6.000       19.000       11.000
   375:        6.000        2.000        4.000       22.000       24.000
   380:       12.000        6.000        6.000        6.000        6.000
   385:        6.000        6.000       21.000       22.000       19.000
   390:       11.000        2.000        4.000       22.000       24.000
   395:       12.000        6.000        6.000        6.000       21.000
   400:       22.000       21.000       22.000       19.000       11.000
   405:        1.000        1.000        1.000        1.000        1.000
   410:        1.000        1.000        6.000        6.000        6.000
   415:        6.000        6.000        6.000        6.000        6.000
   420:        6.000        1.000        1.000        2.000        4.000
   425:       22.000       24.000       12.000       20.000       19.000
   430:       11.000        6.000        1.000        1.000        6.000
   435:        6.000        6.000        6.000        6.000        2.000
   440:        4.000       22.000       24.000       12.000       19.000
   445:       11.000        6.000        6.000        6.000        6.000
   450:        6.000        6.000        6.000        6.000        6.000
   455:        6.000        6.000        6.000        6.000        2.000
   460:        4.000       22.000       24.000       12.000       19.000
   465:       11.000        6.000        6.000        6.000        6.000
   470:        6.000        6.000        6.000        6.000        6.000
   475:        6.000        6.000        6.000        6.000        6.000
   480:        6.000        6.000        6.000        6.000        6.000
   485:        1.000        1.000        1.000        6.000        6.000
   490:        2.000        4.000       22.000       24.000       12.000
   495:       21.000       22.000        6.000       21.000       22.000
   500:       21.000       22.000       19.000       11.000        2.000
   505:        4.000       22.000       24.000       12.000       21.000
   510:       22.000       19.000       11.000        6.000        6.000
   515:        6.000        6.000        6.000        6.000        1.000
   520:        1.000        6.000        6.000        6.000        6.000
   525:        6.000        6.000        6.000        6.000        6.000
   530:        6.000        6.000        2.000        4.000       22.000
   535:       24.000       12.000       19.000       11.000        2.000
   540:        4.000       22.000       24.000       12.000       21.000
   545:       22.000        6.000       19.000       11.000        2.000
   550:        4.000       22.000       24.000       12.000       21.000
   555:       22.000       21.000       22.000       19.000       11.000
   560:        2.000        4.000       22.000       24.000       12.000
   565:        6.000        6.000       19.000       11.000        6.000
   570:        2.000        4.000       22.000       24.000       12.000
   575:       19.000       11.000        1.000        1.000        1.000
   580:        1.000        1.000        1.000        1.000        1.000
   585:        6.000        6.000        6.000        6.000        6.000
   590:        2.000        4.000       22.000       24.000       12.000
   595:       21.000       22.000       21.000       22.000       19.000
   600:       11.000        1.000        1.000        1.000        6.000
   605:        6.000        6.000        6.000        6.000        6.000
   610:        6.000        2.000        4.000       22.000       24.000
   615:       12.000       21.000       22.000        6.000        6.000
   620:       19.000       11.000        6.000        6.000        6.000
   625:        6.000        1.000        6.000        6.000        2.000
   630:        4.000       22.000       24.000       12.000       21.000
   635:       22.000       19.000       11.000        6.000        1.000
   640:        2.000        4.000       22.000       24.000       12.000
   645:       19.000       11.000        1.000        1.000        1.000
   650:        1.000        1.000        1.000        2.000        4.000
   655:       22.000       24.000       12.000       21.000       22.000
   660:       19.000       11.000        6.000        1.000        1.000
   665:        1.000        1.000        6.000        6.000        2.000
   670:        4.000       22.000       24.000       12.000       19.000
   675:       11.000        1.000        6.000        6.000        6.000
   680:        6.000        1.000        1.000        6.000        6.000
   685:        2.000        4.000       22.000       24.000       12.000
   690:        6.000        6.000        6.000       19.000       11.000
   695:        2.000        4.000       22.000       24.000       12.000
   700:        6.000       19.000       11.000        6.000        6.000
   705:        6.000        6.000        6.000        6.000        6.000
   710:        6.000        2.000        4.000       22.000       24.000
   715:       12.000       21.000       22.000       19.000       11.000
   720:        2.000        4.000       22.000       24.000       12.000
   725:       21.000       22.000       19.000       11.000        6.000
   730:        6.000        6.000        6.000        6.000        6.000
   735:        6.000        6.000        6.000        6.000        6.000
   740:        6.000        1.000        2.000        4.000       22.000
   745:       24.000       12.000       21.000       22.000       19.000
   750:       11.000        6.000        6.000        6.000        6.000
   755:        2.000        4.000       22.000       24.000       12.000
   760:        6.000        6.000        6.000       21.000       22.000
   765:       19.000       11.000        1.000        1.000        2.000
   770:        4.000       22.000       24.000       12.000       21.000
   775:       22.000       19.000       11.000        6.000        1.000
   780:        1.000        1.000        1.000        1.000        1.000
   785:        1.000        1.000        6.000        6.000        6.000
   790:        6.000        6.000        6.000        6.000        6.000
   795:        6.000        2.000        4.000       22.000       24.000
   800:       12.000       19.000       11.000        6.000        6.000
   805:        6.000        6.000        6.000        6.000        6.000
   810:        6.000        6.000        6.000        6.000        6.000
   815:        6.000        6.000        6.000        1.000        1.000
   820:        1.000        2.000        4.000       22.000       24.000
   825:       12.000       19.000       11.000        1.000        1.000
   830:        1.000        6.000        6.000        6.000        2.000
   835:        4.000       22.000       24.000       12.000       21.000
   840:       22.000        6.000        6.000        6.000       19.000
   845:       11.000        6.000        2.000        4.000       22.000
   850:       24.000       12.000       19.000       11.000        6.000
   855:        1.000        6.000        6.000        6.000        6.000
   860:        6.000        6.000        1.000        2.000        4.000
   865:       22.000       24.000       12.000       19.000       11.000
   870:        6.000        6.000        6.000        1.000        1.000
   875:        1.000        1.000        6.000        6.000        2.000
   880:        4.000       22.000       24.000       12.000        6.000
   885:        6.000        6.000        6.000        6.000        6.000
   890:       19.000       11.000        6.000        6.000        2.000
   895:        4.000       22.000       24.000       12.000       19.000
   900:       11.000        6.000        2.000        4.000       22.000
   905:       24.000       12.000        6.000        6.000        6.000
   910:       21.000       22.000       19.000       11.000        6.000
   915:        6.000        2.000        4.000       22.000       24.000
   920:       12.000       19.000       11.000        2.000        4.000
   925:       22.000       24.000       12.000        6.000        6.000
   930:       19.000       11.000        6.000        6.000        2.000
   935:        4.000       22.000       24.000       12.000       21.000
   940:       22.000       19.000       11.000        6.000        6.000
   945:        6.000        6.000        6.000        2.000        4.000
   950:       22.000       24.000       12.000       21.000       22.000
   955:       19.000       11.000        6.000        6.000        6.000
   960:        2.000        4.000       22.000       24.000       12.000
   965:        6.000        6.000       19.000       11.000        6.000
   970:        6.000        6.000        2.000        4.000       22.000
   975:       24.000       12.000        6.000        6.000        6.000
   980:        6.000       19.000       11.000        1.000        6.000
   985:        6.000        6.000        6.000        6.000        2.000
   990:        4.000       22.000       24.000       12.000       21.000
   995:       22.000        6.000        6.000        6.000       19.000
  1000:       11.000        6.000        6.000        6.000        6.000
  1005:        6.000        6.000        6.000        6.000        6.000
  1010:        6.000        6.000        6.000        6.000        6.000
  1015:        6.000        6.000        6.000        6.000        6.000
  1020:        2.000        4.000       22.000       24.000       12.000
  1025:       21.000       22.000       19.000       11.000        1.000
  1030:        6.000        6.000        6.000        6.000        2.000
  1035:        4.000       22.000       24.000       12.000       19.000
  1040:       11.000        2.000        4.000       22.000       24.000
  1045:       12.000        6.000        6.000       19.000       11.000
  1050:        1.000        1.000        2.000        4.000       22.000
  1055:       24.000       12.000       19.000       11.000        1.000
  1060:        6.000        6.000        6.000        6.000        6.000
  1065:        6.000        2.000        4.000       22.000       24.000
  1070:       12.000       21.000       22.000       19.000       11.000
  1075:        1.000        1.000        1.000        1.000        2.000
  1080:        4.000       22.000       24.000       12.000       19.000
  1085:       11.000        6.000        6.000        1.000        6.000
  1090:        1.000        6.000        2.000        4.000       22.000
  1095:       24.000       12.000       19.000       11.000        2.000
  1100:        4.000       22.000       24.000       12.000       20.000
  1105:       19.000       11.000        6.000        6.000        6.000
  1110:        1.000        6.000        6.000        1.000        1.000
  1115:        6.000        6.000        6.000        6.000        6.000
  1120:        2.000        4.000       22.000       24.000       12.000
  1125:       19.000       11.000        2.000        4.000       22.000
  1130:       24.000       12.000        6.000        6.000       19.000
  1135:       11.000        2.000        4.000       22.000       24.000
  1140:       12.000       19.000       11.000        1.000        1.000
  1145:        2.000        4.000       22.000       24.000       12.000
  1150:        6.000        6.000        6.000        6.000        6.000
  1155:        6.000        6.000        6.000        6.000       19.000
  1160:       11.000        6.000        6.000        6.000        6.000
  1165:        6.000        6.000        6.000        6.000        6.000
  1170:        6.000        6.000        6.000        6.000        6.000
  1175:        6.000        6.000        1.000        1.000        1.000
  1180:        1.000        1.000        1.000        6.000        6.000
  1185:        6.000        6.000        6.000        6.000        6.000
  1190:        2.000        4.000       22.000       24.000       12.000
  1195:       19.000       11.000        2.000        4.000       22.000
  1200:       24.000       12.000        6.000       21.000       22.000
  1205:       21.000       22.000       21.000       22.000       19.000
  1210:       11.000        1.000        1.000        1.000        1.000
  1215:        1.000        6.000        6.000        6.000        6.000
  1220:        6.000        2.000        4.000       22.000       24.000
  1225:       12.000       21.000       22.000       19.000       11.000
  1230:        2.000        4.000       22.000       24.000       12.000
  1235:        6.000       19.000       11.000        2.000        4.000
  1240:       22.000       24.000       12.000       21.000       22.000
  1245:       20.000       19.000       11.000        2.000        4.000
  1250:       22.000       24.000       12.000       19.000       11.000
  1255:        1.000        6.000        6.000        6.000        6.000
  1260:        6.000        6.000        6.000        6.000        1.000
  1265:        6.000        6.000        6.000        6.000        2.000
  1270:        4.000       22.000       24.000       12.000       20.000
  1275:       19.000       11.000      100.000
T:
     0:        0.000        0.000        0.000        0.000       23.270
     5:       50.350       50.510       50.820       54.780      103.890
    10:      141.250      141.680      142.340      144.900      145.890
    15:      167.910      167.910      167.910      167.920      167.920
    20:      170.860      177.910      177.920      203.590      276.940
    25:      276.940      276.940      276.950      276.950      285.110
    30:      285.110      286.940      286.950      289.820      289.820
    35:      289.820      289.830      289.830      293.530      299.820
    40:      299.830      306.680      307.650      308.040      309.950
    45:      310.290      311.920      321.390      322.130      322.810
    50:      325.650      343.930      344.300      399.770      399.960
    55:      400.220      425.420      425.580      425.790      496.460
    60:      501.560      510.480      510.480      510.480      510.490
    65:      510.490      513.470      513.470      520.480      520.490
    70:      525.720      525.720      525.720      525.730      525.730
    75:      535.720      535.730      602.620      603.300      604.160
    80:      604.770      605.320      605.850      606.630      607.050
    85:      607.400      607.890      610.720      611.680      612.320
    90:      615.690      638.230      638.370      639.060      639.570
    95:      692.810      693.200      740.850      740.850      740.850
   100:      740.860      740.860      744.340      746.060      750.850
   105:      750.860      787.180      829.850      829.850      829.850
   110:      829.860      829.860      839.850      839.860      856.720
   115:      856.720      856.720      856.730      856.730      861.590
   120:      865.970      865.970      866.720      866.730      869.790
   125:      892.960      893.040      895.040      895.040      895.040
   130:      895.050      895.050      896.980      900.300      905.040
   135:      905.050      924.590      928.570      931.810      937.160
   140:      937.530      937.900     1007.190     1007.190     1007.190
   145:     1007.200     1007.200     1017.190     1017.200     1078.540
   150:     1123.910     1128.500     1131.220     1139.860     1139.860
   155:     1139.860     1139.870     1139.870     1149.860     1149.870
   160:     1177.650     1180.660     1182.460     1195.800     1197.340
   165:     1198.040     1217.240     1217.240     1217.240     1217.250
   170:     1217.250     1223.420     1227.240     1227.250     1251.320
   175:     1251.320     1251.320     1251.330     1251.330     1261.320
   180:     1261.330     1265.150     1368.690     1371.030     1371.030
   185:     1371.030     1371.040     1371.040     1372.580     1377.420
   190:     1381.030     1381.040     1392.800     1436.030     1436.030
   195:     1436.030     1436.040     1436.040     1439.160     1446.030
   200:     1446.040     1466.110     1466.110     1466.110     1466.120
   205:     1466.120     1468.020     1476.110     1476.120     1488.980
   210:     1492.070     1492.720     1493.030     1495.150     1496.090
   215:     1496.390     1501.760     1584.470     1602.480     1602.730
   220:     1603.310     1605.320     1609.190     1609.190     1609.190
   225:     1609.200     1609.200     1611.630     1613.420     1613.420
   230:     1617.380     1617.380     1619.190     1619.200     1629.420
   235:     1635.290     1635.290     1635.290     1635.300     1635.300
   240:     1645.290     1645.300     1661.040     1684.300     1684.730
   245:     1684.870     1685.280     1685.710     1689.930     1690.490
   250:     1692.420     1698.080     1699.810     1701.360     1797.400
   255:     1843.570     1846.350     1846.780     1869.950     1869.950
   260:     1869.950     1869.960     1869.960     1875.210     1878.830
   265:     1879.950     1879.960     1880.590     1880.590     1880.590
   270:     1880.600     1880.600     1890.590     1890.600     1895.780
   275:     1895.780     1895.780     1895.790     1895.790     1900.040
   280:     1900.040     1902.160     1905.780     1905.790     1934.120
   285:     1992.300     1992.410     1993.000     1995.460     1995.460
   290:     1995.460     1995.470     1995.470     1996.740     1996.740
   295:     1998.730     2000.510     2000.510     2005.460     2005.470
   300:     2085.710     2095.230     2102.930     2102.930     2102.930
   305:     2102.940     2102.940     2105.100     2110.900     2112.930
   310:     2112.940     2177.170     2267.550     2272.920     2297.790
   315:     2304.660     2305.070     2305.850     2353.970     2358.420
   320:     2358.460     2364.060     2364.060     2364.060     2364.070
   325:     2364.070     2364.920     2364.920     2374.060     2374.070
   330:     2428.720     2433.510     2433.890     2439.040     2577.550
   335:     2578.130     2581.470     2581.470     2581.470     2581.480
   340:     2581.480     2591.470     2591.480     2603.260     2603.260
   345:     2603.260     2603.270     2603.270     2604.480     2604.480
   350:     2613.260     2613.270     2640.630     2651.370     2651.790
   355:     2652.270     2652.480     2658.660     2659.210     2820.700
   360:     2820.860     2888.460     2901.880     2917.130     2929.930
   365:     2929.930     2929.930     2929.940     2929.940     2937.000
   370:     2937.180     2937.640     2938.440     2939.930     2939.940
   375:     2940.720     2943.190     2943.190     2943.190     2943.200
   380:     2943.200     2944.980     2945.260     2945.450     2946.060
   385:     2949.500     2949.730     2950.680     2950.680     2953.190
   390:     2953.200     2954.720     2954.720     2954.720     2954.730
   395:     2954.730     2955.990     2956.120     2956.400     2958.000
   400:     2958.000     2961.410     2961.410     2964.720     2964.730
   405:     2977.210     3022.660     3026.150     3027.370     3030.830
   410:     3038.920     3043.150     3062.860     3063.280     3070.890
   415:     3147.080     3194.890     3195.000     3195.520     3196.060
   420:     3245.990     3268.610     3277.120     3292.590     3292.590
   425:     3292.590     3292.600     3292.600     3296.060     3302.590
   430:     3302.600     3311.940     3389.860     3396.150     3422.810
   435:     3443.520     3443.990     3445.950     3450.480     3452.290
   440:     3452.290     3452.290     3452.300     3452.300     3462.290
   445:     3462.300     3466.880     3467.440     3476.820     3477.400
   450:     3480.380     3480.720     3481.290     3482.270     3486.650
   455:     3487.680     3491.140     3491.160     3495.070     3500.720
   460:     3500.720     3500.720     3500.730     3500.730     3510.720
   465:     3510.730     3562.970     3563.810     3564.080     3564.260
   470:     3564.280     3568.700     3568.880     3569.210     3569.540
   475:     3570.070     3578.500     3578.650     3583.900     3583.950
   480:     3584.780     3655.310     3658.490     3661.100     3668.740
   485:     3687.100     3690.900     3694.690     3726.880     3731.030
   490:     3740.840     3740.840     3740.840     3740.850     3740.850
   495:     3741.730     3741.730     3747.440     3748.630     3748.630
   500:     3749.640     3749.640     3750.840     3750.850     3756.330
   505:     3756.330     3756.330     3756.340     3756.340     3757.180
   510:     3757.180     3766.330     3766.340     3796.110     3796.700
   515:     3802.360     3958.070     3958.690     3960.760     4010.240
   520:     4015.150     4031.900     4032.370     4032.690     4032.880
   525:     4049.640     4049.890     4050.740     4050.920     4051.010
   530:     4053.410     4057.830     4098.160     4098.160     4098.160
   535:     4098.170     4098.170     4108.160     4108.170     4262.510
   540:     4262.510     4262.510     4262.520     4262.520     4264.310
   545:     4264.310     4267.680     4272.510     4272.520     4280.380
   550:     4280.380     4280.380     4280.390     4280.390     4280.930
   555:     4280.930     4284.790     4284.790     4290.380     4290.390
   560:     4297.650     4297.650     4297.650     4297.660     4297.660
   565:     4301.090     4304.770     4307.650     4307.660     4308.500
   570:     4315.930     4315.930     4315.930     4315.940     4315.940
   575:     4325.930     4325.940     4351.970     4357.130     4417.590
   580:     4420.610     4422.230     4426.980     4429.770     4430.480
   585:     4442.240     4443.560     4445.140     4451.660     4470.820
   590:     4472.190     4472.190     4472.190     4472.200     4472.200
   595:     4473.750     4473.750     4479.200     4479.200     4482.190
   600:     4482.200     4534.090     4537.560     4542.220     4583.560
   605:     4589.780     4590.450     4604.560     4608.500     4611.870
   610:     4611.890     4612.750     4612.750     4612.750     4612.760
   615:     4612.760     4613.730     4613.730     4620.200     4621.670
   620:     4622.750     4622.760     4628.650     4734.670     4734.810
   625:     4789.980     4793.660     4866.910     4874.520     4883.360
   630:     4883.360     4883.360     4883.370     4883.370     4892.280
   635:     4892.280     4893.360     4893.370     4893.760     4973.420
   640:     5038.100     5038.100     5038.100     5038.110     5038.110
   645:     5048.100     5048.110     5076.710     5078.260     5080.420
   650:     5085.460     5103.680     5104.320     5215.310     5215.310
   655:     5215.310     5215.320     5215.320     5221.230     5221.230
   660:     5225.310     5225.320     5227.090     5331.630     5334.060
   665:     5336.680     5338.680     5346.150     5346.540     5347.990
   670:     5347.990     5347.990     5348.000     5348.000     5357.990
   675:     5358.000     5448.540     5475.870     5476.450     5476.700
   680:     5478.800     5544.960     5549.270     5572.430     5572.690
   685:     5586.110     5586.110     5586.110     5586.120     5586.120
   690:     5590.980     5594.630     5594.720     5596.110     5596.120
   695:     5596.870     5596.870     5596.870     5596.880     5596.880
   700:     5601.620     5606.870     5606.880     5612.450     5692.990
   705:     5694.630     5736.430     5736.620     5736.810     5737.080
   710:     5737.810     5786.930     5786.930     5786.930     5786.940
   715:     5786.940     5787.090     5787.090     5796.930     5796.940
   720:     5809.590     5809.590     5809.590     5809.600     5809.600
   725:     5815.100     5815.100     5819.590     5819.600     5821.790
   730:     5822.060     5825.180     5913.590     5913.740     5913.880
   735:     5913.970     5914.140     5924.800     5926.210     5930.800
   740:     5930.970     6140.430     6169.060     6169.060     6169.060
   745:     6169.070     6169.070     6169.920     6169.920     6179.060
   750:     6179.070     6179.120     6184.540     6194.200     6196.610
   755:     6203.410     6203.410     6203.410     6203.420     6203.420
   760:     6207.860     6208.320     6208.910     6211.120     6211.120
   765:     6213.410     6213.420     6274.520     6278.030     6311.170
   770:     6311.170     6311.170     6311.180     6311.180     6314.630
   775:     6314.630     6321.170     6321.180     6323.530     6384.740
   780:     6416.630     6422.130     6423.970     6424.620     6427.710
   785:     6429.820     6450.530     6487.740     6487.860     6496.300
   790:     6497.330     6497.450     6498.250     6501.010     6505.370
   795:     6506.490     6508.670     6508.670     6508.670     6508.680
   800:     6508.680     6518.670     6518.680     6528.560     6529.350
   805:     6543.840     6586.680     6587.420     6587.670     6588.020
   810:     6592.170     6593.800     6595.160     6595.630     6598.150
   815:     6599.790     6603.090     6603.760     6621.120     6624.280
   820:     6685.610     6721.020     6721.020     6721.020     6721.030
   825:     6721.030     6731.020     6731.030     6739.480     6742.180
   830:     6794.560     6852.100     6852.340     6865.560     6880.220
   835:     6880.220     6880.220     6880.230     6880.230     6881.780
   840:     6881.780     6884.860     6888.600     6889.250     6890.220
   845:     6890.230     6895.770     6989.570     6989.570     6989.570
   850:     6989.580     6989.580     6999.570     6999.580     7025.710
   855:     7046.590     7132.170     7133.650     7133.810     7134.230
   860:     7139.010     7143.110     7162.110     7192.590     7192.590
   865:     7192.590     7192.600     7192.600     7202.590     7202.600
   870:     7211.010     7221.960     7222.130     7280.670     7282.940
   875:     7284.300     7287.830     7351.260     7351.360     7373.320
   880:     7373.320     7373.320     7373.330     7373.330     7378.230
   885:     7379.110     7379.160     7379.210     7382.520     7382.600
   890:     7383.320     7383.330     7383.470     7383.930     7385.760
   895:     7385.760     7385.760     7385.770     7385.770     7395.760
   900:     7395.770     7495.760     7706.030     7706.030     7706.030
   905:     7706.040     7706.040     7709.140     7709.230     7710.200
   910:     7715.840     7715.840     7716.030     7716.040     7746.780
   915:     7747.160     7780.530     7780.530     7780.530     7780.540
   920:     7780.540     7790.530     7790.540     7795.170     7795.170
   925:     7795.170     7795.180     7795.180     7799.610     7799.890
   930:     7805.170     7805.180     7809.400     7809.720     7810.400
   935:     7810.400     7810.400     7810.410     7810.410     7811.180
   940:     7811.180     7820.400     7820.410     7858.300     7859.140
   945:     7859.730     7935.590     7935.890     7997.120     7997.120
   950:     7997.120     7997.130     7997.130     8005.130     8005.130
   955:     8007.120     8007.130     8008.040     8008.820     8009.020
   960:     8016.350     8016.350     8016.350     8016.360     8016.360
   965:     8025.050     8025.160     8026.350     8026.360     8026.360
   970:     8026.720     8026.830     8038.940     8038.940     8038.940
   975:     8038.950     8038.950     8042.130     8042.400     8042.800
   980:     8043.160     8048.940     8048.950     8063.130     8086.010
   985:     8086.310     8086.520     8091.260     8092.640     8095.050
   990:     8095.050     8095.050     8095.060     8095.060     8097.660
   995:     8097.660     8100.980     8103.240     8104.250     8105.050
  1000:     8105.060     8106.600     8106.960     8107.470     8110.190
  1005:     8110.420     8110.790     8110.970     8115.760     8116.580
  1010:     8116.820     8144.400     8144.520     8144.910     8192.960
  1015:     8195.080     8195.260     8199.510     8199.680     8200.200
  1020:     8204.460     8204.460     8204.460     8204.470     8204.470
  1025:     8208.520     8208.520     8214.460     8214.470     8235.930
  1030:     8326.600     8326.800     8330.070     8330.160     8342.180
  1035:     8342.180     8342.180     8342.190     8342.190     8352.180
  1040:     8352.190     8365.630     8365.630     8365.630     8365.640
  1045:     8365.640     8372.860     8373.420     8375.630     8375.640
  1050:     8401.280     8408.250     8490.180     8490.180     8490.180
  1055:     8490.190     8490.190     8500.180     8500.190     8570.430
  1060:     8680.060     8680.190     8680.370     8681.860     8682.210
  1065:     8685.920     8797.690     8797.690     8797.690     8797.700
  1070:     8797.700     8800.880     8800.880     8807.690     8807.700
  1075:     8808.740     8842.300     8844.710     8847.400     8877.400
  1080:     8877.400     8877.400     8877.410     8877.410     8887.400
  1085:     8887.410     8937.710     8937.800     8960.000     8984.490
  1090:     8991.360     9019.140     9029.520     9029.520     9029.520
  1095:     9029.530     9029.530     9039.520     9039.530     9042.630
  1100:     9042.630     9042.630     9042.640     9042.640     9046.370
  1105:     9052.630     9052.640     9080.760     9080.920     9081.200
  1110:     9101.290     9113.560     9174.950     9198.620     9223.240
  1115:     9421.200     9421.880     9421.960     9422.480     9422.990
  1120:     9430.750     9430.750     9430.750     9430.760     9430.760
  1125:     9440.750     9440.760     9606.700     9606.700     9606.700
  1130:     9606.710     9606.710     9615.410     9616.190     9616.700
  1135:     9616.710     9621.070     9621.070     9621.070     9621.080
  1140:     9621.080     9631.070     9631.080     9635.570     9637.900
  1145:     9722.370     9722.370     9722.370     9722.380     9722.380
  1150:     9724.440     9725.060     9725.650     9727.270     9728.720
  1155:     9729.260     9730.030     9731.310     9732.180     9732.370
  1160:     9732.380     9733.540     9733.570     9734.770     9737.560
  1165:     9738.730     9739.180     9739.440     9740.490     9744.010
  1170:     9748.710     9750.580     9751.530     9772.210     9776.630
  1175:     9776.720     9778.580     9800.810     9822.120     9831.580
  1180:     9834.420     9835.350     9840.600     9962.700     9962.880
  1185:    10004.280    10005.130    10007.230    10012.530    10017.470
  1190:    10070.880    10070.880    10070.880    10070.890    10070.890
  1195:    10080.880    10080.890    10098.340    10098.340    10098.340
  1200:    10098.350    10098.350    10100.940    10103.970    10103.970
  1205:    10104.580    10104.580    10104.790    10104.790    10108.340
  1210:    10108.350    10174.640    10196.630    10203.300    10207.970
  1215:    10210.040    10233.660    10234.150    10234.250    10242.340
  1220:    10242.930    10247.070    10247.070    10247.070    10247.080
  1225:    10247.080    10250.220    10250.220    10257.070    10257.080
  1230:    10341.070    10341.070    10341.070    10341.080    10341.080
  1235:    10346.610    10351.070    10351.080    10368.870    10368.870
  1240:    10368.870    10368.880    10368.880    10369.720    10369.720
  1245:    10374.820    10378.870    10378.880    10393.080    10393.080
  1250:    10393.080    10393.090    10393.090    10403.080    10403.090
  1255:    10420.630    10442.800    10443.210    10443.350    10443.630
  1260:    10506.400    10515.720    10516.420    10521.120    10540.270
  1265:    10642.830    10646.140    10646.290    10651.700    10781.080
  1270:    10781.080    10781.080    10781.090    10781.090    10786.800
  1275:    10791.080    10791.090    10800.000
