File: C:\MED-PC IV\DATA\!2025-03-19_08h51m.Subject 64



Start Date: 03/19/25
End Date: 03/19/25
Subject: 64
Experiment: OralFentSA
Group: One
Box: 8
Start Time:  8:51:10
End Time: 11:51:40
MSN: Golden_Liq_SelfAdmin_EXT
F:       0.000
G:     692.000
H:   10800.010
I:       0.000
J:       0.000
K:       0.000
L:       0.000
M:       0.000
N:       0.000
O:       0.000
P:       0.000
Q:       0.000
R:       0.000
S:       0.000
U:       0.000
V:       0.000
W:       0.000
X:       0.000
Y:       0.000
Z:       0.000
A:
     0:        0.000        0.000      180.000        4.000        0.000
     5:        5.000        0.000        5.000        0.000        0.000
    10:        1.000        0.000       10.000 100000000.00       26.000
    15:       28.000      640.000        0.000        0.000        0.000
    20:        0.000
B:
     0:        0.000        0.000        0.000        0.000        0.000
     5:        0.000        0.000        0.000        0.000        0.000
    10:        0.000        0.000     1000.000 10000000000.        0.000
    15:        0.000        0.000        0.000        0.000        0.000
    20:        0.000
C:
     0:        0.000       24.000        0.000       34.000      504.000
     5:    10492.850       10.470       19.000      832.220       43.801
    10:       34.000       24.000        0.000        0.000        0.000
    15:        0.000        0.000        0.000        0.000        0.000
    20:        0.000
D:
     0:        4.090       23.220       27.660       35.900       22.950
     5:       19.700      197.710       36.750       68.050       15.180
    10:        8.310      130.580       20.060       45.590        1.780
    15:        6.340       33.510      124.370       10.470
E:
     0:       19.000       11.000       26.000       27.000        6.000
     5:        6.000        6.000        6.000        6.000       23.000
    10:        6.000        2.000        4.000       22.000       24.000
    15:        6.000        6.000        6.000        6.000       19.000
    20:       11.000        6.000        6.000        6.000        6.000
    25:       23.000        6.000        6.000        6.000        6.000
    30:        6.000        6.000        6.000        6.000       23.000
    35:        2.000        4.000       22.000       24.000       21.000
    40:       22.000       19.000       11.000        6.000        6.000
    45:        6.000        6.000        6.000        6.000        6.000
    50:        6.000        6.000        6.000        2.000        4.000
    55:       22.000       24.000       19.000       11.000       23.000
    60:       23.000        6.000       23.000        6.000        6.000
    65:        6.000        6.000       23.000        6.000        6.000
    70:        6.000        6.000        6.000        6.000        6.000
    75:        6.000        6.000        2.000        4.000       22.000
    80:       24.000       19.000       11.000        6.000        6.000
    85:        6.000       23.000        6.000        6.000        6.000
    90:        6.000        6.000        6.000        6.000        6.000
    95:        6.000        6.000        6.000        6.000        6.000
   100:        6.000        6.000        6.000        6.000        6.000
   105:        6.000        6.000        6.000        6.000        6.000
   110:        6.000        6.000        6.000        6.000        6.000
   115:        6.000        6.000        6.000        6.000        6.000
   120:        6.000        6.000        6.000        6.000        6.000
   125:        6.000        6.000        6.000        6.000        6.000
   130:        6.000       23.000        6.000        6.000        6.000
   135:        6.000        6.000        6.000        6.000        6.000
   140:        6.000        6.000        6.000        6.000        6.000
   145:        6.000        6.000        6.000        6.000        6.000
   150:        6.000        6.000        6.000        6.000        6.000
   155:        6.000        6.000        2.000        4.000       22.000
   160:       24.000       19.000       11.000        6.000       23.000
   165:        6.000        6.000        6.000        6.000        6.000
   170:        2.000        4.000       22.000       24.000       21.000
   175:       22.000       19.000       11.000        2.000        4.000
   180:       22.000       24.000       19.000       11.000        2.000
   185:        4.000       22.000       24.000       21.000       22.000
   190:       19.000       11.000        2.000        4.000       22.000
   195:       24.000       21.000       22.000       19.000       11.000
   200:        6.000        6.000        6.000        6.000        6.000
   205:        6.000        6.000        6.000        6.000        6.000
   210:        6.000        6.000        6.000        6.000        6.000
   215:        6.000        6.000        6.000        6.000        6.000
   220:        6.000        6.000        6.000        6.000        6.000
   225:        6.000        6.000        6.000        6.000        6.000
   230:        6.000        6.000        6.000        6.000        6.000
   235:        6.000        6.000        6.000        6.000        6.000
   240:        6.000        6.000        6.000        6.000        6.000
   245:        6.000        6.000       23.000        6.000        2.000
   250:        4.000       22.000       24.000       19.000       11.000
   255:        6.000        6.000        6.000        6.000        6.000
   260:        6.000        6.000        6.000        6.000        6.000
   265:        6.000        6.000        6.000        6.000        6.000
   270:       23.000        6.000        6.000        6.000        6.000
   275:        6.000        6.000        6.000        6.000        6.000
   280:        6.000        6.000        6.000        6.000        6.000
   285:        6.000        6.000        6.000        6.000        6.000
   290:        6.000        6.000        6.000        6.000        6.000
   295:        6.000        6.000        6.000        6.000        6.000
   300:        6.000        6.000        6.000        6.000        6.000
   305:        6.000        6.000        6.000        6.000        6.000
   310:        6.000        6.000        6.000        6.000        6.000
   315:        6.000        6.000        6.000        6.000        6.000
   320:        6.000        6.000        6.000        6.000        6.000
   325:        6.000        6.000        6.000        6.000        6.000
   330:        6.000        6.000        6.000        6.000        6.000
   335:        6.000        6.000        6.000        6.000        6.000
   340:        6.000        6.000        6.000        6.000        6.000
   345:        6.000        6.000        6.000        6.000        6.000
   350:        6.000        6.000        6.000        6.000        6.000
   355:        6.000        6.000        6.000        6.000        6.000
   360:        6.000        6.000        6.000        6.000        6.000
   365:        6.000        6.000        6.000        6.000        6.000
   370:        6.000        6.000        6.000        6.000        6.000
   375:        6.000        6.000        6.000        6.000        6.000
   380:        6.000        6.000        6.000        6.000        6.000
   385:        6.000        6.000        6.000        6.000        6.000
   390:        6.000        6.000        6.000        6.000        6.000
   395:        6.000        6.000        6.000        6.000        6.000
   400:        6.000        2.000        4.000       22.000       24.000
   405:       19.000       11.000       23.000       23.000        6.000
   410:        6.000        6.000        6.000        6.000        6.000
   415:        6.000        6.000        6.000        6.000        6.000
   420:        6.000        2.000        4.000       22.000       24.000
   425:       21.000       22.000       19.000       11.000        6.000
   430:        6.000        6.000        6.000        6.000        6.000
   435:        6.000        6.000        6.000        6.000        6.000
   440:        6.000        6.000        6.000        6.000        6.000
   445:        6.000        6.000        6.000        6.000       23.000
   450:        6.000        6.000        6.000        6.000        6.000
   455:        6.000        6.000        6.000        6.000        6.000
   460:        6.000        6.000        2.000        4.000       22.000
   465:       24.000       19.000       11.000        6.000        6.000
   470:        6.000        6.000        6.000        6.000        6.000
   475:        6.000        6.000        6.000        6.000        6.000
   480:        2.000        4.000       22.000       24.000        6.000
   485:        6.000       19.000       11.000       23.000       23.000
   490:        2.000        4.000       22.000       24.000       19.000
   495:       11.000        6.000        6.000        6.000        6.000
   500:        6.000        6.000        6.000        6.000        6.000
   505:        6.000        6.000        6.000        6.000        6.000
   510:        6.000        6.000        6.000        6.000        6.000
   515:        6.000        6.000        6.000        6.000        6.000
   520:        6.000        6.000        6.000        6.000        6.000
   525:        6.000        6.000        6.000        2.000        4.000
   530:       22.000       24.000       21.000       22.000       19.000
   535:       11.000       23.000        2.000        4.000       22.000
   540:       24.000       19.000       11.000        6.000        6.000
   545:        6.000        6.000        6.000        6.000        6.000
   550:        6.000        6.000        6.000        6.000        6.000
   555:        6.000        6.000        6.000        6.000        6.000
   560:        6.000        6.000        6.000        6.000        6.000
   565:        6.000        6.000        6.000        6.000        6.000
   570:        6.000        6.000        6.000        6.000        6.000
   575:        6.000        6.000        6.000        6.000        6.000
   580:        6.000        6.000        6.000        6.000        2.000
   585:        4.000       22.000       24.000       21.000       22.000
   590:       19.000       11.000        6.000        6.000        6.000
   595:        6.000        6.000        6.000        6.000        6.000
   600:        6.000        6.000        6.000        6.000        6.000
   605:        6.000        2.000        4.000       22.000       24.000
   610:        6.000        6.000       19.000       11.000        6.000
   615:        6.000        6.000        6.000        6.000        6.000
   620:        6.000        6.000        6.000        6.000        6.000
   625:        6.000        2.000        4.000       22.000       24.000
   630:        6.000        6.000       19.000       11.000        6.000
   635:        6.000        6.000        6.000        6.000        6.000
   640:        6.000        6.000        2.000        4.000       22.000
   645:       24.000       21.000       22.000       19.000       11.000
   650:        6.000        6.000        6.000        6.000        6.000
   655:        6.000        6.000        6.000        2.000        4.000
   660:       22.000       24.000       21.000       22.000       19.000
   665:       11.000       23.000       23.000       23.000       23.000
   670:        6.000        2.000        4.000       22.000       24.000
   675:       21.000       22.000       21.000       22.000       19.000
   680:       11.000        6.000        6.000        6.000        6.000
   685:        6.000        6.000       23.000       23.000        6.000
   690:        6.000        6.000      100.000
T:
     0:        0.000        0.000        0.000        0.000       60.720
     5:       60.960       62.190       65.190       65.500       91.390
    10:      114.730      137.660      137.660      137.660      137.670
    15:      141.760      142.260      142.400      142.680      147.660
    20:      147.670      156.900      157.920      157.940      157.970
    25:      174.350      207.780      212.120      262.050      282.240
    30:      282.900      284.190      288.900      297.490      599.490
    35:      611.740      611.740      611.740      611.750      615.390
    40:      615.390      621.740      621.750      634.970      637.700
    45:      639.190      641.660      643.730      648.020      756.260
    50:      757.820      758.170      758.670      813.450      813.450
    55:      813.450      813.460      823.450      823.460      831.180
    60:      831.910      841.120      852.460      879.130      879.730
    65:      879.820      879.950      902.010      931.910      934.550
    70:      936.700     1268.740     1268.790     1270.850     1271.400
    75:     1271.550     1271.750     1309.380     1309.380     1309.380
    80:     1309.390     1319.380     1319.390     1345.290     1345.340
    85:     1345.420     1362.950     1372.750     1373.160     1378.510
    90:     1379.020     1386.810     1386.980     1387.160     1399.620
    95:     1399.690     1401.280     1401.480     1407.260     1421.180
   100:     1422.040     1423.900     1424.050     1424.260     1431.070
   105:     1483.390     1484.130     1484.690     1486.540     1486.790
   110:     1488.900     1489.010     1504.350     1517.440     1524.490
   115:     1528.700     1537.820     1540.900     1541.260     1541.450
   120:     1541.740     1542.230     1542.640     1542.760     1542.820
   125:     1543.020     1573.330     1573.670     1574.200     1574.280
   130:     1574.420     1582.200     1613.020     1613.370     1613.830
   135:     1613.950     1614.040     1614.100     1618.630     1642.120
   140:     1648.080     1653.630     1653.660     1653.740     1653.830
   145:     1654.740     1654.770     1654.820     1656.590     1656.950
   150:     1657.070     1662.640     1662.750     1666.340     1667.650
   155:     1667.680     1668.150     1693.980     1693.980     1693.980
   160:     1693.990     1703.980     1703.990     1716.940     1757.520
   165:     1870.410     1872.980     1876.580     1876.740     1876.890
   170:     1932.640     1932.640     1932.640     1932.650     1938.710
   175:     1938.710     1942.640     1942.650     1943.160     1943.160
   180:     1943.160     1943.170     1953.160     1953.170     1957.680
   185:     1957.680     1957.680     1957.690     1959.950     1959.950
   190:     1967.680     1967.690     1999.330     1999.330     1999.330
   195:     1999.340     2007.160     2007.160     2009.330     2009.340
   200:     2019.040     2019.440     2029.640     2036.020     2040.140
   205:     2040.160     2055.410     2056.780     2057.790     2058.350
   210:     2058.620     2066.120     2066.250     2067.800     2069.940
   215:     2076.580     2079.610     2082.270     2082.890     2085.200
   220:     2089.880     2094.370     2094.520     2124.230     2147.440
   225:     2152.840     2152.930     2154.020     2154.270     2166.600
   230:     2166.690     2166.750     2167.600     2168.210     2168.650
   235:     2168.770     2169.220     2169.340     2169.600     2174.660
   240:     2174.870     2179.610     2179.620     2179.660     2179.990
   245:     2180.040     2182.310     2196.550     2228.940     2265.980
   250:     2265.980     2265.980     2265.990     2275.980     2275.990
   255:     2463.700     2465.690     2465.780     2467.630     2467.740
   260:     2485.990     2486.010     2554.690     2554.700     2574.220
   265:     2580.130     2581.320     2595.630     2600.910     2601.330
   270:     2701.220     2756.630     2759.190     2949.140     3369.930
   275:     3370.490     3376.210     3376.690     3376.790     3587.010
   280:     3597.480     5592.480     5594.200     5595.370     5596.030
   285:     5600.160     5600.590     5605.060     5606.320     5606.390
   290:     5606.730     5607.110     5607.620     5607.750     5607.800
   295:     5632.790     5635.970     5636.300     5636.590     5723.900
   300:     5724.130     5724.380     5728.680     5728.890     5729.140
   305:     5729.370     5729.660     5729.930     5730.190     5730.440
   310:     5730.680     5730.890     5730.920     5730.950     5731.180
   315:     5731.210     5731.460     5731.530     5731.700     5731.740
   320:     5731.980     5732.020     5732.290     5732.320     5732.360
   325:     5732.660     5732.850     5732.970     5733.210     5733.450
   330:     5733.680     5733.830     5733.900     5733.930     5734.090
   335:     5734.160     5734.630     5736.540     5736.810     5740.050
   340:     5740.840     5740.870     5741.220     5741.380     5741.420
   345:     5741.460     5741.620     5741.680     5741.870     5741.910
   350:     5742.140     5742.230     5742.470     5742.710     5742.990
   355:     5743.260     5743.500     5743.740     5744.030     5744.220
   360:     5744.450     5744.600     5744.630     5744.660     5744.880
   365:     5744.900     5745.240     5745.510     5745.770     5746.020
   370:     5746.190     5746.220     5746.400     5746.500     5746.770
   375:     5746.800     5747.040     5747.280     5747.290     5747.520
   380:     5747.810     5748.030     5748.270     5748.520     5748.750
   385:     5748.920     5748.980     5749.010     5749.180     5749.250
   390:     5749.290     5750.010     6135.790     6135.840     6225.550
   395:     6262.690     6680.270     6681.230     6681.650     6836.750
   400:     6836.840     7071.000     7071.000     7071.000     7071.010
   405:     7081.000     7081.010     7083.400     7086.510     7107.760
   410:     7108.350     7113.370     7118.250     7119.850     7120.410
   415:     7266.180     7274.070     7279.010     7279.150     7288.420
   420:     7289.990     7296.340     7296.340     7296.340     7296.350
   425:     7302.090     7302.090     7306.340     7306.350     7364.400
   430:     7365.340     7365.560     7365.640     7365.740     7373.380
   435:     7373.590     7374.830     7375.160     7379.920     7380.110
   440:     7380.280     7380.300     7402.460     7408.250     7408.430
   445:     7451.070     7451.090     7451.670     7885.430     7947.710
   450:     8021.410     8021.620     8021.720     8022.860     8026.130
   455:     8029.200     8038.720     8040.910     8044.970     8047.440
   460:     8106.970     8108.140     8545.270     8545.270     8545.270
   465:     8545.280     8555.270     8555.280     8560.460     8564.350
   470:     8578.050     8578.110     8578.150     8629.460     8629.990
   475:     8690.430     8690.520     8692.550     8697.070     8700.090
   480:     8703.970     8703.970     8703.970     8703.980     8712.290
   485:     8713.100     8713.970     8713.980     8756.050     8759.840
   490:     8783.900     8783.900     8783.900     8783.910     8793.900
   495:     8793.910     8914.490     8921.160     8921.240     8926.080
   500:     8933.370     8935.380     8950.430     8950.700     8959.720
   505:     9061.540     9062.190     9064.580     9065.980     9067.090
   510:     9069.710     9072.850     9076.800     9080.090     9080.310
   515:     9080.860     9090.990     9093.570     9096.340     9096.450
   520:     9096.990     9098.980     9109.850     9109.970     9110.120
   525:     9110.440     9186.260     9186.910     9193.340     9193.340
   530:     9193.340     9193.350     9195.140     9195.140     9203.340
   535:     9203.350     9301.900     9348.880     9348.880     9348.880
   540:     9348.890     9358.880     9358.890     9368.950     9376.510
   545:     9377.040     9377.200     9385.470     9385.980     9386.040
   550:     9387.730     9390.220     9390.350     9394.600     9395.290
   555:     9395.330     9396.440     9400.570     9400.720     9401.070
   560:     9403.470     9404.390     9407.650     9407.940     9495.670
   565:     9557.360     9559.480     9560.530     9561.510     9569.000
   570:     9569.230     9569.330     9570.250     9573.870     9574.280
   575:     9574.310     9574.760     9575.440     9579.560     9579.740
   580:     9581.150     9582.040     9582.260     9582.650     9626.580
   585:     9626.580     9626.580     9626.590     9628.200     9628.200
   590:     9636.580     9636.590     9672.180     9693.280     9695.830
   595:     9695.930     9695.950     9696.970     9714.850     9716.570
   600:     9716.990     9717.080     9717.110     9717.310     9717.640
   605:     9717.710     9729.360     9729.360     9729.360     9729.370
   610:     9731.150     9739.250     9739.360     9739.370     9742.110
   615:     9746.160     9751.200     9751.230     9754.130     9754.390
   620:     9754.860     9754.930     9755.670     9757.430     9760.560
   625:     9771.660     9779.630     9779.630     9779.630     9779.640
   630:     9785.980     9786.070     9789.630     9789.640     9812.910
   635:     9813.460     9813.510     9815.470     9846.420     9847.990
   640:     9848.020     9848.140     9858.560     9858.560     9858.560
   645:     9858.570     9860.240     9860.240     9868.560     9868.570
   650:     9892.080     9892.350     9963.280    10107.300    10197.820
   655:    10199.700    10200.510    10296.660    10314.810    10314.810
   660:    10314.810    10314.820    10317.290    10317.290    10324.810
   665:    10324.820    10355.020    10356.720    10357.220    10390.770
   670:    10439.190    10492.840    10492.840    10492.840    10492.850
   675:    10493.280    10493.280    10499.410    10499.410    10502.840
   680:    10502.850    10503.320    10503.900    10516.380    10517.380
   685:    10517.580    10518.590    10532.460    10533.000    10551.000
   690:    10551.540    10553.180    10800.010
